     ALA1Nr  *C2010 02 06.37721 10 07 23.80 +15 43 12.8          22.0 go     568
     ALA1Nr  *C2010 02 06.37973 10 07 23.69 +15 43 13.6          20.9 go     568
     ALA1Nr  *C2010 02 06.38353 10 07 23.49 +15 43 14.7          21.3 go     568
     ALA1Nr  5C2010 02 07.34868810 06 37.64 +15 47 42.3          22.2 rW     T14
     ALA1Nr  5C2010 02 07.35763910 06 37.18 +15 47 44.5                W     T14
     ALA1Nr  5C2010 02 08.33954510 05 49.83 +15 52 17.1          22.3 rW     T14
     ALA1Nr  5C2010 02 08.34207610 05 49.70 +15 52 17.9                W     T14


     ALA1Nr  5C2010 02 08.34207610 05 49.70 +15 52 17.9                W     T14
     ALA1Oj  *C2010 02 08.34208 10 06 17.25 +15 50 06.3          21.5 ro     568
