     /8014    C2020 05 30.40527 15 49 17.56 -14 20 47.9          17.0 V      H33
     /8014    C2020 05 30.41719 15 49 16.34 -14 20 35.7          17.0 V      H33
     /8014    C2020 05 30.42913 15 49 15.15 -14 20 24.0          17.0 V      H33
     /8014    C2020 06 16.69294 15 17 10.73 -07 46 00.5          19.4  q     Q68
     /8014    C2020 06 16.69440 15 17 10.83 -07 45 39.5          16.8  q     Q68
     /8014   1C2020 06 17.74672 15 14 54.24 -07 15 25.2          16.6 GV     186
     /8014   1C2020 06 17.76453 15 14 51.55 -07 14 52.3          16.4 GV     186
     /8014   1C2020 06 17.78588 15 14 48.43 -07 14 13.0          16.3 GV     186
     /8014   1C2020 06 17.80013 15 14 46.32 -07 13 46.9          16.3 GV     186
     /8014   1C2020 07 09.84231 14 05 38.47 +11 58 45.1          16.2 GV     186
     /8014   1C2020 07 09.84330 14 05 38.11 +11 58 50.6          16.3 GV     186
     /8014   1C2020 07 09.84413 14 05 37.84 +11 58 55.3          16.3 GV     186
     /8014   1C2020 07 09.84485 14 05 37.58 +11 58 59.4          16.2 GV     186
     /8014   1C2020 07 10.85856 13 59 57.90 +13 36 29.5          16.4 GV     186
     /8014   1C2020 07 10.85909 13 59 57.74 +13 36 32.7          16.4 GV     186
     /8014   1C2020 07 10.85962 13 59 57.50 +13 36 35.1          16.4 GV     186
     /8014   1C2020 07 10.86017 13 59 57.32 +13 36 39.1          16.3 GV     186
     /8014   1C2020 07 10.86070 13 59 57.11 +13 36 42.4          16.4 GV     186
     /8014   1C2020 07 10.86123 13 59 56.91 +13 36 45.8          16.4 GV     186


     /8014   1C2020 07 10.86123 13 59 56.91 +13 36 45.8          16.4 GV     186
