     /198P   KC2011 07 30.14622 01 09 40.15 +07 19 17.8          18.5 Nu     958
     /198P   KC2011 07 30.15755 01 09 40.52 +07 19 17.9          18.6 Nu     958
     /198P    C2018 12 15.89845 03 26 46.01 +21 11 06.4          17.4 NQ     Z55
     /198P    C2018 12 15.90065 03 26 46.05 +21 11 06.6          17.4 NQ     Z55
     /198P    C2018 12 15.90243 03 26 46.01 +21 11 06.0          17.2 NQ     Z55
     /198P   KC2018 12 25.88800 03 26 08.23 +21 04 38.3          17.8 Nq     160
     /198P   KC2018 12 25.89002 03 26 08.23 +21 04 38.2          17.8 Nq     160
     /198P   KC2018 12 25.89192 03 26 08.24 +21 04 38.2          17.7 Nq     160


     /198P   KC2018 12 25.89192 03 26 08.24 +21 04 38.2          17.7 Nq     160
