     AA05A09* C2014 11 22.47469 05 59 05.60 +66 24 11.0          19.9 Vu     C15
     AA05A09  C2014 11 22.48689 05 59 03.93 +66 24 06.8          20.3 Vu     C15
     AA05A09  C2014 11 22.49909 05 59 02.20 +66 24 01.1          19.3 Vu     C15
     AA05A09  C2014 11 22.51130 05 59 00.72 +66 23 55.2          19.6 Vu     C15
     AA05A09* C2014 11 25.52223 07 03 14.21 +52 10 14.0          19.7 Vu     C15
     AA05A09  C2014 11 25.53499 07 03 11.77 +52 10 08.0          19.3 Vu     C15
     AA05A09  C2014 11 25.54775 07 03 09.60 +52 10 01.8          19.8 Vu     C15
     AA05A09* C2014 12 25.65491 11 02 55.73 +17 02 33.7          18.9 Vu     C15
     AA05A09  C2014 12 25.66766 11 02 51.45 +17 02 21.3          19.3 Vu     C15
     AA05A09  C2014 12 25.68042 11 02 47.24 +17 02 08.9          19.4 Vu     C15
     AA05A09  C2021 08 29.94606 06 46 30.68 +62 02 55.3          20.3 RV     069
     AA05A09  C2021 08 29.95573 06 46 26.35 +62 03 18.3          20.3 RV     069
     AA05A09  C2021 08 29.96508 06 46 22.03 +62 03 40.5          20.0 RV     069


     AA01A09  C2021 08 29.96508 06 46 57.78 +61 49 04.6          19.9 RV     069
     AA02A09  C2021 08 29.96508 06 45 43.15 +62 07 37.2          20.0 RV     069
     AA05A09  C2021 08 29.96508 06 46 22.03 +62 03 40.5          20.0 RV     069
     AA06A09  C2021 08 29.96508 06 46 17.87 +62 04 29.4          20.0 RV     069
