     9982040* C2016 09 27.45579 02 44 49.93 +03 31 17.1          24.8 g      568
     9982040  C2016 09 27.49201 02 44 48.91 +03 31 10.8          24.7 g      568
     9982040  C2016 09 27.61246 02 44 45.47 +03 30 49.5          24.9 g      568
     9982040  C2016 09 28.50135 02 44 21.01 +03 28 12.8          25.0 g      568
     9982040  C2016 09 28.54927 02 44 19.58 +03 28 04.4          24.7 g      568
     9982040  C2016 09 29.47670 02 43 52.95 +03 25 19.4          24.5 g      568
     9982040  C2016 09 29.63378 02 43 48.10 +03 24 51.4          24.5 g      568


     9739n16  C2016 09 29.63378 02 40 10.45 +03 01 01.4          22.8 g      568
     9981002  C2016 09 29.63378 02 41 54.12 +02 54 49.8          25.1 g      568
     9981004  C2016 09 29.63378 02 43 24.59 +03 20 54.0          23.1 g      568
     9981006  C2016 09 29.63378 02 43 20.27 +03 28 35.4          23.8 g      568
     9981010  C2016 09 29.63378 02 41 21.65 +03 13 16.4          23.5 g      568
     9982040  C2016 09 29.63378 02 43 48.10 +03 24 51.4          24.5 g      568
     9982042  C2016 09 29.63378 02 43 28.64 +03 27 33.4          23.8 g      568
     9982047  C2016 09 29.63378 02 43 41.58 +03 34 04.1          24.0 g      568
