     9981006  C2016 09 27.49201 02 43 30.98 +03 29 42.0          23.9 g      568
     9981006* C2016 09 27.61246 02 43 30.37 +03 29 38.3          23.8 g      568
     9981006  C2016 09 28.50135 02 43 25.99 +03 29 10.6          23.9 g      568
     9981006  C2016 09 28.52558 02 43 25.86 +03 29 09.8          24.5 g      568
     9981006  C2016 09 28.54927 02 43 25.74 +03 29 09.1          23.9 g      568
     9981006  C2016 09 28.58477 02 43 25.56 +03 29 08.0          24.0 g      568
     9981006  C2016 09 28.63421 02 43 25.31 +03 29 06.5          24.0 g      568
     9981006  C2016 09 29.51325 02 43 20.89 +03 28 39.1          23.8 g      568
     9981006  C2016 09 29.56048 02 43 20.65 +03 28 37.7          23.7 g      568
     9981006  C2016 09 29.63378 02 43 20.27 +03 28 35.4          23.8 g      568


     9981004  C2016 09 29.63378 02 43 24.59 +03 20 54.0          23.1 g      568
     9981006  C2016 09 29.63378 02 43 20.27 +03 28 35.4          23.8 g      568
     9982040  C2016 09 29.63378 02 43 48.10 +03 24 51.4          24.5 g      568
     9982042  C2016 09 29.63378 02 43 28.64 +03 27 33.4          23.8 g      568
     9982047  C2016 09 29.63378 02 43 41.58 +03 34 04.1          24.0 g      568
