     ALA30E  *C2022 10 29.41583 03 36 02.03 +14 22 45.8          24.5        568
     ALA30E  *C2022 10 29.41935 03 36 01.86 +14 22 44.3          25.3        568
     ALA30E  *C2022 10 29.42288 03 36 01.66 +14 22 43.5          24.5        568
     ALA30E  *C2022 10 29.50791 03 35 57.58 +14 22 19.7          24.0        568
     ALA30E  *C2022 10 30.52601 03 35 10.90 +14 17 36.1          24.0        568
     ALA30E  *C2022 10 30.52955 03 35 10.72 +14 17 34.9          24.0        568
     ALA30E  *C2022 10 30.53308 03 35 10.57 +14 17 34.1          23.7        568
     ALA30E  *C2022 10 31.53946 03 34 23.36 +14 12 52.5          23.8        568
     ALA30E  *C2022 10 31.54299 03 34 23.19 +14 12 51.4          24.0        568
     ALA30E  *C2022 10 31.54652 03 34 23.01 +14 12 50.3          23.9        568


     ALA30E  *C2022 10 31.54652 03 34 23.01 +14 12 50.3          23.9        568
     ALA30J  *C2022 10 31.54652 03 34 13.23 +14 09 58.7          22.5        568
     ALA30x  *C2022 10 31.54652 03 33 41.18 +14 05 24.8          24.0        568
     ALA31j  *C2022 10 31.54652 03 31 08.80 +14 11 15.2          24.5        568
     ALA31r  *C2022 10 31.54652 03 30 56.24 +14 11 13.5          24.0        568
     ALA31t  *C2022 10 31.54652 03 31 03.69 +14 16 01.2          24.2        568
     ALA31w  *C2022 10 31.54652 03 30 42.82 +14 19 33.8          23.3        568
     ALA321  *C2022 10 31.54652 03 29 59.390+14 11 30.08                     568
     ALA32a  *C2022 10 31.55005 03 29 42.64 +13 58 04.8          24.5        568
     ALA32a  *C2022 10 31.55355 03 29 42.52 +13 58 04.2          24.2        568
     ALA32a  *C2022 10 31.55708 03 29 42.41 +13 58 03.8          24.1        568
     ALA32b  *C2022 10 31.55005 03 28 19.29 +13 56 14.4          24.6        568
     ALA32b  *C2022 10 31.55355 03 28 19.12 +13 56 13.0          24.5        568
     ALA32b  *C2022 10 31.55708 03 28 18.92 +13 56 11.2          25.0        568
     ALA32c  *C2022 10 31.55005 03 28 19.17 +14 03 31.1          23.9        568
     ALA32c  *C2022 10 31.55355 03 28 18.95 +14 03 30.3          23.9        568
     ALA32c  *C2022 10 31.55708 03 28 18.78 +14 03 29.8          24.2        568
     ALA32Q  *C2022 10 31.55005 03 30 18.09 +14 05 05.2          23.7        568
     ALA32Q  *C2022 10 31.55355 03 30 17.92 +14 05 05.2          23.8        568
     ALA32Q  *C2022 10 31.55708 03 30 17.74 +14 05 05.3          24.0        568
     ALA32R  *C2022 10 31.54652 03 30 16.95 +14 07 21.2          23.7        568
     ALA32R  *C2022 10 31.55005 03 30 16.74 +14 07 20.1          24.0        568
     ALA32R  *C2022 10 31.55355 03 30 16.57 +14 07 19.6          23.8        568
     ALA32R  *C2022 10 31.55708 03 30 16.40 +14 07 18.8          23.5        568
     ALA32T  *C2022 10 31.54652 03 29 51.40 +14 04 49.8          24.2        568
     ALA32T  *C2022 10 31.55005 03 29 51.15 +14 04 49.7          23.6        568
     ALA32T  *C2022 10 31.55355 03 29 50.96 +14 04 49.9          23.6        568
     ALA32T  *C2022 10 31.55708 03 29 50.77 +14 04 50.0          23.5        568
     ALA32u  *C2022 10 31.55005 03 29 44.44 +13 47 31.2          22.5        568
     ALA32u  *C2022 10 31.55355 03 29 44.25 +13 47 30.1          22.6        568
     ALA32u  *C2022 10 31.55708 03 29 44.05 +13 47 28.9          22.1        568
     ALA32W  *C2022 10 31.55005 03 28 24.44 +14 02 29.3          22.9        568
     ALA32W  *C2022 10 31.55355 03 28 24.22 +14 02 29.2          22.9        568
     ALA32W  *C2022 10 31.55708 03 28 23.97 +14 02 29.2          22.9        568
     ALA32X  *C2022 10 31.55005 03 28 49.09 +14 03 07.8          24.5        568
     ALA32X  *C2022 10 31.55355 03 28 48.87 +14 03 06.8          23.8        568
     ALA32X  *C2022 10 31.55708 03 28 48.69 +14 03 06.1          23.9        568
     ALA32z  *C2022 10 31.55005 03 29 19.50 +13 47 21.0          24.1        568
     ALA32z  *C2022 10 31.55355 03 29 19.32 +13 47 21.1          24.5        568
     ALA32z  *C2022 10 31.55708 03 29 19.13 +13 47 21.1          24.0        568
     ALA34I  *C2022 10 31.55005 03 28 24.24 +14 04 26.2          23.1        568
     ALA34I  *C2022 10 31.55355 03 28 24.13 +14 04 26.0          23.0        568
     ALA34I  *C2022 10 31.55708 03 28 24.03 +14 04 25.7          23.1        568
     ALA35t  *C2022 10 31.55005 03 28 29.88 +13 52 49.7          24.1        568
     ALA35t  *C2022 10 31.55355 03 28 29.72 +13 52 49.1          24.4        568
     ALA35t  *C2022 10 31.55708 03 28 29.50 +13 52 48.0          24.8        568
     ALA362  *C2022 10 31.55005 03 28 31.09 +13 48 54.3          22.9        568
     ALA362  *C2022 10 31.55355 03 28 30.92 +13 48 53.4          22.9        568
     ALA362  *C2022 10 31.55708 03 28 30.74 +13 48 52.3          22.8        568
     ALA3c3  *C2022 10 31.54652 03 34 09.87 +14 19 11.6          24.4        568
     ALA3cd  *C2022 10 31.54652 03 34 05.35 +14 10 57.5          24.9        568
     ALA3Cf  *C2022 10 31.55005 03 28 51.85 +13 51 44.3          22.5        568
     ALA3Cf  *C2022 10 31.55355 03 28 51.65 +13 51 43.9          22.5        568
     ALA3Cf  *C2022 10 31.55708 03 28 51.44 +13 51 43.4          22.5        568
     ALA3CQ  *C2022 10 31.54652 03 31 56.55 +13 46 04.7          23.2        568
     ALA3CT  *C2022 10 31.54652 03 31 24.09 +13 54 13.1          24.9        568
     ALA3dc  *C2022 10 31.54652 03 33 27.08 +14 23 44.2          24.3        568
     ALA3dZ  *C2022 10 31.54652 03 33 47.76 +14 23 53.1          25.2        568
     ALA3E3  *C2022 10 31.55005 03 28 25.98 +14 03 45.8          24.5        568
     ALA3E3  *C2022 10 31.55355 03 28 25.80 +14 03 45.2          24.6        568
     ALA3E3  *C2022 10 31.55708 03 28 25.61 +14 03 44.4          24.9        568
     ALA3eh  *C2022 10 31.54652 03 31 13.70 +14 02 05.6          23.9        568
     ALA3eH  *C2022 10 31.54652 03 33 39.64 +14 12 59.2          24.0        568
     ALA3el  *C2022 10 31.54652 03 30 58.86 +14 11 09.2          23.1        568
     ALA3em  *C2022 10 31.54652 03 31 13.73 +14 09 44.8          24.3        568
     ALA3eM  *C2022 10 31.54652 03 33 16.77 +14 11 35.9          24.4        568
     ALA3en  *C2022 10 31.54652 03 31 10.65 +14 04 20.7          25.3        568
     ALA3eq  *C2022 10 31.54652 03 30 37.91 +14 06 12.0          24.4        568
     ALA3eu  *C2022 10 31.54652 03 30 04.57 +14 04 13.3          23.8        568
     ALA3ew  *C2022 10 31.54652 03 33 51.40 +13 56 42.5          22.7        568
     ALA3f6  *C2022 10 31.54652 03 32 00.10 +13 54 14.9          24.5        568
     ALA3fB  *C2022 10 31.54652 03 31 28.26 +13 48 08.0          24.4        568
     ALA3fC  *C2022 10 31.54652 03 31 10.74 +13 53 52.6          23.6        568
     ALA3fF  *C2022 10 31.54652 03 31 01.03 +13 52 19.7          24.3        568
     ALA3fg  *C2022 10 31.54652 03 29 36.47 +14 06 41.4          24.9        568
     ALA3fG  *C2022 10 31.54652 03 30 55.82 +13 51 25.5          24.4        568
     ALA3fH  *C2022 10 31.54652 03 30 56.48 +13 57 23.0          23.5        568
     ALA3fK  *C2022 10 31.54652 03 30 42.45 +13 50 41.9          24.6        568
     ALA3fM  *C2022 10 31.54652 03 30 18.33 +13 49 38.6          25.0        568
     ALA3fP  *C2022 10 31.54652 03 34 17.86 +14 20 14.8          24.9        568
     ALA3fR  *C2022 10 31.54652 03 34 23.23 +14 24 33.5          23.7        568
     ALA3Fz  *C2022 10 31.55005 03 28 46.30 +14 02 01.3          22.9        568
     ALA3Fz  *C2022 10 31.55355 03 28 46.15 +14 02 00.8          22.9        568
     ALA3Fz  *C2022 10 31.55708 03 28 45.97 +14 02 00.0          23.1        568
     ALA3g8  *C2022 10 31.55005 03 29 17.62 +14 09 29.4          24.6        568
     ALA3g8  *C2022 10 31.55355 03 29 17.51 +14 09 28.4          24.6        568
     ALA3g8  *C2022 10 31.55708 03 29 17.38 +14 09 27.2          24.5        568
     ALA3gA  *C2022 10 31.55005 03 28 54.70 +14 06 06.2          24.2        568
     ALA3gA  *C2022 10 31.55355 03 28 54.50 +14 06 05.3          23.5        568
     ALA3gA  *C2022 10 31.55708 03 28 54.24 +14 06 04.2          24.4        568
     ALA3gu  *C2022 10 31.55005 03 28 45.74 +13 47 31.3          25.2        568
     ALA3gu  *C2022 10 31.55355 03 28 45.61 +13 47 31.1          25.2        568
     ALA3gu  *C2022 10 31.55708 03 28 45.49 +13 47 30.9          25.2        568
     ALA3gw  *C2022 10 31.55005 03 28 44.62 +13 53 38.6          24.5        568
     ALA3gw  *C2022 10 31.55355 03 28 44.39 +13 53 38.8          24.2        568
     ALA3gw  *C2022 10 31.55708 03 28 44.20 +13 53 38.9          24.6        568
     ALA3h3  *C2022 10 31.55005 03 28 20.81 +13 51 43.0          24.1        568
     ALA3h3  *C2022 10 31.55355 03 28 20.64 +13 51 42.1          24.1        568
     ALA3h3  *C2022 10 31.55708 03 28 20.42 +13 51 41.2          24.4        568
     ALA3ha  *C2022 10 31.55005 03 29 13.35 +13 39 27.8          24.2        568
     ALA3ha  *C2022 10 31.55355 03 29 13.17 +13 39 26.6          24.1        568
     ALA3ha  *C2022 10 31.55708 03 29 13.00 +13 39 25.5          24.1        568
     ALA3hb  *C2022 10 31.55005 03 29 29.05 +13 38 00.3          23.5        568
     ALA3hb  *C2022 10 31.55355 03 29 28.85 +13 37 58.6          23.6        568
     ALA3hb  *C2022 10 31.55708 03 29 28.66 +13 37 57.1          23.8        568
     ALA3he  *C2022 10 31.55005 03 28 59.80 +13 34 51.0          24.0        568
     ALA3he  *C2022 10 31.55355 03 28 59.63 +13 34 50.2          24.4        568
     ALA3he  *C2022 10 31.55708 03 28 59.49 +13 34 49.4          24.6        568
     ALA3hX  *C2022 10 31.55005 03 29 55.97 +13 34 09.9          23.7        568
     ALA3hX  *C2022 10 31.55355 03 29 55.80 +13 34 08.0          23.8        568
     ALA3hX  *C2022 10 31.55708 03 29 55.62 +13 34 05.9          23.8        568
     ALA3hY  *C2022 10 31.55005 03 29 55.87 +13 33 57.7          23.6        568
     ALA3hY  *C2022 10 31.55355 03 29 55.68 +13 33 56.9          24.0        568
     ALA3hY  *C2022 10 31.55708 03 29 55.52 +13 33 56.2          23.9        568
     ALA3hZ  *C2022 10 31.55005 03 29 12.96 +13 32 05.5          21.9        568
     ALA3hZ  *C2022 10 31.55355 03 29 12.70 +13 32 05.5          21.8        568
     ALA3hZ  *C2022 10 31.55708 03 29 12.46 +13 32 05.4          22.0        568
     ALA3iE  *C2022 10 31.55005 03 30 13.61 +13 59 04.8          23.9        568
     ALA3iE  *C2022 10 31.55355 03 30 13.46 +13 59 03.7          24.2        568
     ALA3iE  *C2022 10 31.55708 03 30 13.31 +13 59 02.8          23.8        568
     ALA3Kr  *C2022 10 31.54652 03 33 46.37 +14 03 47.3          23.1        568
     ALA3MC  #C2022 10 31.55005 03 29 32.959+13 58 05.41                     T14
     ALA3MC  #C2022 10 31.55355 03 29 32.779+13 58 00.80                     T14
     ALA3MC  #C2022 10 31.55708 03 29 32.570+13 57 56.02                     T14
     ALA3NJ  *C2022 10 31.54652 03 29 44.61 +14 02 07.5          22.3        568
     ALA3NJ  *C2022 10 31.55005 03 29 44.41 +14 02 08.7          22.3        568
     ALA3NJ  *C2022 10 31.55355 03 29 44.19 +14 02 09.5          22.2        568
     ALA3NJ  *C2022 10 31.55708 03 29 43.97 +14 02 10.6          22.3        568
     P21Bn3J  C2022 11 01.34526303 29 08.269+13 25 13.30         21.50wU     F52
     P21Bn3J  C2022 11 01.36676703 29 07.395+13 24 56.94         21.70wU     F52
     P21Bn3J  C2022 11 01.37758903 29 06.974+13 24 48.11         21.48wU     F52
