     AL2919  *C2009 02 19.50156 12 35 41.75 +08 16 06.7                o     568
     AL2919  *C2009 02 19.52475 12 35 41.57 +08 16 08.7                o     568
     AL2919  *C2009 02 22.51282 12 35 18.72 +08 21 09.7          23.4 io     568
     AL2919  *C2009 02 22.55818 12 35 18.36 +08 21 14.4          23.7 io     568
     AL2919  *C2009 02 22.61433 12 35 17.89 +08 21 20.2          23.7 go     568
     AL2919  *C2009 02 23.50641 12 35 10.78 +08 22 51.0          24.1 go     568
     AL2919  *C2009 02 23.56189 12 35 10.32 +08 22 56.6          24.3 go     568
     AL2919  *C2009 02 23.61750 12 35 09.84 +08 23 02.4          24.3 go     568


     AL2911  *C2009 02 23.61750 12 35 06.90 +08 35 03.5          23.2 go     568
     AL2912  *C2009 02 23.61750 12 34 20.53 +08 41 25.3          21.6 go     568
     AL2919  *C2009 02 23.61750 12 35 09.84 +08 23 02.4          24.3 go     568
     AL6144  *C2009 02 24.52191 12 34 24.08 +08 31 17.0          23.9 ro     568
     AL6144  *C2009 02 24.56265 12 34 22.70 +08 31 25.6          23.5 ro     568
     AL6144  *C2009 02 24.57680 12 34 22.22 +08 31 28.6          23.1 ro     568
     AL6146  *C2009 02 24.52191 12 34 33.36 +08 37 04.3          23.8 ro     568
     AL6146  *C2009 02 24.56265 12 34 31.76 +08 37 09.8          23.9 ro     568
     AL6146  *C2009 02 24.57680 12 34 31.20 +08 37 11.7          23.3 ro     568
     AL6269  *C2009 02 26.40238 12 33 36.77 +08 37 41.0          22.5 ro     568
     AL6269  *C2009 02 26.41668 12 33 36.43 +08 37 52.5          22.5 ro     568
     AL6269  *C2009 02 26.42407 12 33 36.26 +08 37 58.5          22.4 ro     568
     AL6328  *C2009 02 28.35793 12 33 41.45 +08 35 52.5          22.3 ro     568
     AL6328  *C2009 02 28.38759 12 33 40.43 +08 36 00.2          22.4 ro     568
     AL6328  *C2009 02 28.40169 12 33 39.94 +08 36 03.7          22.7 ro     568
     AL6354  *C2009 03 02.35142 12 34 17.22 +08 38 27.9          22.7 ro     568
     AL6354  *C2009 03 02.38289 12 34 16.21 +08 38 45.4          23.3 ro     568
     AL6354  *C2009 03 02.41924 12 34 15.02 +08 39 05.7          22.7 ro     568
     AL6144  *C2009 02 24.52191 12 34 24.08 +08 31 17.0          23.9 ro     568
     AL6144  *C2009 02 24.56265 12 34 22.70 +08 31 25.6          23.5 ro     568
     AL6144  *C2009 02 24.57680 12 34 22.22 +08 31 28.6          23.1 ro     568
     AL6144  *C2009 02 24.52191 12 34 24.08 +08 31 17.0          23.9 ro     568
     AL6144  *C2009 02 24.56265 12 34 22.70 +08 31 25.6          23.5 ro     568
     AL6144  *C2009 02 24.57680 12 34 22.22 +08 31 28.6          23.1 ro     568
     AL6146  *C2009 02 24.52191 12 34 33.36 +08 37 04.3          23.8 ro     568
     AL6146  *C2009 02 24.56265 12 34 31.76 +08 37 09.8          23.9 ro     568
     AL6146  *C2009 02 24.57680 12 34 31.20 +08 37 11.7          23.3 ro     568
