     AL9705  *C2008 08 27.34073 22 16 54.48 -17 45 04.8          21.7 io     568
     AL9705  *C2008 08 27.37818 22 16 52.53 -17 45 08.4          21.9 io     568
     AL9705  *C2008 08 27.41608 22 16 50.53 -17 45 12.0          22.0 io     568
     AL9705  *C2008 08 28.33628 22 16 03.87 -17 46 36.5          21.8 io     568
     AL9705  *C2008 08 28.44336 22 15 58.24 -17 46 46.2          22.4 go     568
     AL9705  *C2008 08 28.49618 22 15 55.45 -17 46 50.7          22.0 io     568
     AL9705  *C2008 08 29.33596 22 15 13.18 -17 48 03.4          22.4 io     568
     AL9705  *C2008 08 29.37360 22 15 11.21 -17 48 06.7          21.9 io     568
     AL9705  *C2008 08 29.40671 22 15 09.47 -17 48 09.6          22.0 io     568


     AL9705  *C2008 08 29.40671 22 15 09.47 -17 48 09.6          22.0 io     568
     AL9739  *C2008 08 29.40671 22 14 10.67 -17 52 52.2          22.4 io     568
     AL9778  *C2008 08 29.40671 22 15 52.64 -17 52 02.8          22.9 io     568
     AL9783  *C2008 08 29.40671 22 14 13.28 -17 53 23.2          22.2 io     568
     AL9808  *C2008 08 31.34349 22 16 05.01 -17 39 32.0          21.6 io     568
     AL9808  *C2008 08 31.35782 22 16 04.24 -17 39 37.3          21.8 io     568
     AL9808  *C2008 08 31.36727 22 16 03.78 -17 39 40.5          21.9 io     568
     AL9825  *C2008 08 30.40888 22 15 29.72 -17 50 03.4          22.0 io     568
     AL9825  *C2008 08 30.43215 22 15 28.44 -17 50 03.5          22.1 io     568
     AL9825  *C2008 08 30.45582 22 15 27.11 -17 50 03.6          21.4 io     568
     AL9827  *C2008 08 30.40888 22 15 00.83 -17 55 08.0          22.1 io     568
     AL9827  *C2008 08 30.43215 22 14 59.57 -17 55 12.3          22.1 io     568
     AL9827  *C2008 08 30.45582 22 14 58.33 -17 55 16.4          22.3 io     568
     AL9828  *C2008 08 30.40888 22 14 03.91 -17 49 59.4          21.0 io     568
     AL9828  *C2008 08 30.43215 22 14 02.75 -17 50 11.3          21.1 io     568
     AL9828  *C2008 08 30.45582 22 14 01.55 -17 50 23.6          21.1 io     568
     AL9855  *C2008 08 31.34349 22 15 56.11 -17 45 57.8          22.2 io     568
     AL9855  *C2008 08 31.35782 22 15 55.35 -17 45 59.0          22.2 io     568
     AL9855  *C2008 08 31.36727 22 15 54.82 -17 45 59.5          22.0 io     568
     AL9861  *C2008 08 31.34349 22 14 39.62 -17 50 07.2          22.0 io     568
     AL9861  *C2008 08 31.35782 22 14 38.87 -17 50 07.5          22.0 io     568
     AL9861  *C2008 08 31.36727 22 14 38.27 -17 50 07.4          21.9 io     568
     AL9870  *C2008 08 31.34349 22 15 50.49 -18 01 32.4          22.1 io     568
     AL9870  *C2008 08 31.35782 22 15 49.74 -18 01 37.5          21.6 io     568
     AL9870  *C2008 08 31.36727 22 15 49.24 -18 01 40.8          22.0 io     568
     AL9825  *C2008 08 30.40888 22 15 29.72 -17 50 03.4          22.0 io     568
     AL9825  *C2008 08 30.43215 22 15 28.44 -17 50 03.5          22.1 io     568
     AL9825  *C2008 08 30.45582 22 15 27.11 -17 50 03.6          21.4 io     568
     AL9828  *C2008 08 30.40888 22 14 03.91 -17 49 59.4          21.0 io     568
     AL9828  *C2008 08 30.43215 22 14 02.75 -17 50 11.3          21.1 io     568
     AL9828  *C2008 08 30.45582 22 14 01.55 -17 50 23.6          21.1 io     568
     AL9861  *C2008 08 31.34349 22 14 39.62 -17 50 07.2          22.0 io     568
     AL9861  *C2008 08 31.35782 22 14 38.87 -17 50 07.5          22.0 io     568
     AL9861  *C2008 08 31.36727 22 14 38.27 -17 50 07.4          21.9 io     568
     AL9864  *C2008 08 31.34349 22 13 46.00 -17 49 25.7          22.1 io     568
     AL9864  *C2008 08 31.35782 22 13 44.91 -17 49 20.5          22.3 io     568
     AL9864  *C2008 08 31.36727 22 13 44.24 -17 49 17.4          22.1 io     568
     AL9865  *C2008 08 31.34349 22 13 32.09 -17 50 41.2          22.0 io     568
     AL9865  *C2008 08 31.35782 22 13 31.29 -17 50 42.5          22.6 io     568
     AL9865  *C2008 08 31.36727 22 13 30.85 -17 50 43.2          21.9 io     568
     E72FE17 \C2008 08 31.34349 22 13 32.10 -17 50 41.4          22.0 i      568
     E72FE17 \C2008 08 31.35254 22 13 31.63 -17 50 42.1          21.9 i      568
     E72FE17 \C2008 08 31.35782 22 13 31.37 -17 50 42.5          22.9 i      568
     E72FE17 \C2008 08 31.36727 22 13 30.92 -17 50 43.1          22.5 i      568
     AL9825  *C2008 08 30.40888 22 15 29.72 -17 50 03.4          22.0 io     568
     AL9825  *C2008 08 30.43215 22 15 28.44 -17 50 03.5          22.1 io     568
     AL9825  *C2008 08 30.45582 22 15 27.11 -17 50 03.6          21.4 io     568
     AL9828  *C2008 08 30.40888 22 14 03.91 -17 49 59.4          21.0 io     568
     AL9828  *C2008 08 30.43215 22 14 02.75 -17 50 11.3          21.1 io     568
     AL9828  *C2008 08 30.45582 22 14 01.55 -17 50 23.6          21.1 io     568
     AL9861  *C2008 08 31.34349 22 14 39.62 -17 50 07.2          22.0 io     568
     AL9861  *C2008 08 31.35782 22 14 38.87 -17 50 07.5          22.0 io     568
     AL9861  *C2008 08 31.36727 22 14 38.27 -17 50 07.4          21.9 io     568
     AL9864  *C2008 08 31.34349 22 13 46.00 -17 49 25.7          22.1 io     568
     AL9864  *C2008 08 31.35782 22 13 44.91 -17 49 20.5          22.3 io     568
     AL9864  *C2008 08 31.36727 22 13 44.24 -17 49 17.4          22.1 io     568
     AL9865  *C2008 08 31.34349 22 13 32.09 -17 50 41.2          22.0 io     568
     AL9865  *C2008 08 31.35782 22 13 31.29 -17 50 42.5          22.6 io     568
     AL9865  *C2008 08 31.36727 22 13 30.85 -17 50 43.2          21.9 io     568
     E72FE17 \C2008 08 31.34349 22 13 32.10 -17 50 41.4          22.0 i      568
     E72FE17 \C2008 08 31.35254 22 13 31.63 -17 50 42.1          21.9 i      568
     E72FE17 \C2008 08 31.35782 22 13 31.37 -17 50 42.5          22.9 i      568
     E72FE17 \C2008 08 31.36727 22 13 30.92 -17 50 43.1          22.5 i      568
