     AA09A38  C2022 03 20.89740 08 49 58.34 +29 12 21.9          20.6 RV     069
     AA09A38  C2022 03 20.90087 08 49 58.43 +29 12 22.4          21.0 RV     069
     AA09A38  C2022 03 20.90434 08 49 58.58 +29 12 23.0          20.8 RV     069
     AA09A38  C2022 03 20.90831 08 49 58.74 +29 12 23.7          21.0 RV     069
     AA09A38  C2022 03 20.91178 08 49 59.03 +29 12 24.4          20.8 RV     069
     AA09A38  C2022 03 20.92220 08 49 59.48 +29 12 25.4          20.7 RV     069
     AA09A38  C2022 03 20.92567 08 49 59.64 +29 12 25.9          20.6 RV     069
     AA09A38  C2022 03 20.92914 08 49 59.81 +29 12 26.8          20.9 RV     069
     AA09A38  C2022 03 20.93262 08 49 59.89 +29 12 27.3          20.6 RV     069
     AA09A38  C2022 03 20.93609 08 50 00.07 +29 12 28.1          20.6 RV     069
     AA09A38  C2022 03 20.93956 08 50 00.22 +29 12 28.5          20.5 RV     069
     AA09A38  C2024 04 26.99405 13 41 38.85 +25 42 42.0          20.4 RV     069
     AA09A38  C2024 04 26.99822 13 41 38.98 +25 42 42.2          20.4 RV     069
     AA09A38  C2024 04 27.00238 13 41 39.15 +25 42 42.7          20.5 RV     069
     AA09A38  C2024 04 27.00655 13 41 39.31 +25 42 42.8          20.6 RV     069
     AA09A38  C2024 04 27.01488 13 41 39.62 +25 42 44.1          20.6 RV     069
     AA09A38  C2024 04 27.01905 13 41 39.70 +25 42 44.1          20.8 RV     069
     AA09A38  C2024 04 27.02322 13 41 39.83 +25 42 44.6          20.5 RV     069
     AA09A38  C2024 04 27.02738 13 41 40.00 +25 42 44.8          20.5 RV     069
     AA09A38  C2024 04 27.03155 13 41 40.17 +25 42 45.4          20.3 RV     069
     AA09A38  C2024 04 27.04021 13 41 40.44 +25 42 46.4          20.1 RV     069


     AA09A38  C2024 04 27.04021 13 41 40.44 +25 42 46.4          20.1 RV     069
