     AL5996 * C2008 09 22.29615 00 50 57.95 +05 05 55.3          20.5 Rr     683
     AL5996   C2008 09 22.30954 00 50 57.59 +05 05 57.6          20.4 Rr     683
     AL5996   C2008 09 22.32296 00 50 57.39 +05 06 02.9          20.7 Rr     683
     AL5996  *C2009 04 17.40029 12 31 54.06 +07 43 12.9          18.9 ro     568
     AL5996  *C2009 04 17.41592 12 31 53.30 +07 43 15.6          18.8 ro     568
     AL5996  *C2009 04 17.44705 12 31 51.81 +07 43 20.7          19.1 ro     568
     AL5996  *C2009 04 18.24355 12 31 17.34 +07 45 28.9          18.9 ro     568
     AL5996  *C2009 04 18.27258 12 31 16.00 +07 45 33.6          19.2 ro     568
     AL5996  *C2009 04 18.30108 12 31 14.69 +07 45 38.1          18.9 ro     568


     AL4205  *C2009 04 19.24823 12 26 34.61 +07 57 38.7          22.3 ro     568
     AL4205  *C2009 04 19.27723 12 26 33.52 +07 57 53.5          22.2 ro     568
     AL4205  *C2009 04 19.29127 12 26 33.00 +07 58 00.3          22.3 ro     568
     AL5996  *C2009 04 18.30108 12 31 14.69 +07 45 38.1          18.9 ro     568
     AL5997  *C2009 04 18.30108 12 30 58.32 +07 44 54.2          22.3 ro     568
     AL6044  *C2009 04 19.25356 12 31 42.59 +08 01 25.1          21.1 ro     568
     AL6044  *C2009 04 19.26837 12 31 41.86 +08 01 21.3          21.0 ro     568
     AL6044  *C2009 04 19.28248 12 31 41.18 +08 01 17.6          21.2 ro     568
