     AA13A22* C2014 11 25.52863 07 04 47.16 +51 51 42.3          19.5 Vu     C15
     AA13A22  C2014 11 25.54135 07 04 44.94 +51 51 29.6          19.6 Vu     C15
     AA13A22  C2014 11 25.55402 07 04 42.87 +51 51 20.3          19.6 Vu     C15
     AA13A22* C2014 12 25.64904 11 07 11.45 +18 34 28.4          19.3 Vu     C15
     AA13A22  C2014 12 25.67451 11 07 28.20 +18 41 05.7          18.3 Vu     C15
     AA13A22  C2014 12 25.68727 11 07 36.78 +18 44 22.7          18.8 Vu     C15
     AA13A22  C2021 11 12.97458 03 03 52.48 +34 45 25.1          21.5 RV     069
     AA13A22  C2021 11 12.99647 03 03 47.84 +34 44 32.8          21.8 RV     069
     AA13A22  C2021 11 13.01813 03 03 43.19 +34 43 40.3          21.6 RV     069


     AA12A22  C2021 11 13.01813 03 04 31.02 +34 38 43.5          21.5 RV     069
     AA13A22  C2021 11 13.01813 03 03 43.19 +34 43 40.3          21.6 RV     069
     AA12A24  C2021 11 15.07021 03 01 38.98 +34 27 11.9          21.1 RV     069
     AA17A24  C2021 11 15.07021 03 02 25.22 +34 31 51.5          21.2 RV     069
     AA17A24  C2021 11 15.09759 03 02 27.23 +34 31 12.6          21.2 RV     069
     AA17A24  C2021 11 15.12345 03 02 29.14 +34 30 35.8          21.1 RV     069
     AA12A24  C2021 11 15.07021 03 01 38.98 +34 27 11.9          21.1 RV     069
     AA12A24  C2021 11 15.09759 03 01 34.59 +34 27 06.9          21.0 RV     069
     AA17A24  C2021 11 15.07021 03 02 25.22 +34 31 51.5          21.2 RV     069
     AA17A24  C2021 11 15.09759 03 02 27.23 +34 31 12.6          21.2 RV     069
     AA17A24  C2021 11 15.12345 03 02 29.14 +34 30 35.8          21.1 RV     069
