     AA16A23* C2014 12 25.66223 11 09 35.43 +21 20 25.5          19.6 Vu     C15
     AA16A23  C2014 12 25.67499 11 09 43.20 +21 22 20.2          19.2 Vu     C15
     AA16A23  C2014 12 25.68774 11 09 50.95 +21 24 18.0          19.7 Vu     C15
     AA16A23  C2021 11 12.98189 03 03 03.47 +35 54 40.3          21.1 RV     069
     AA16A23  C2021 11 13.00311 03 03 07.51 +35 54 02.3          21.7 RV     069
     AA16A23  C2021 11 13.02505 03 03 11.65 +35 53 22.5          21.1 RV     069


     AA16A23  C2021 11 13.02505 03 03 11.65 +35 53 22.5          21.1 RV     069
     AA21A23  C2021 11 13.02505 03 03 07.96 +35 55 24.5          21.2 RV     069
