     ALA30h  *C2022 10 29.41583 03 37 26.60 +14 12 42.5          22.5        568
     ALA30h  *C2022 10 29.41935 03 37 26.49 +14 12 41.9          22.6        568
     ALA30h  *C2022 10 29.42288 03 37 26.39 +14 12 41.5          22.5        568
     ALA30h  *C2022 10 29.50791 03 37 23.83 +14 12 32.6          22.6        568
     ALA30h  *C2022 10 29.51142 03 37 23.72 +14 12 32.1          22.5        568
     ALA30h  *C2022 10 29.51495 03 37 23.62 +14 12 31.7          22.6        568
     ALA30h  *C2022 10 30.52601 03 36 53.80 +14 10 42.6          22.6        568
     ALA30h  *C2022 10 30.52955 03 36 53.70 +14 10 42.3          22.5        568
     ALA30h  *C2022 10 30.53308 03 36 53.59 +14 10 41.9          22.5        568
     ALA30h  *C2022 10 30.62310 03 36 50.85 +14 10 32.0          22.5        568
     ALA30h  *C2022 10 30.62663 03 36 50.75 +14 10 31.5          22.6        568
     ALA30h  *C2022 10 30.63015 03 36 50.64 +14 10 31.2          22.5        568
     ALA30h  *C2022 10 31.52874 03 36 23.82 +14 08 54.0          22.4        568
     ALA30h  *C2022 10 31.53227 03 36 23.71 +14 08 53.6          22.4        568
     ALA30h  *C2022 10 31.53580 03 36 23.60 +14 08 53.3          22.4        568


     ALA2ze  *C2022 10 31.53580 03 34 42.79 +14 27 30.4          23.9        568
     ALA2zg  *C2022 10 31.53580 03 34 10.42 +14 28 45.0          24.3        568
     ALA30b  *C2022 10 31.53580 03 35 40.94 +14 17 40.5          24.4        568
     ALA30E  *C2022 10 31.53946 03 34 23.36 +14 12 52.5          23.8        568
     ALA30E  *C2022 10 31.54299 03 34 23.19 +14 12 51.4          24.0        568
     ALA30E  *C2022 10 31.54652 03 34 23.01 +14 12 50.3          23.9        568
     ALA30h  *C2022 10 31.53580 03 36 23.60 +14 08 53.3          22.4        568
     ALA30J  *C2022 10 31.53580 03 34 13.72 +14 10 02.3          22.6        568
     ALA30J  *C2022 10 31.53946 03 34 13.53 +14 10 01.0          22.7        568
     ALA30J  *C2022 10 31.54299 03 34 13.38 +14 09 59.9          22.6        568
     ALA30J  *C2022 10 31.54652 03 34 13.23 +14 09 58.7          22.5        568
     ALA30v  *C2022 10 31.53946 03 33 16.08 +14 04 52.2          23.6        568
     ALA30v  *C2022 10 31.54299 03 33 15.88 +14 04 51.4          23.6        568
     ALA30v  *C2022 10 31.54652 03 33 15.71 +14 04 50.7          23.8        568
     ALA30W  *C2022 10 31.53946 03 32 20.66 +14 23 45.5          23.6        568
     ALA30W  *C2022 10 31.54299 03 32 20.47 +14 23 45.7          23.8        568
     ALA30W  *C2022 10 31.54652 03 32 20.29 +14 23 45.8          24.1        568
     ALA30x  *C2022 10 31.53946 03 33 41.410+14 05 25.40         25.1 g      568
     ALA30x  *C2022 10 31.54299 03 33 41.31 +14 05 25.2          24.7        568
     ALA30x  *C2022 10 31.54652 03 33 41.18 +14 05 24.8          24.0        568
     ALA30Y  *C2022 10 31.53946 03 32 21.01 +14 12 46.5          23.6        568
     ALA30Y  *C2022 10 31.54299 03 32 20.83 +14 12 45.9          23.7        568
     ALA30Y  *C2022 10 31.54652 03 32 20.64 +14 12 45.3          23.7        568
     ALA313  *C2022 10 31.53946 03 32 58.03 +13 54 38.5          22.6        568
     ALA313  *C2022 10 31.54299 03 32 57.85 +13 54 37.5          22.5        568
     ALA313  *C2022 10 31.54652 03 32 57.68 +13 54 36.6          22.5        568
     ALA31B  *C2022 10 31.53946 03 31 58.33 +14 09 02.2          24.2        568
     ALA31B  *C2022 10 31.54299 03 31 58.15 +14 09 01.2          24.5        568
     ALA31B  *C2022 10 31.54652 03 31 57.98 +14 09 00.2          24.1        568
     ALA31f  *C2022 10 31.53946 03 32 26.350+14 14 18.38                     568
     ALA31f  *C2022 10 31.54299 03 32 26.239+14 14 17.41                     568
     ALA31f  *C2022 10 31.54652 03 32 26.141+14 14 16.51                     568
     ALA32h  *C2022 10 31.53946 03 32 43.541+13 45 53.78                     568
     ALA32h  *C2022 10 31.54299 03 32 43.440+13 45 53.39                     568
     ALA32h  *C2022 10 31.54652 03 32 43.339+13 45 53.10                     568
     ALA39Y  *C2022 10 31.53580 03 34 37.64 +14 12 23.8          24.7        568
     ALA3AU  *C2022 10 31.53580 03 36 56.95 +14 18 27.0          23.8        568
     ALA3ba  *C2022 10 31.53580 03 36 29.21 +14 17 35.1          22.6        568
     ALA3bf  *C2022 10 31.53580 03 35 58.68 +14 18 54.5          24.8        568
     ALA3bh  *C2022 10 31.53580 03 34 59.42 +14 25 07.2          23.3        568
     ALA3bi  *C2022 10 31.53580 03 34 57.75 +14 23 59.5          23.1        568
     ALA3bl  *C2022 10 31.53580 03 34 59.03 +14 19 04.7          24.5        568
     ALA3bp  *C2022 10 31.53580 03 34 36.55 +14 25 10.7          23.9        568
     ALA3bU  *C2022 10 31.53580 03 37 20.68 +14 17 47.2          24.7        568
     ALA3bW  *C2022 10 31.53580 03 36 47.08 +14 24 29.7          24.7        568
     ALA3c0  *C2022 10 31.53580 03 34 03.19 +14 23 35.8          23.0        568
     ALA3c2  *C2022 10 31.53580 03 34 04.90 +14 20 05.8          23.1        568
     ALA3c3  *C2022 10 31.53580 03 34 10.45 +14 19 20.3          24.7        568
     ALA3c3  *C2022 10 31.53946 03 34 10.23 +14 19 17.3          24.3        568
     ALA3c3  *C2022 10 31.54299 03 34 10.04 +14 19 14.4          24.2        568
     ALA3c3  *C2022 10 31.54652 03 34 09.87 +14 19 11.6          24.4        568
     ALA3c5  *C2022 10 31.53580 03 34 08.38 +14 27 25.2          24.5        568
     ALA3cC  *C2022 10 31.53580 03 37 28.70 +14 01 32.2          24.0        568
     ALA3cd  *C2022 10 31.53580 03 34 05.94 +14 10 59.7          24.7        568
     ALA3cd  *C2022 10 31.53946 03 34 05.72 +14 10 58.8          24.5        568
     ALA3cd  *C2022 10 31.54299 03 34 05.56 +14 10 58.1          24.7        568
     ALA3cd  *C2022 10 31.54652 03 34 05.35 +14 10 57.5          24.9        568
     ALA3ce  *C2022 10 31.53580 03 34 07.94 +14 05 16.8          24.5        568
     ALA3cH  *C2022 10 31.53580 03 36 51.31 +14 12 36.2          24.0        568
     ALA3cI  *C2022 10 31.53580 03 37 01.15 +14 11 26.3          24.2        568
     ALA3cK  *C2022 10 31.53580 03 36 53.58 +14 02 16.0          24.1        568
     ALA3cM  *C2022 10 31.53580 03 36 24.88 +14 08 49.2          24.9        568
     ALA3cN  *C2022 10 31.53580 03 36 32.21 +14 07 49.8          25.0        568
     ALA3cO  *C2022 10 31.53580 03 36 23.66 +14 04 31.6          23.9        568
     ALA3cP  *C2022 10 31.53580 03 36 30.38 +14 03 50.0          23.5        568
     ALA3cs  *C2022 10 31.53580 03 33 40.90 +14 17 07.9          24.5        568
     ALA3cS  *C2022 10 31.53580 03 36 07.26 +14 10 44.9          24.1        568
     ALA3ct  *C2022 10 31.53580 03 33 36.93 +14 27 03.9          23.4        568
     ALA3cu  *C2022 10 31.53580 03 33 44.73 +14 22 00.1          24.7        568
     ALA3cv  *C2022 10 31.53580 03 33 35.49 +14 27 42.8          24.6        568
     ALA3cW  *C2022 10 31.53580 03 35 24.53 +14 02 47.0          23.2        568
     ALA3cY  *C2022 10 31.53580 03 35 07.68 +14 05 42.8          24.7        568
     ALA3cZ  *C2022 10 31.53580 03 35 04.74 +14 09 14.5          25.1        568
     ALA3dc  *C2022 10 31.53946 03 33 27.48 +14 23 43.8          23.8        568
     ALA3dc  *C2022 10 31.54299 03 33 27.27 +14 23 44.1          24.0        568
     ALA3dc  *C2022 10 31.54652 03 33 27.08 +14 23 44.2          24.3        568
     ALA3df  *C2022 10 31.53946 03 32 56.44 +14 19 15.0          23.7        568
     ALA3df  *C2022 10 31.54299 03 32 56.32 +14 19 14.1          23.6        568
     ALA3df  *C2022 10 31.54652 03 32 56.22 +14 19 13.4          23.6        568
     ALA3dg  *C2022 10 31.53946 03 33 00.63 +14 23 56.2          23.0        568
     ALA3dg  *C2022 10 31.54299 03 33 00.40 +14 23 55.4          23.0        568
     ALA3dg  *C2022 10 31.54652 03 33 00.18 +14 23 54.6          23.0        568
     ALA3dj  *C2022 10 31.53946 03 32 54.89 +14 24 51.8          23.6        568
     ALA3dj  *C2022 10 31.54299 03 32 54.74 +14 24 50.6          23.3        568
     ALA3dj  *C2022 10 31.54652 03 32 54.60 +14 24 49.3          23.7        568
     ALA3dl  *C2022 10 31.53946 03 32 57.38 +14 16 21.3          24.0        568
     ALA3dl  *C2022 10 31.54299 03 32 57.28 +14 16 20.8          23.8        568
     ALA3dl  *C2022 10 31.54652 03 32 57.17 +14 16 20.3          24.3        568
     ALA3dm  *C2022 10 31.53946 03 32 31.38 +14 19 54.4          24.4        568
     ALA3dm  *C2022 10 31.54299 03 32 31.27 +14 19 54.0          24.1        568
     ALA3dm  *C2022 10 31.54652 03 32 31.16 +14 19 53.7          24.2        568
     ALA3dn  *C2022 10 31.53946 03 32 18.86 +14 22 48.0          24.7        568
     ALA3dn  *C2022 10 31.54299 03 32 18.76 +14 22 47.9          24.7        568
     ALA3dn  *C2022 10 31.54652 03 32 18.62 +14 22 47.6          24.8        568
     ALA3dZ  *C2022 10 31.53946 03 33 48.13 +14 23 52.5          25.2        568
     ALA3dZ  *C2022 10 31.54299 03 33 47.97 +14 23 52.7          25.5        568
     ALA3dZ  *C2022 10 31.54652 03 33 47.76 +14 23 53.1          25.2        568
     ALA3eH  *C2022 10 31.53946 03 33 40.07 +14 13 01.5          24.4        568
     ALA3eH  *C2022 10 31.54299 03 33 39.85 +14 13 00.2          25.0        568
     ALA3eH  *C2022 10 31.54652 03 33 39.64 +14 12 59.2          24.0        568
     ALA3eM  *C2022 10 31.53946 03 33 17.23 +14 11 34.2          24.8        568
     ALA3eM  *C2022 10 31.54299 03 33 16.97 +14 11 35.1          24.3        568
     ALA3eM  *C2022 10 31.54652 03 33 16.77 +14 11 35.9          24.4        568
     ALA3eR  *C2022 10 31.53946 03 33 01.58 +14 12 10.5          24.6        568
     ALA3eR  *C2022 10 31.54299 03 33 01.40 +14 12 08.6          24.6        568
     ALA3eR  *C2022 10 31.54652 03 33 01.23 +14 12 06.9          24.5        568
     ALA3eT  *C2022 10 31.53946 03 32 50.30 +14 05 02.3          25.4        568
     ALA3eT  *C2022 10 31.54299 03 32 50.18 +14 05 02.1          25.1        568
     ALA3eT  *C2022 10 31.54652 03 32 50.09 +14 05 01.8          25.1        568
     ALA3ev  *C2022 10 31.53946 03 33 39.56 +13 52 24.7          23.4        568
     ALA3ev  *C2022 10 31.54299 03 33 39.41 +13 52 23.8          23.2        568
     ALA3ev  *C2022 10 31.54652 03 33 39.26 +13 52 23.0          23.5        568
     ALA3ew  *C2022 10 31.53946 03 33 51.77 +13 56 42.4          22.5        568
     ALA3ew  *C2022 10 31.54299 03 33 51.58 +13 56 42.4          22.6        568
     ALA3ew  *C2022 10 31.54652 03 33 51.40 +13 56 42.5          22.7        568
     ALA3ex  *C2022 10 31.53946 03 33 11.72 +13 46 44.9          22.4        568
     ALA3ex  *C2022 10 31.54299 03 33 11.50 +13 46 45.1          22.4        568
     ALA3ex  *C2022 10 31.54652 03 33 11.29 +13 46 45.0          22.4        568
     ALA3eX  *C2022 10 31.53946 03 31 56.61 +14 13 04.7          24.0        568
     ALA3eX  *C2022 10 31.54299 03 31 56.47 +14 13 03.4          24.5        568
     ALA3eX  *C2022 10 31.54652 03 31 56.31 +14 13 02.0          24.7        568
     ALA3ey  *C2022 10 31.53946 03 32 51.37 +13 55 36.8          23.8        568
     ALA3ey  *C2022 10 31.54299 03 32 51.17 +13 55 36.4          24.0        568
     ALA3ey  *C2022 10 31.54652 03 32 50.96 +13 55 36.2          24.5        568
     ALA3eZ  *C2022 10 31.53946 03 32 04.51 +14 07 53.7          24.4        568
     ALA3eZ  *C2022 10 31.54299 03 32 04.24 +14 07 52.9          24.3        568
     ALA3eZ  *C2022 10 31.54652 03 32 03.96 +14 07 51.9          24.9        568
     ALA3f1  *C2022 10 31.53946 03 32 51.26 +13 51 48.7          24.6        568
     ALA3f1  *C2022 10 31.54299 03 32 51.08 +13 51 48.0          24.0        568
     ALA3f1  *C2022 10 31.54652 03 32 50.94 +13 51 47.3          24.3        568
     ALA3f2  *C2022 10 31.53946 03 33 00.61 +13 49 34.9          24.8        568
     ALA3f2  *C2022 10 31.54299 03 33 00.50 +13 49 34.4          24.4        568
     ALA3f2  *C2022 10 31.54652 03 33 00.39 +13 49 33.7          24.8        568
     ALA3fP  *C2022 10 31.53946 03 34 18.25 +14 20 17.5          24.9        568
     ALA3fP  *C2022 10 31.54299 03 34 18.07 +14 20 16.3          24.4        568
     ALA3fP  *C2022 10 31.54652 03 34 17.86 +14 20 14.8          24.9        568
     ALA3fR  *C2022 10 31.53946 03 34 23.56 +14 24 35.6          24.6        568
     ALA3fR  *C2022 10 31.54299 03 34 23.38 +14 24 34.4          24.1        568
     ALA3fR  *C2022 10 31.54652 03 34 23.23 +14 24 33.5          23.7        568
     ALA3K3  *C2022 10 31.53580 03 36 56.68 +14 22 24.8          23.7        568
     ALA3KC  *C2022 10 31.53580 03 35 04.91 +14 21 57.4          24.1        568
     ALA3Kd  *C2022 10 31.53580 03 35 37.18 +14 04 16.9          23.1        568
     ALA3KF  *C2022 10 31.53580 03 34 44.84 +14 21 43.9          23.7        568
     ALA3KH  *C2022 10 31.53580 03 34 38.89 +14 28 35.3          22.1        568
     ALA3Kr  *C2022 10 31.53946 03 33 46.83 +14 03 48.8          23.1        568
     ALA3Kr  *C2022 10 31.54299 03 33 46.59 +14 03 48.0          23.4        568
     ALA3Kr  *C2022 10 31.54652 03 33 46.37 +14 03 47.3          23.1        568
     ALA3MM  *C2022 10 31.53946 03 32 56.15 +14 10 36.6          24.0        568
     ALA3MM  *C2022 10 31.54299 03 32 55.99 +14 10 36.1          24.0        568
     ALA3MM  *C2022 10 31.54652 03 32 55.79 +14 10 35.4          23.8        568
     ALA3MQ  *C2022 10 31.53946 03 32 48.52 +14 11 16.6          23.8        568
     ALA3MQ  *C2022 10 31.54299 03 32 48.39 +14 11 16.0          23.7        568
     ALA3MQ  *C2022 10 31.54652 03 32 48.27 +14 11 15.5          23.6        568
     ALA3Td  *C2022 10 31.53580 03 35 13.77 +14 17 36.0          23.4        568
     ALA3Tl  *C2022 10 31.53580 03 34 01.48 +14 23 51.1          22.7        568
     ALA3Tq   C2022 10 31.53580 03 35 14.681+14 17 18.82                     T14
     ALA3Tw  *C2022 10 31.53580 03 36 35.60 +14 02 21.9          23.8        568
     ALA3ua  *C2022 10 31.53580 03 34 05.119+14 24 27.11         24.1 g      568
     ALA30E  *C2022 10 31.53946 03 34 23.36 +14 12 52.5          23.8        568
     ALA30E  *C2022 10 31.54299 03 34 23.19 +14 12 51.4          24.0        568
     ALA30E  *C2022 10 31.54652 03 34 23.01 +14 12 50.3          23.9        568
     ALA30J  *C2022 10 31.53946 03 34 13.53 +14 10 01.0          22.7        568
     ALA30J  *C2022 10 31.54299 03 34 13.38 +14 09 59.9          22.6        568
     ALA30J  *C2022 10 31.54652 03 34 13.23 +14 09 58.7          22.5        568
     ALA3cd  *C2022 10 31.53946 03 34 05.72 +14 10 58.8          24.5        568
     ALA3cd  *C2022 10 31.54299 03 34 05.56 +14 10 58.1          24.7        568
     ALA3cd  *C2022 10 31.54652 03 34 05.35 +14 10 57.5          24.9        568
