     AL4586 * C2008 09 02.36232 01 07 40.93 +04 50 27.6          19.6 Rr     683
     AL4586   C2008 09 02.37573 01 07 40.78 +04 50 23.7          20.3 Rr     683
     AL4586   C2008 09 02.38915 01 07 40.63 +04 50 15.8          20.3 Rr     683
     AL4586  *C2009 04 17.38002 12 30 52.16 +13 03 02.7          21.3 ro     568
     AL4586  *C2009 04 17.41203 12 30 50.67 +13 03 03.7          20.9 ro     568
     AL4586  *C2009 04 17.44262 12 30 49.24 +13 03 04.8          21.2 ro     568
     AL4586  *C2009 04 18.25348 12 30 13.07 +13 03 29.1          21.2 ro     568
     AL4586  *C2009 04 18.28313 12 30 11.72 +13 03 30.0          21.4 ro     568
     AL4586  *C2009 04 18.31155 12 30 10.42 +13 03 30.9          21.1 ro     568


     AL3384  *C2009 04 19.26046 12 25 26.59 +13 14 16.2          23.2 ro     568
     AL3384  *C2009 04 19.27466 12 25 26.04 +13 14 30.5          22.6 ro     568
     AL3384  *C2009 04 19.28869 12 25 25.52 +13 14 45.0          22.3 ro     568
     AL4586  *C2009 04 18.31155 12 30 10.42 +13 03 30.9          21.1 ro     568
     AL4642  *C2009 04 19.24953 12 30 50.98 +13 05 34.9          22.5 ro     568
     AL4642  *C2009 04 19.27853 12 30 49.70 +13 05 32.5          22.2 ro     568
     AL4642  *C2009 04 19.29264 12 30 49.08 +13 05 31.4          22.5 ro     568
     AL4679  *C2009 04 22.28935 12 29 03.55 +12 58 34.6          22.7 ro     568
     AL4679  *C2009 04 22.31790 12 29 02.51 +12 58 34.2          23.2 ro     568
     AL4679  *C2009 04 22.33228 12 29 01.99 +12 58 34.1          22.7 ro     568
     AL3380  *C2009 04 19.26046 12 28 35.92 +13 05 36.1          22.1 ro     568
     AL3380  *C2009 04 19.27466 12 28 35.43 +13 05 39.6          22.8 ro     568
     AL3380  *C2009 04 19.28869 12 28 34.95 +13 05 42.9          22.7 ro     568
     AL4679  *C2009 04 22.28935 12 29 03.55 +12 58 34.6          22.7 ro     568
     AL4679  *C2009 04 22.31790 12 29 02.51 +12 58 34.2          23.2 ro     568
     AL4679  *C2009 04 22.33228 12 29 01.99 +12 58 34.1          22.7 ro     568
     AL3380  *C2009 04 19.26046 12 28 35.92 +13 05 36.1          22.1 ro     568
     AL3380  *C2009 04 19.27466 12 28 35.43 +13 05 39.6          22.8 ro     568
     AL3380  *C2009 04 19.28869 12 28 34.95 +13 05 42.9          22.7 ro     568
