     AA11Q20* C2014 01 05.55245 08 27 59.69 +26 26 21.4          18.2 Vu     C15
     AA11Q20  C2014 01 05.56257 08 27 58.97 +26 26 18.0          18.3 Vu     C15
     AA11Q20  C2014 01 05.58281 08 27 57.47 +26 26 08.9          18.1 Vu     C15
     AA11Q20* C2014 01 30.52084 10 09 42.33 +31 54 39.4          19.1 Vu     C15
     AA11Q20  C2014 01 30.54041 10 09 39.64 +31 54 32.1          19.0 Vu     C15
     AA11Q20  C2014 01 30.55019 10 09 38.32 +31 54 29.1          18.9 Vu     C15
     AA11Q20* C2014 02 05.63779 12 11 56.41 -01 28 19.2          19.4 Vu     C15
     AA11Q20  C2014 02 05.64792 12 11 54.84 -01 28 21.4          19.5 Vu     C15
     AA11Q20  C2014 02 05.65804 12 11 53.51 -01 28 25.8          19.6 Vu     C15


     AA11Q20  C2014 02 05.65804 12 11 53.51 -01 28 25.8          19.6 Vu     C15
     AA15Q20  C2014 02 05.65804 12 11 34.52 -01 37 05.0          19.9 Vu     C15
     VC10FBB* C2014 02 09.46255 12 01 38.99 -01 55 13.1          21.0 Vq     703
     VC10FBB  C2014 02 09.47959 12 01 38.93 -01 55 06.3          19.8 Vq     703
     VC10FBB  C2014 02 09.48561 12 01 38.96 -01 55 02.9          20.5 Vq     703
