     AL8015  FC2001 12 08.87836 04 15 47.95 +00 55 04.5          20.8 V      209
     AL8015  FC2001 12 08.92218 04 15 50.20 +00 55 14.3          21.2 V      209
     AL8015  FC2001 12 08.96779 04 15 52.49 +00 55 25.8          20.4 V      209
     AL8015  *C2009 05 14.36100 12 22 59.92 +12 38 11.0          22.1 io     568
     AL8015  *C2009 05 14.40544 12 22 58.95 +12 37 57.8          22.1 io     568
     AL8015  *C2009 05 14.44445 12 22 58.11 +12 37 46.3          22.2 io     568
     AL8015  *C2009 05 15.26962 12 22 41.79 +12 33 42.6          23.0 go     568
     AL8015  *C2009 05 15.33714 12 22 40.39 +12 33 22.5          22.5 io     568
     AL8015  *C2009 05 15.43758 12 22 38.32 +12 32 52.0          22.1 io     568


     AL7490  *C2009 05 22.29100 12 21 54.66 +12 22 36.7          24.2 go     568
     AL7490  *C2009 05 22.34694 12 21 54.60 +12 22 31.5          24.5 go     568
     AL7490  *C2009 05 22.40285 12 21 54.56 +12 22 26.0          24.2 go     568
     AL7502  *C2009 05 22.29100 12 21 45.85 +12 04 35.7          23.7 go     568
     AL7502  *C2009 05 22.34694 12 21 46.24 +12 04 11.2          23.9 go     568
     AL7502  *C2009 05 22.40285 12 21 46.65 +12 03 46.6          23.8 go     568
     AL7506  *C2009 05 22.29100 12 20 49.33 +12 12 16.3          22.4 go     568
     AL7506  *C2009 05 22.34694 12 20 48.50 +12 11 53.1          23.5 go     568
     AL7506  *C2009 05 22.40285 12 20 47.67 +12 11 29.2          23.4 go     568
     AL7508  *C2009 05 22.29100 12 20 22.38 +12 03 09.3          23.6 go     568
     AL7508  *C2009 05 22.34694 12 20 21.31 +12 04 03.4          24.5 go     568
     AL7508  *C2009 05 22.40285 12 20 20.22 +12 04 56.2          23.2 go     568
     AL7514  *C2009 05 22.29100 12 20 35.66 +11 56 36.4          23.4 go     568
     AL7514  *C2009 05 22.34694 12 20 35.60 +11 56 26.5          23.2 go     568
     AL7514  *C2009 05 22.40285 12 20 35.56 +11 56 16.4          23.1 go     568
     AL7515  *C2009 05 22.29100 12 20 26.77 +11 58 46.9          23.8 go     568
     AL7515  *C2009 05 22.34694 12 20 26.65 +11 58 33.6          24.2 go     568
     AL7515  *C2009 05 22.40285 12 20 26.55 +11 58 20.7          24.1 go     568
     AL7517  *C2009 05 22.29100 12 20 03.27 +11 55 33.5          23.1 go     568
     AL7517  *C2009 05 22.34694 12 20 03.69 +11 55 22.1          23.0 go     568
     AL7517  *C2009 05 22.40285 12 20 04.12 +11 55 10.3          23.1 go     568
     AL7967  *C2009 05 22.29911 12 23 26.05 +12 26 04.9          23.9 go     568
     AL7967  *C2009 05 22.35486 12 23 25.80 +12 25 55.6          23.7 go     568
     AL7967  *C2009 05 22.41099 12 23 25.57 +12 25 46.2          23.7 go     568
     AL8015  *C2009 05 15.43758 12 22 38.32 +12 32 52.0          22.1 io     568
     AL7490  *C2009 05 22.29100 12 21 54.66 +12 22 36.7          24.2 go     568
     AL7490  *C2009 05 22.34694 12 21 54.60 +12 22 31.5          24.5 go     568
     AL7490  *C2009 05 22.40285 12 21 54.56 +12 22 26.0          24.2 go     568
     AL7506  *C2009 05 22.29100 12 20 49.33 +12 12 16.3          22.4 go     568
     AL7506  *C2009 05 22.34694 12 20 48.50 +12 11 53.1          23.5 go     568
     AL7506  *C2009 05 22.40285 12 20 47.67 +12 11 29.2          23.4 go     568
     AL7490  *C2009 05 22.29100 12 21 54.66 +12 22 36.7          24.2 go     568
     AL7490  *C2009 05 22.34694 12 21 54.60 +12 22 31.5          24.5 go     568
     AL7490  *C2009 05 22.40285 12 21 54.56 +12 22 26.0          24.2 go     568
     AL7506  *C2009 05 22.29100 12 20 49.33 +12 12 16.3          22.4 go     568
     AL7506  *C2009 05 22.34694 12 20 48.50 +12 11 53.1          23.5 go     568
     AL7506  *C2009 05 22.40285 12 20 47.67 +12 11 29.2          23.4 go     568
