     AA09A22* C2014 12 25.64904 11 09 07.13 +19 07 25.0          18.1 Vu     C15
     AA09A22  C2014 12 25.66176 11 08 53.57 +19 09 36.9          18.4 Vu     C15
     AA09A22  C2014 12 25.68727 11 08 25.91 +19 14 04.1          19.0 Vu     C15
     AA09A22  C2021 11 12.97458 03 04 56.85 +34 40 51.2          21.2 RV     069
     AA09A22  C2021 11 12.99647 03 04 56.90 +34 40 50.8          21.4 RV     069
     AA09A22  C2021 11 13.01813 03 04 57.05 +34 40 50.5          21.3 RV     069


     AA09A22  C2021 11 13.01813 03 04 57.05 +34 40 50.5          21.3 RV     069
     AA12A22  C2021 11 13.01813 03 04 31.02 +34 38 43.5          21.5 RV     069
     AA33A26  C2021 11 15.13750 03 05 45.61 +34 16 32.2          21.2 RV     069
