     AA05A14* C2014 11 22.49028 06 17 12.24 +52 34 59.9          19.7 Vu     C15
     AA05A14  C2014 11 22.50249 06 17 09.55 +52 34 56.4          20.0 Vu     C15
     AA05A14  C2014 11 22.51475 06 17 07.16 +52 34 53.1          20.0 Vu     C15
     AA05A14  C2018 02 19.58168 07 25 32.42 +22 15 02.7          19.8 Rq     C48
     AA05A14  C2018 02 19.59030 07 25 32.39 +22 15 03.1          19.3 Rq     C48
     AA05A14  C2018 02 19.59892 07 25 32.38 +22 15 03.1          19.5 Rq     C48
     AA05A14  C2018 02 19.60756 07 25 32.36 +22 15 03.4          19.9 Rq     C48
     AA05A14  C2018 02 19.61617 07 25 32.34 +22 15 03.9          20.0 Rq     C48
     AA05A14  C2022 03 15.79500 12 51 13.64 +25 55 33.2          19.5 RV     069
     AA05A14  C2022 03 15.80010 12 51 13.59 +25 55 33.8          19.6 RV     069
     AA05A14  C2022 03 15.81053 12 51 13.62 +25 55 34.9          19.4 RV     069
     AA05A14  C2022 03 15.81400 12 51 13.61 +25 55 34.8          19.8 RV     069
     AA05A14  C2022 03 15.81748 12 51 13.56 +25 55 34.8          19.9 RV     069
     AA05A14  C2022 03 15.82095 12 51 13.52 +25 55 34.7          19.8 RV     069
     AA05A14  C2022 03 15.82789 12 51 13.59 +25 55 34.7          19.8 RV     069
     AA05A14  C2022 03 15.83137 12 51 13.53 +25 55 34.9          19.7 RV     069


     AA05A14  C2022 03 15.83137 12 51 13.53 +25 55 34.9          19.7 RV     069
     AA07A14  C2022 03 15.83137 12 51 25.12 +25 58 32.9          19.9 RV     069
