     AA11A37* C2014 11 25.55921 07 21 17.58 +50 47 42.4          19.9 Vu     C15
     AA11A37  C2014 11 25.57163 07 21 15.68 +50 47 31.0          20.5 Vu     C15
     AA11A37  C2014 11 25.58429 07 21 13.54 +50 47 21.7          20.6 Vu     C15
     AA11A37  C2022 03 24.97628 13 12 55.10 +34 22 13.8          21.2 RV     069
     AA11A37  C2022 03 24.97988 13 12 55.37 +34 22 13.2          21.4 RV     069
     AA11A37  C2022 03 24.98336 13 12 55.56 +34 22 13.4          21.3 RV     069
     AA11A37  C2022 03 24.99030 13 12 55.91 +34 22 13.1          21.3 RV     069
     AA11A37  C2022 03 24.99377 13 12 56.07 +34 22 12.8          20.8 RV     069
     AA11A37  C2022 03 24.99725 13 12 56.25 +34 22 12.9          21.4 RV     069
     AA11A37  C2022 03 25.00072 13 12 56.41 +34 22 12.9          21.2 RV     069


     AA11A37  C2022 03 25.00072 13 12 56.41 +34 22 12.9          21.2 RV     069
