     AA03A12* C2016 09 27.60749 23 32 41.91 +14 25 49.9          24.7  q     C48
     AA03A12  C2016 09 27.61374 23 32 41.66 +14 25 46.5          24.7  q     C48
     AA03A12  C2016 09 27.62646 23 32 41.15 +14 25 40.1          24.2  q     C48
     AA03A12  C2016 09 27.63273 23 32 40.91 +14 25 36.5          24.5  q     C48
     AA03A12  C2021 08 29.90682 06 52 54.85 +60 48 12.0          19.9 RV     069
     AA03A12  C2021 08 29.92603 06 53 03.82 +60 48 09.0          19.9 RV     069
     AA03A12  C2021 08 29.93617 06 53 08.58 +60 48 08.3          20.3 RV     069
     AA03A12  C2022 03 14.92689 12 49 59.08 +25 52 54.5          20.5 RV     069
     AA03A12  C2022 03 14.93383 12 49 59.06 +25 52 54.6          20.7 RV     069
     AA03A12  C2022 03 14.93730 12 49 59.05 +25 52 54.8          20.7 RV     069
     AA03A12  C2022 03 14.94078 12 49 59.04 +25 52 54.6          20.9 RV     069
     AA03A12  C2022 03 14.94425 12 49 59.03 +25 52 55.1          20.6 RV     069
     AA03A12  C2022 03 14.96686 12 49 58.99 +25 52 55.1          20.9 RV     069


     AA03A12  C2022 03 14.96686 12 49 58.99 +25 52 55.1          20.9 RV     069
