     AA17A23* C2014 12 25.66223 11 13 13.24 +21 14 05.1          19.8 Vu     C15
     AA17A23  C2014 12 25.67499 11 13 20.90 +21 10 18.3          19.6 Vu     C15
     AA17A23  C2014 12 25.68774 11 13 28.46 +21 06 29.5          19.2 Vu     C15
     AA17A23  C2021 11 12.98189 03 02 08.46 +36 08 46.2          21.8 RV     069
     AA17A23  C2021 11 13.00311 03 02 02.51 +36 09 24.5          21.5 RV     069
     AA17A23  C2021 11 13.02505 03 01 56.27 +36 10 04.7          21.0 RV     069


     AA17A23  C2021 11 13.02505 03 01 56.27 +36 10 04.7          21.0 RV     069
     AA19A23  C2021 11 13.02505 03 02 17.42 +36 16 50.1          21.2 RV     069
