     AL2662  *C2009 01 31.43678 12 04 56.39 +27 12 34.3          24.8 go     568
     AL2662  *C2009 01 31.45260 12 04 56.34 +27 12 35.1          24.6 go     568
     AL2662  *C2009 01 31.46843 12 04 56.29 +27 12 35.7          24.4 go     568
     AL2662  *C2009 02 02.42857 12 04 51.15 +27 14 01.5          23.8 ro     568
     AL2662  *C2009 02 02.44561 12 04 51.10 +27 14 02.1          23.9 ro     568
     AL2662  *C2009 02 02.47118 12 04 51.04 +27 14 03.4          23.8 ro     568
     AL2662  *C2009 02 18.46966 12 03 59.60 +27 25 22.2          23.6 io     568
     AL2662  *C2009 02 18.50942 12 03 59.44 +27 25 23.8          23.5 io     568
     AL2662  *C2009 02 18.57722 12 03 59.19 +27 25 26.5                o     568


     AL2662  *C2009 02 18.57722 12 03 59.19 +27 25 26.5                o     568
