     AA44A03* C2014 12 08.40588 22 03 21.89 -03 58 02.6          19.8 Vu     C15
     AA44A03  C2014 12 08.41847 22 03 20.08 -03 57 52.1          18.8 Vu     C15
     AA44A03  C2014 12 08.43111 22 03 18.08 -03 57 39.5          19.3 Vu     C15
     AA44A03  C2021 09 15.94753 00 36 32.89 +13 51 09.9          21.9 RV     069
     AA44A03  C2021 09 15.97721 00 36 37.26 +13 52 12.0          21.4 RV     069
     AA44A03  C2021 09 16.00652 00 36 41.50 +13 53 14.0          21.8 RV     069


     AA10A03  C2021 09 16.00652 00 36 28.15 +13 59 28.4          21.0 RV     069
     AA20A03  C2021 09 16.00652 00 37 01.55 +13 55 40.7          21.3 RV     069
     AA21A03  C2021 09 16.00652 00 37 30.44 +13 50 11.7          21.3 RV     069
     AA36A03  C2021 09 16.00652 00 36 36.76 +14 08 15.6          21.3 RV     069
     AA40A03  C2021 09 16.00652 00 36 56.80 +13 55 04.6          21.8 RV     069
     AA44A03  C2021 09 16.00652 00 36 41.50 +13 53 14.0          21.8 RV     069
     AA46A03  C2021 09 16.00652 00 37 28.87 +13 42 21.5          22.0 RV     069
     CE2142A  C2021 09 16.00652 00 36 45.80 +14 07 08.0          21.9 Ro     069
     CE2174F  C2021 09 16.00652 00 37 41.40 +13 57 42.2          21.5 Ro     069
     CE21751  C2021 09 16.00652 00 37 05.13 +13 59 59.6          21.6 Ro     069
