     9497031*NC2016 09 27.44254 02 45 33.19 +00 42 07.9          24.5 g      568
     9497031 NC2016 09 27.51483 02 45 32.90 +00 42 06.1          24.8 g      568
     9497031 NC2016 09 27.56211 02 45 32.71 +00 42 04.8          24.7 g      568
     9497031 NC2016 09 28.45155 02 45 29.22 +00 41 41.8          24.7 g      568
     9497031 NC2016 09 28.48908 02 45 29.06 +00 41 40.8          24.6 g      568
     9497031 NC2016 09 28.62207 02 45 28.52 +00 41 37.3          24.6 g      568
     9497031 NC2016 09 29.50106 02 45 25.01 +00 41 14.6          24.9 g      568
     9497031 NC2016 09 29.52367 02 45 24.91 +00 41 14.0          24.6 g      568
     9497031 NC2016 09 29.54877 02 45 24.81 +00 41 13.3          24.5 g      568
     9497031 NC2016 09 29.58304 02 45 24.67 +00 41 12.5          24.8 g      568


     9497031 NC2016 09 29.58304 02 45 24.67 +00 41 12.5          24.8 g      568
     9497034 NC2016 09 29.58304 02 43 58.56 +00 35 37.3          24.4 g      568
     9497035 NC2016 09 29.58304 02 44 18.92 +00 41 12.8          24.3 g      568
     9497036 NC2016 09 29.62165 02 45 51.91 +00 50 03.4          22.6 g      568
     9497048 NC2016 09 29.58304 02 44 01.42 +00 44 22.6          24.4 g      568
