     9497028* C2016 09 27.44254 02 44 54.27 +00 25 12.6          24.2 g      568
     9497028  C2016 09 27.56211 02 44 50.67 +00 24 49.8          24.1 g      568
     9497028  C2016 09 28.45155 02 44 25.01 +00 21 58.9          24.1 g      568
     9497028  C2016 09 28.57123 02 44 21.25 +00 21 35.9          24.3 g      568
     9497028  C2016 09 29.46321 02 43 54.29 +00 18 44.3          24.2 g      568
     9497028  C2016 09 29.52367 02 43 52.32 +00 18 32.6          24.4 g      568


     9496002  C2016 09 29.54735 02 41 37.36 -00 04 57.7          23.0 g      568
     9496002  C2016 09 29.62023 02 41 35.43 -00 05 20.8          23.0 g      568
     9496008  C2016 09 29.54735 02 40 46.36 +00 06 16.9          24.0 g      568
     9496009  C2016 09 29.54735 02 40 20.51 +00 00 54.8          24.0 g      568
     9497025  C2016 09 29.52367 02 44 46.11 +00 16 48.5          24.8 g      568
     9497025  C2016 09 29.58304 02 44 44.14 +00 16 41.7          24.6 g      568
     9497026  C2016 09 29.52367 02 43 56.56 +00 14 14.1          24.7 g      568
     9497026  C2016 09 29.58304 02 43 54.80 +00 14 01.2          24.7 g      568
     9497028  C2016 09 29.52367 02 43 52.32 +00 18 32.6          24.4 g      568
     9497034 NC2016 09 29.52367 02 44 00.23 +00 35 55.6          24.7 g      568
     9497034 NC2016 09 29.58304 02 43 58.56 +00 35 37.3          24.4 g      568
     9496005  C2016 09 29.58304 02 42 27.91 +00 08 14.3          23.8 g      568
     9496005  C2016 09 29.62023 02 42 26.82 +00 08 03.3          23.9 g      568
     9497026  C2016 09 29.58304 02 43 54.80 +00 14 01.2          24.7 g      568
     9496005  C2016 09 29.58304 02 42 27.91 +00 08 14.3          23.8 g      568
     9496005  C2016 09 29.62023 02 42 26.82 +00 08 03.3          23.9 g      568
     9496007  C2016 09 29.54735 02 42 20.47 +00 15 28.2          23.0 g      568
     9497026  C2016 09 29.58304 02 43 54.80 +00 14 01.2          24.7 g      568
