     /5041    C2001 01 07.33859 08 25 08.45 +21 24 03.5          19.1 Ro     644
     /5041    C2001 01 07.37012 08 25 06.30 +21 24 06.8          19.5 Ro     644
     /5041    C2001 01 07.40752 08 25 03.67 +21 24 10.9          18.8 Ro     644
     /5041    C2001 01 17.52956 08 13 10.67 +21 40 40.1          18.5 Ro     644
     /5041    C2001 01 17.53993 08 13 09.91 +21 40 41.2          18.7 Ro     644
     /5041    C2001 01 17.55510 08 13 08.84 +21 40 44.3          18.8 Ro     644
     /5041    C2001 01 18.28030 08 12 16.96 +21 41 46.6          19.0 Ro     644
     /5041    C2001 01 18.32932 08 12 13.35 +21 41 50.5          18.2 Ro     644
     /5041    C2001 01 18.35038 08 12 11.77 +21 41 52.5          18.9 Ro     644


     /5041    C2001 01 18.35038 08 12 11.77 +21 41 52.5          18.9 Ro     644
