     AA09A23* C2014 12 25.66223 11 12 51.22 +21 34 28.8          19.6 Vu     C15
     AA09A23  C2014 12 25.67499 11 12 34.67 +21 36 36.9          19.4 Vu     C15
     AA09A23  C2014 12 25.68774 11 12 18.36 +21 38 47.2          18.5 Vu     C15
     AA09A23  C2021 11 12.98189 03 05 05.27 +36 17 40.1          21.4 RV     069
     AA09A23  C2021 11 13.00311 03 05 00.44 +36 18 41.8          21.2 RV     069
     AA09A23  C2021 11 13.02505 03 04 55.45 +36 19 44.3          20.6 RV     069


     AA09A23  C2021 11 13.02505 03 04 55.45 +36 19 44.3          20.6 RV     069
     AA22A23  C2021 11 13.02505 03 05 48.05 +36 17 28.0          21.2 RV     069
