     9496052* C2016 09 27.46636 02 39 17.37 +01 07 35.9          23.0 g      568
     9496052  C2016 09 27.58611 02 39 14.82 +01 06 53.3          23.1 g      568
     9496052  C2016 09 28.47556 02 38 54.33 +00 59 46.1          23.9 g      568
     9496052  C2016 09 28.51199 02 38 53.55 +00 59 31.6          23.8 g      568
     9496052  C2016 09 28.53606 02 38 53.03 +00 59 22.0          23.7 g      568
     9496052  C2016 09 29.48749 02 38 34.10 +00 53 00.4          23.6 g      568
     9496052  C2016 09 29.49962 02 38 33.82 +00 52 55.6          23.8 g      568
     9496052  C2016 09 29.60797 02 38 31.31 +00 52 11.9          24.0 g      568


     9496037  C2016 09 29.62023 02 37 01.80 +00 27 40.6          22.9 g      568
     9496050  C2016 09 29.60797 02 37 55.23 +00 46 27.9          23.7 g      568
     9496050  C2016 09 29.62023 02 37 54.85 +00 46 24.8          23.5 g      568
     9496052  C2016 09 29.60797 02 38 31.31 +00 52 11.9          24.0 g      568
     9496037  C2016 09 29.62023 02 37 01.80 +00 27 40.6          22.9 g      568
     9496050  C2016 09 29.62023 02 37 54.85 +00 46 24.8          23.5 g      568
     9496037  C2016 09 29.62023 02 37 01.80 +00 27 40.6          22.9 g      568
     9496050  C2016 09 29.62023 02 37 54.85 +00 46 24.8          23.5 g      568
