     ALA2zt  *C2022 10 29.41583 03 34 19.56 +14 42 28.9          24.7        568
     ALA2zt  *C2022 10 29.41935 03 34 19.45 +14 42 28.5          24.2        568
     ALA2zt  *C2022 10 29.42288 03 34 19.36 +14 42 28.2          23.9        568
     ALA2zt  *C2022 10 29.50791 03 34 16.77 +14 42 18.2          24.1        568
     ALA2zt  *C2022 10 29.51142 03 34 16.67 +14 42 17.8          23.6        568
     ALA2zt  *C2022 10 29.51495 03 34 16.56 +14 42 17.6          23.9        568
     ALA2zt  *C2022 10 30.52601 03 33 46.49 +14 40 19.2                      568
     ALA2zt  *C2022 10 30.52955 03 33 46.39 +14 40 18.9                      568
     ALA2zt  *C2022 10 30.53308 03 33 46.28 +14 40 18.3                      568
     ALA2zt  *C2022 10 30.62310 03 33 43.510+14 40 07.50         24.2 g      568
     ALA2zt  *C2022 10 30.62663 03 33 43.430+14 40 07.39         24.0 g      568
     ALA2zt  *C2022 10 30.63015 03 33 43.289+14 40 06.82         24.6 g      568
     ALA2zt  *C2022 10 31.53946 03 33 15.91 +14 38 19.6          23.9        568
     ALA2zt  *C2022 10 31.54299 03 33 15.79 +14 38 19.2          24.1        568
     ALA2zt  *C2022 10 31.54652 03 33 15.69 +14 38 18.8          23.9        568


     ALA2zN  *C2022 10 31.54652 03 33 15.22 +14 35 42.1          23.7        568
     ALA2zt  *C2022 10 31.54652 03 33 15.69 +14 38 18.8          23.9        568
     ALA30W  *C2022 10 31.54652 03 32 20.29 +14 23 45.8          24.1        568
     ALA30Y  *C2022 10 31.54652 03 32 20.64 +14 12 45.3          23.7        568
     ALA31B  *C2022 10 31.54652 03 31 57.98 +14 09 00.2          24.1        568
     ALA31D  *C2022 10 31.54652 03 31 59.76 +14 27 02.0          24.3        568
     ALA31E  *C2022 10 31.54652 03 32 58.13 +14 34 36.1          24.2        568
     ALA31f  *C2022 10 31.54652 03 32 26.141+14 14 16.51                     568
     ALA31I  *C2022 10 31.54652 03 30 39.33 +14 35 02.9          23.7        568
     ALA31j  *C2022 10 31.54652 03 31 08.80 +14 11 15.2          24.5        568
     ALA31J  *C2022 10 31.54652 03 31 50.54 +14 35 25.3          23.4        568
     ALA31m  *C2022 10 31.54652 03 30 40.21 +14 20 59.9          23.5        568
     ALA31N  *C2022 10 31.54652 03 30 56.38 +14 26 44.3          23.3        568
     ALA31r  *C2022 10 31.54652 03 30 56.24 +14 11 13.5          24.0        568
     ALA31t  *C2022 10 31.54652 03 31 03.69 +14 16 01.2          24.2        568
     ALA31v  *C2022 10 31.54652 03 30 05.61 +14 23 21.4          23.3        568
     ALA31w  *C2022 10 31.54652 03 30 42.82 +14 19 33.8          23.3        568
     ALA31y  *C2022 10 31.54652 03 30 28.39 +14 19 54.2          24.6        568
     ALA321  *C2022 10 31.54652 03 29 59.390+14 11 30.08                     568
     ALA32a  *C2022 10 31.55005 03 29 42.64 +13 58 04.8          24.5        568
     ALA32a  *C2022 10 31.55355 03 29 42.52 +13 58 04.2          24.2        568
     ALA32a  *C2022 10 31.55708 03 29 42.41 +13 58 03.8          24.1        568
     ALA32Q  *C2022 10 31.55005 03 30 18.09 +14 05 05.2          23.7        568
     ALA32Q  *C2022 10 31.55355 03 30 17.92 +14 05 05.2          23.8        568
     ALA32Q  *C2022 10 31.55708 03 30 17.74 +14 05 05.3          24.0        568
     ALA32R  *C2022 10 31.54652 03 30 16.95 +14 07 21.2          23.7        568
     ALA32R  *C2022 10 31.55005 03 30 16.74 +14 07 20.1          24.0        568
     ALA32R  *C2022 10 31.55355 03 30 16.57 +14 07 19.6          23.8        568
     ALA32R  *C2022 10 31.55708 03 30 16.40 +14 07 18.8          23.5        568
     ALA32T  *C2022 10 31.54652 03 29 51.40 +14 04 49.8          24.2        568
     ALA32T  *C2022 10 31.55005 03 29 51.15 +14 04 49.7          23.6        568
     ALA32T  *C2022 10 31.55355 03 29 50.96 +14 04 49.9          23.6        568
     ALA32T  *C2022 10 31.55708 03 29 50.77 +14 04 50.0          23.5        568
     ALA38d  *C2022 10 31.54652 03 32 34.55 +14 41 22.3          22.8        568
     ALA3Ak  *C2022 10 31.54652 03 30 39.51 +14 26 41.2          23.8        568
     ALA3AR  *C2022 10 31.54652 03 32 08.34 +14 42 23.6          23.0        568
     ALA3cy  *C2022 10 31.54652 03 33 42.56 +14 37 48.4          24.2        568
     ALA3d3  *C2022 10 31.54652 03 32 45.72 +14 34 56.7          24.9        568
     ALA3d4  *C2022 10 31.54652 03 32 43.85 +14 35 18.1          24.7        568
     ALA3d5  *C2022 10 31.54652 03 32 52.09 +14 37 25.7          25.0        568
     ALA3d6  *C2022 10 31.54652 03 32 45.39 +14 42 47.8          23.6        568
     ALA3dA  *C2022 10 31.54652 03 32 34.03 +14 36 42.4          24.9        568
     ALA3dB  *C2022 10 31.54652 03 32 27.52 +14 40 17.4          24.6        568
     ALA3dc  *C2022 10 31.54652 03 33 27.08 +14 23 44.2          24.3        568
     ALA3dD  *C2022 10 31.54652 03 32 17.35 +14 40 50.5          23.2        568
     ALA3dg  *C2022 10 31.54652 03 33 00.18 +14 23 54.6          23.0        568
     ALA3dj  *C2022 10 31.54652 03 32 54.60 +14 24 49.3          23.7        568
     ALA3dm  *C2022 10 31.54652 03 32 31.16 +14 19 53.7          24.2        568
     ALA3dM  *C2022 10 31.54652 03 31 29.63 +14 33 59.9          24.4        568
     ALA3dn  *C2022 10 31.54652 03 32 18.62 +14 22 47.6          24.8        568
     ALA3dN  *C2022 10 31.54652 03 30 56.35 +14 39 46.7          25.4        568
     ALA3dO  *C2022 10 31.54652 03 31 00.20 +14 31 40.1          24.6        568
     ALA3ds  *C2022 10 31.54652 03 31 58.04 +14 28 22.5          24.5        568
     ALA3dS  *C2022 10 31.54652 03 30 43.68 +14 37 33.4          23.8        568
     ALA3dT  *C2022 10 31.54652 03 30 42.40 +14 41 00.8          24.6        568
     ALA3dU  *C2022 10 31.54652 03 30 32.79 +14 41 55.7          24.6        568
     ALA3dv  *C2022 10 31.54652 03 31 55.58 +14 27 39.2          23.0        568
     ALA3dw  *C2022 10 31.54652 03 31 49.33 +14 16 09.3          22.6        568
     ALA3dW  *C2022 10 31.54652 03 30 09.43 +14 43 46.8          24.6        568
     ALA3dY  *C2022 10 31.54652 03 30 10.13 +14 42 18.1          24.2        568
     ALA3dz  *C2022 10 31.54652 03 31 13.89 +14 27 55.1          24.4        568
     ALA3dZ  *C2022 10 31.54652 03 33 47.76 +14 23 53.1          25.2        568
     ALA3e4  *C2022 10 31.54652 03 30 44.22 +14 28 30.9          24.1        568
     ALA3e7  *C2022 10 31.54652 03 30 36.16 +14 20 29.1          24.5        568
     ALA3eE  *C2022 10 31.54652 03 30 13.23 +14 21 51.6          24.1        568
     ALA3eh  *C2022 10 31.54652 03 31 13.70 +14 02 05.6          23.9        568
     ALA3el  *C2022 10 31.54652 03 30 58.86 +14 11 09.2          23.1        568
     ALA3em  *C2022 10 31.54652 03 31 13.73 +14 09 44.8          24.3        568
     ALA3en  *C2022 10 31.54652 03 31 10.65 +14 04 20.7          25.3        568
     ALA3eq  *C2022 10 31.54652 03 30 37.91 +14 06 12.0          24.4        568
     ALA3eu  *C2022 10 31.54652 03 30 04.57 +14 04 13.3          23.8        568
     ALA3eX  *C2022 10 31.54652 03 31 56.31 +14 13 02.0          24.7        568
     ALA3eZ  *C2022 10 31.54652 03 32 03.96 +14 07 51.9          24.9        568
     ALA3fg  *C2022 10 31.54652 03 29 36.47 +14 06 41.4          24.9        568
     ALA3fH  *C2022 10 31.54652 03 30 56.48 +13 57 23.0          23.5        568
     ALA3fi  *C2022 10 31.55005 03 29 42.39 +14 24 44.5          23.9        568
     ALA3fi  *C2022 10 31.55355 03 29 42.22 +14 24 43.9          24.3        568
     ALA3fi  *C2022 10 31.55708 03 29 42.05 +14 24 43.2          23.9        568
     ALA3fU  *C2022 10 31.54652 03 29 35.46 +14 17 34.7          23.9        568
     ALA3fX  *C2022 10 31.54652 03 29 45.51 +14 26 51.9          24.5        568
     ALA3fY  *C2022 10 31.54652 03 29 51.18 +14 16 35.7          24.2        568
     ALA3g8  *C2022 10 31.55005 03 29 17.62 +14 09 29.4          24.6        568
     ALA3g8  *C2022 10 31.55355 03 29 17.51 +14 09 28.4          24.6        568
     ALA3g8  *C2022 10 31.55708 03 29 17.38 +14 09 27.2          24.5        568
     ALA3iE  *C2022 10 31.55005 03 30 13.61 +13 59 04.8          23.9        568
     ALA3iE  *C2022 10 31.55355 03 30 13.46 +13 59 03.7          24.2        568
     ALA3iE  *C2022 10 31.55708 03 30 13.31 +13 59 02.8          23.8        568
     ALA3Ju  *C2022 10 31.54652 03 33 15.44 +14 36 42.4          23.8        568
     ALA3M1  *C2022 10 31.54652 03 31 04.00 +14 24 29.6          23.6        568
     ALA3M8  *C2022 10 31.54652 03 30 44.04 +14 22 27.9          23.6        568
     ALA3MB  *C2022 10 31.54652 03 29 42.60 +14 24 45.5          24.3        568
     ALA3NJ  *C2022 10 31.54652 03 29 44.61 +14 02 07.5          22.3        568
     ALA3NJ  *C2022 10 31.55005 03 29 44.41 +14 02 08.7          22.3        568
     ALA3NJ  *C2022 10 31.55355 03 29 44.19 +14 02 09.5          22.2        568
     ALA3NJ  *C2022 10 31.55708 03 29 43.97 +14 02 10.6          22.3        568
     P21Bn8f  C2022 11 01.34778403 31 48.757+14 53 09.48         21.75wU     F52
     P21Bn8f  C2022 11 01.35854303 31 48.246+14 53 05.50         21.51wU     F52
     P21Bn8f  C2022 11 01.38010903 31 47.181+14 52 56.22         21.67wU     F52
