     AA07A17  C2018 02 15.54014 06 15 26.79 +27 21 36.2          20.3 Rq     C48
     AA07A17  C2018 02 15.55580 06 15 26.82 +27 21 36.2          20.0 Rq     C48
     AA07A17  C2018 02 15.57139 06 15 26.85 +27 21 35.9          19.7 Rq     C48
     AA07A17  C2018 02 15.58703 06 15 26.90 +27 21 35.1          21.1 Rq     C48
     AA07A17  C2018 02 15.60264 06 15 26.96 +27 21 35.8          21.1 Rq     C48
     AA07A17  C2018 02 19.49674 07 31 00.73 +23 22 31.9          20.1 Rq     C48
     AA07A17  C2018 02 19.50536 07 31 00.73 +23 22 31.9          21.0 Rq     C48
     AA07A17  C2018 02 19.51400 07 31 00.72 +23 22 32.5          20.9 Rq     C48
     AA07A17  C2018 02 19.52262 07 31 00.69 +23 22 33.0          20.7 Rq     C48
     AA07A17  C2018 02 19.53125 07 31 00.69 +23 22 33.2          20.7 Rq     C48
     AA07A17  C2021 11 08.89855 03 00 46.76 +34 04 57.3          21.1 RV     069
     AA07A17  C2021 11 08.92896 03 00 51.79 +34 04 46.5          21.4 RV     069
     AA07A17  C2021 11 08.95903 03 00 56.74 +34 04 36.8          21.1 RV     069


     AA07A17  C2021 11 08.95903 03 00 56.74 +34 04 36.8          21.1 RV     069
     AA08A17  C2021 11 08.95903 03 00 16.44 +34 19 23.0          21.4 RV     069
     AA09A24  C2021 11 15.07021 03 01 56.23 +34 11 45.9          21.1 RV     069
     AA09A24  C2021 11 15.09759 03 01 55.91 +34 10 35.0          20.7 RV     069
     AA09A24  C2021 11 15.12345 03 01 55.60 +34 09 27.7          20.8 RV     069
     AA11A17  C2021 11 08.95903 03 00 17.85 +34 14 23.5          21.5 RV     069
     AA07A21  C2021 11 12.96780 03 03 38.17 +33 53 34.3          21.4 RV     069
     AA08A26  C2021 11 15.08537 03 03 57.99 +34 02 05.0          20.8 RV     069
     AA08A26  C2021 11 15.11611 03 03 55.23 +34 03 14.2          20.5 RV     069
     AA08A26  C2021 11 15.13750 03 03 53.24 +34 04 02.4          20.6 RV     069
     AA13A26  C2021 11 15.08537 03 05 13.38 +34 01 48.2          21.0 RV     069
     AA13A26  C2021 11 15.11611 03 05 18.68 +34 01 05.8          21.0 RV     069
     AA13A26  C2021 11 15.13750 03 05 22.43 +34 00 37.1          20.7 RV     069
     AA19A21  C2021 11 12.96780 03 04 15.26 +34 02 33.9          21.6 RV     069
     AA19A21  C2021 11 12.98898 03 04 14.67 +34 01 44.9          21.5 RV     069
     AA19A21  C2021 11 13.01044 03 04 13.99 +34 00 54.2          21.6 RV     069
     AA21A21  C2021 11 12.96780 03 05 09.90 +34 01 47.9          21.7 RV     069
     AA21A21  C2021 11 12.98898 03 05 04.38 +34 02 09.6          21.8 RV     069
     AA21A21  C2021 11 13.01044 03 04 58.75 +34 02 30.8          21.3 RV     069
     AA24A26  C2021 11 15.08537 03 03 20.58 +34 01 50.7          21.3 RV     069
     AA24A26  C2021 11 15.11611 03 03 18.84 +33 59 59.9          21.2 RV     069
     AA24A26  C2021 11 15.13750 03 03 17.58 +33 58 42.5          20.9 RV     069
     AA26A21  C2021 11 12.96780 03 05 57.61 +33 49 49.6          21.6 RV     069
     AA26A21  C2021 11 12.98898 03 05 57.76 +33 51 17.9          21.6 RV     069
     AA26A21  C2021 11 13.01044 03 05 57.91 +33 52 47.7          21.9 RV     069
     AA28A21  C2021 11 12.98898 03 02 06.47 +33 56 25.9          21.6 RV     069
     AA28A21  C2021 11 13.01044 03 02 05.36 +33 56 45.5          21.9 RV     069
     AA30A26  C2021 11 15.08537 03 04 51.60 +33 51 51.2          21.7 RV     069
     AA30A26  C2021 11 15.11611 03 04 59.94 +33 52 13.0          21.0 RV     069
     AA30A26  C2021 11 15.13750 03 05 05.65 +33 52 27.9          20.9 RV     069
     AA32A26  C2021 11 15.08537 03 04 40.88 +34 01 26.0          21.4 RV     069
     AA32A26  C2021 11 15.11611 03 04 45.81 +34 00 08.8          21.0 RV     069
     AA32A26  C2021 11 15.13750 03 04 49.27 +33 59 16.0          21.1 RV     069
     AA35A26  C2021 11 15.08537 03 03 14.46 +33 57 15.5          21.5 RV     069
     AA35A26  C2021 11 15.11611 03 03 09.53 +33 57 25.5          21.0 RV     069
     AA35A26  C2021 11 15.13750 03 03 06.03 +33 57 31.5          21.3 RV     069
     CE216D7  C2021 11 15.08537 03 04 54.26 +33 57 45.2          20.3 Ro     069
     CE216D7  C2021 11 15.11611 03 04 53.58 +33 57 38.0          20.5 Ro     069
     CE216D7  C2021 11 15.13750 03 04 53.06 +33 57 33.2          21.3 Ro     069
     AA07A21  C2021 11 12.96780 03 03 38.17 +33 53 34.3          21.4 RV     069
     AA07A21  C2021 11 12.98898 03 03 39.96 +33 52 50.4          21.5 RV     069
     AA08A26  C2021 11 15.08537 03 03 57.99 +34 02 05.0          20.8 RV     069
     AA08A26  C2021 11 15.11611 03 03 55.23 +34 03 14.2          20.5 RV     069
     AA08A26  C2021 11 15.13750 03 03 53.24 +34 04 02.4          20.6 RV     069
     AA13A26  C2021 11 15.11611 03 05 18.68 +34 01 05.8          21.0 RV     069
     AA13A26  C2021 11 15.13750 03 05 22.43 +34 00 37.1          20.7 RV     069
     AA19A21  C2021 11 12.96780 03 04 15.26 +34 02 33.9          21.6 RV     069
     AA19A21  C2021 11 12.98898 03 04 14.67 +34 01 44.9          21.5 RV     069
     AA19A21  C2021 11 13.01044 03 04 13.99 +34 00 54.2          21.6 RV     069
     AA24A26  C2021 11 15.08537 03 03 20.58 +34 01 50.7          21.3 RV     069
     AA24A26  C2021 11 15.11611 03 03 18.84 +33 59 59.9          21.2 RV     069
     AA24A26  C2021 11 15.13750 03 03 17.58 +33 58 42.5          20.9 RV     069
     AA26A21  C2021 11 12.96780 03 05 57.61 +33 49 49.6          21.6 RV     069
     AA26A21  C2021 11 12.98898 03 05 57.76 +33 51 17.9          21.6 RV     069
     AA26A21  C2021 11 13.01044 03 05 57.91 +33 52 47.7          21.9 RV     069
     AA28A21  C2021 11 12.96780 03 02 07.60 +33 56 05.5          21.7 RV     069
     AA28A21  C2021 11 12.98898 03 02 06.47 +33 56 25.9          21.6 RV     069
     AA28A21  C2021 11 13.01044 03 02 05.36 +33 56 45.5          21.9 RV     069
     AA30A26  C2021 11 15.08537 03 04 51.60 +33 51 51.2          21.7 RV     069
     AA30A26  C2021 11 15.11611 03 04 59.94 +33 52 13.0          21.0 RV     069
     AA30A26  C2021 11 15.13750 03 05 05.65 +33 52 27.9          20.9 RV     069
     AA32A26  C2021 11 15.08537 03 04 40.88 +34 01 26.0          21.4 RV     069
     AA32A26  C2021 11 15.11611 03 04 45.81 +34 00 08.8          21.0 RV     069
     AA32A26  C2021 11 15.13750 03 04 49.27 +33 59 16.0          21.1 RV     069
     AA35A26  C2021 11 15.08537 03 03 14.46 +33 57 15.5          21.5 RV     069
     AA35A26  C2021 11 15.11611 03 03 09.53 +33 57 25.5          21.0 RV     069
     AA35A26  C2021 11 15.13750 03 03 06.03 +33 57 31.5          21.3 RV     069
     CE216D7  C2021 11 15.08537 03 04 54.26 +33 57 45.2          20.3 Ro     069
     CE216D7  C2021 11 15.11611 03 04 53.58 +33 57 38.0          20.5 Ro     069
     CE216D7  C2021 11 15.13750 03 04 53.06 +33 57 33.2          21.3 Ro     069
