     ALA2zV  *C2022 10 29.41583 03 37 56.23 +14 33 29.6          24.9        568
     ALA2zV  *C2022 10 29.41935 03 37 56.12 +14 33 29.4          25.2        568
     ALA2zV  *C2022 10 29.42288 03 37 56.00 +14 33 29.1          24.2        568
     ALA2zV  *C2022 10 29.50791 03 37 53.34 +14 33 24.1          25.3        568
     ALA2zV  *C2022 10 29.51142 03 37 53.23 +14 33 23.7          24.8        568
     ALA2zV  *C2022 10 29.51495 03 37 53.17 +14 33 23.7          25.0        568
     ALA2zV  *C2022 10 30.62310 03 37 19.17 +14 32 13.9          24.7        568
     ALA2zV  *C2022 10 30.62663 03 37 19.07 +14 32 13.7          24.7        568
     ALA2zV  *C2022 10 30.63015 03 37 18.98 +14 32 13.8          25.6        568
     ALA2zV  *C2022 10 31.52874 03 36 51.15 +14 31 17.2          25.1        568
     ALA2zV  *C2022 10 31.53227 03 36 51.05 +14 31 17.0          25.0        568
     ALA2zV  *C2022 10 31.53580 03 36 50.94 +14 31 16.7          24.2        568


     ALA2z0  *C2022 10 31.53580 03 34 46.14 +14 42 01.0          23.4        568
     ALA2ze  *C2022 10 31.53580 03 34 42.79 +14 27 30.4          23.9        568
     ALA2zg  *C2022 10 31.53580 03 34 10.42 +14 28 45.0          24.3        568
     ALA2zN  *C2022 10 31.53946 03 33 15.54 +14 35 44.8          23.5        568
     ALA2zN  *C2022 10 31.54299 03 33 15.38 +14 35 43.4          23.6        568
     ALA2zN  *C2022 10 31.54652 03 33 15.22 +14 35 42.1          23.7        568
     ALA2zt  *C2022 10 31.53946 03 33 15.91 +14 38 19.6          23.9        568
     ALA2zt  *C2022 10 31.54299 03 33 15.79 +14 38 19.2          24.1        568
     ALA2zt  *C2022 10 31.54652 03 33 15.69 +14 38 18.8          23.9        568
     ALA2zV  *C2022 10 31.53580 03 36 50.94 +14 31 16.7          24.2        568
     ALA30b  *C2022 10 31.53580 03 35 40.94 +14 17 40.5          24.4        568
     ALA30E  *C2022 10 31.53946 03 34 23.36 +14 12 52.5          23.8        568
     ALA30E  *C2022 10 31.54299 03 34 23.19 +14 12 51.4          24.0        568
     ALA30E  *C2022 10 31.54652 03 34 23.01 +14 12 50.3          23.9        568
     ALA30J  *C2022 10 31.53580 03 34 13.72 +14 10 02.3          22.6        568
     ALA30J  *C2022 10 31.53946 03 34 13.53 +14 10 01.0          22.7        568
     ALA30J  *C2022 10 31.54299 03 34 13.38 +14 09 59.9          22.6        568
     ALA30J  *C2022 10 31.54652 03 34 13.23 +14 09 58.7          22.5        568
     ALA30v  *C2022 10 31.53946 03 33 16.08 +14 04 52.2          23.6        568
     ALA30v  *C2022 10 31.54299 03 33 15.88 +14 04 51.4          23.6        568
     ALA30v  *C2022 10 31.54652 03 33 15.71 +14 04 50.7          23.8        568
     ALA30x  *C2022 10 31.53946 03 33 41.410+14 05 25.40         25.1 g      568
     ALA30x  *C2022 10 31.54299 03 33 41.31 +14 05 25.2          24.7        568
     ALA30x  *C2022 10 31.54652 03 33 41.18 +14 05 24.8          24.0        568
     ALA31E  *C2022 10 31.53946 03 32 58.49 +14 34 37.2          23.8        568
     ALA31E  *C2022 10 31.54299 03 32 58.33 +14 34 36.6          23.9        568
     ALA31E  *C2022 10 31.54652 03 32 58.13 +14 34 36.1          24.2        568
     ALA38d  *C2022 10 31.53946 03 32 34.91 +14 41 23.8          23.0        568
     ALA38d  *C2022 10 31.54299 03 32 34.73 +14 41 23.1          22.8        568
     ALA38d  *C2022 10 31.54652 03 32 34.55 +14 41 22.3          22.8        568
     ALA38M  *C2022 10 31.53580 03 34 59.26 +14 41 36.1          23.1        568
     ALA39Y  *C2022 10 31.53580 03 34 37.64 +14 12 23.8          24.7        568
     ALA3an  *C2022 10 31.53580 03 37 41.72 +14 41 53.2          24.2        568
     ALA3ap  *C2022 10 31.53580 03 37 23.24 +14 38 58.0          23.3        568
     ALA3aq  *C2022 10 31.53580 03 37 18.62 +14 40 26.1          23.1        568
     ALA3aR  *C2022 10 31.53580 03 35 33.82 +14 47 36.3          24.6        568
     ALA3at  *C2022 10 31.53580 03 37 25.40 +14 31 32.0          25.5        568
     ALA3AU  *C2022 10 31.53580 03 36 56.95 +14 18 27.0          23.8        568
     ALA3ax  *C2022 10 31.53580 03 36 51.41 +14 42 17.4          22.4        568
     ALA3az  *C2022 10 31.53580 03 36 22.26 +14 35 20.0          24.5        568
     ALA3b2  *C2022 10 31.53580 03 35 56.04 +14 37 20.4          25.1        568
     ALA3b6  *C2022 10 31.53580 03 35 26.73 +14 43 32.7          23.8        568
     ALA3b8  *C2022 10 31.53580 03 35 32.67 +14 38 41.6          24.1        568
     ALA3b9  *C2022 10 31.53580 03 35 36.89 +14 34 07.9          23.7        568
     ALA3ba  *C2022 10 31.53580 03 36 29.21 +14 17 35.1          22.6        568
     ALA3bb  *C2022 10 31.53580 03 35 51.48 +14 29 07.0          23.2        568
     ALA3bB  *C2022 10 31.53580 03 35 30.99 +14 32 17.5          24.5        568
     ALA3bE  *C2022 10 31.53580 03 34 58.90 +14 33 55.0          25.0        568
     ALA3bf  *C2022 10 31.53580 03 35 58.68 +14 18 54.5          24.8        568
     ALA3bG  *C2022 10 31.53580 03 34 57.28 +14 32 29.6          24.4        568
     ALA3bh  *C2022 10 31.53580 03 34 59.42 +14 25 07.2          23.3        568
     ALA3bH  *C2022 10 31.53580 03 34 34.88 +14 35 44.9          23.5        568
     ALA3bi  *C2022 10 31.53580 03 34 57.75 +14 23 59.5          23.1        568
     ALA3bl  *C2022 10 31.53580 03 34 59.03 +14 19 04.7          24.5        568
     ALA3bN  *C2022 10 31.53580 03 37 56.59 +14 25 29.9          23.2        568
     ALA3bp  *C2022 10 31.53580 03 34 36.55 +14 25 10.7          23.9        568
     ALA3bQ  *C2022 10 31.53580 03 37 54.73 +14 28 09.7          22.8        568
     ALA3bU  *C2022 10 31.53580 03 37 20.68 +14 17 47.2          24.7        568
     ALA3bW  *C2022 10 31.53580 03 36 47.08 +14 24 29.7          24.7        568
     ALA3c0  *C2022 10 31.53580 03 34 03.19 +14 23 35.8          23.0        568
     ALA3c2  *C2022 10 31.53580 03 34 04.90 +14 20 05.8          23.1        568
     ALA3c3  *C2022 10 31.53580 03 34 10.45 +14 19 20.3          24.7        568
     ALA3c3  *C2022 10 31.53946 03 34 10.23 +14 19 17.3          24.3        568
     ALA3c3  *C2022 10 31.54299 03 34 10.04 +14 19 14.4          24.2        568
     ALA3c3  *C2022 10 31.54652 03 34 09.87 +14 19 11.6          24.4        568
     ALA3c5  *C2022 10 31.53580 03 34 08.38 +14 27 25.2          24.5        568
     ALA3cd  *C2022 10 31.53580 03 34 05.94 +14 10 59.7          24.7        568
     ALA3cd  *C2022 10 31.53946 03 34 05.72 +14 10 58.8          24.5        568
     ALA3cd  *C2022 10 31.54299 03 34 05.56 +14 10 58.1          24.7        568
     ALA3cd  *C2022 10 31.54652 03 34 05.35 +14 10 57.5          24.9        568
     ALA3ce  *C2022 10 31.53580 03 34 07.94 +14 05 16.8          24.5        568
     ALA3cj  *C2022 10 31.53580 03 33 37.06 +14 36 40.1          25.3        568
     ALA3cs  *C2022 10 31.53580 03 33 40.90 +14 17 07.9          24.5        568
     ALA3cS  *C2022 10 31.53580 03 36 07.26 +14 10 44.9          24.1        568
     ALA3ct  *C2022 10 31.53580 03 33 36.93 +14 27 03.9          23.4        568
     ALA3cu  *C2022 10 31.53580 03 33 44.73 +14 22 00.1          24.7        568
     ALA3cv  *C2022 10 31.53580 03 33 35.49 +14 27 42.8          24.6        568
     ALA3cW  *C2022 10 31.53580 03 35 24.53 +14 02 47.0          23.2        568
     ALA3cy  *C2022 10 31.53946 03 33 42.90 +14 37 49.7          25.0        568
     ALA3cy  *C2022 10 31.54299 03 33 42.74 +14 37 49.0          24.7        568
     ALA3cy  *C2022 10 31.54652 03 33 42.56 +14 37 48.4          24.2        568
     ALA3cY  *C2022 10 31.53580 03 35 07.68 +14 05 42.8          24.7        568
     ALA3cZ  *C2022 10 31.53580 03 35 04.74 +14 09 14.5          25.1        568
     ALA3d3  *C2022 10 31.53946 03 32 46.08 +14 34 57.3          25.6        568
     ALA3d3  *C2022 10 31.54299 03 32 45.88 +14 34 57.0          25.2        568
     ALA3d3  *C2022 10 31.54652 03 32 45.72 +14 34 56.7          24.9        568
     ALA3d4  *C2022 10 31.53946 03 32 44.16 +14 35 19.3          24.3        568
     ALA3d4  *C2022 10 31.54299 03 32 43.97 +14 35 18.5          23.8        568
     ALA3d4  *C2022 10 31.54652 03 32 43.85 +14 35 18.1          24.7        568
     ALA3d5  *C2022 10 31.53946 03 32 52.41 +14 37 28.2          24.4        568
     ALA3d5  *C2022 10 31.54299 03 32 52.24 +14 37 26.8          24.6        568
     ALA3d5  *C2022 10 31.54652 03 32 52.09 +14 37 25.7          25.0        568
     ALA3d6  *C2022 10 31.53946 03 32 45.76 +14 42 49.7          22.6        568
     ALA3d6  *C2022 10 31.54299 03 32 45.55 +14 42 48.8          23.4        568
     ALA3d6  *C2022 10 31.54652 03 32 45.39 +14 42 47.8          23.6        568
     ALA3dA  *C2022 10 31.53946 03 32 34.27 +14 36 44.6          25.3        568
     ALA3dA  *C2022 10 31.54299 03 32 34.13 +14 36 43.3          24.6        568
     ALA3dA  *C2022 10 31.54652 03 32 34.03 +14 36 42.4          24.9        568
     ALA3dc  *C2022 10 31.53946 03 33 27.48 +14 23 43.8          23.8        568
     ALA3dc  *C2022 10 31.54299 03 33 27.27 +14 23 44.1          24.0        568
     ALA3dc  *C2022 10 31.54652 03 33 27.08 +14 23 44.2          24.3        568
     ALA3dl  *C2022 10 31.53946 03 32 57.38 +14 16 21.3          24.0        568
     ALA3dl  *C2022 10 31.54299 03 32 57.28 +14 16 20.8          23.8        568
     ALA3dl  *C2022 10 31.54652 03 32 57.17 +14 16 20.3          24.3        568
     ALA3dZ  *C2022 10 31.53946 03 33 48.13 +14 23 52.5          25.2        568
     ALA3dZ  *C2022 10 31.54299 03 33 47.97 +14 23 52.7          25.5        568
     ALA3dZ  *C2022 10 31.54652 03 33 47.76 +14 23 53.1          25.2        568
     ALA3eH  *C2022 10 31.53946 03 33 40.07 +14 13 01.5          24.4        568
     ALA3eH  *C2022 10 31.54299 03 33 39.85 +14 13 00.2          25.0        568
     ALA3eH  *C2022 10 31.54652 03 33 39.64 +14 12 59.2          24.0        568
     ALA3eM  *C2022 10 31.53946 03 33 17.23 +14 11 34.2          24.8        568
     ALA3eM  *C2022 10 31.54299 03 33 16.97 +14 11 35.1          24.3        568
     ALA3eM  *C2022 10 31.54652 03 33 16.77 +14 11 35.9          24.4        568
     ALA3eR  *C2022 10 31.53946 03 33 01.58 +14 12 10.5          24.6        568
     ALA3eR  *C2022 10 31.54299 03 33 01.40 +14 12 08.6          24.6        568
     ALA3eR  *C2022 10 31.54652 03 33 01.23 +14 12 06.9          24.5        568
     ALA3ew  *C2022 10 31.53946 03 33 51.77 +13 56 42.4          22.5        568
     ALA3ew  *C2022 10 31.54299 03 33 51.58 +13 56 42.4          22.6        568
     ALA3ew  *C2022 10 31.54652 03 33 51.40 +13 56 42.5          22.7        568
     ALA3fP  *C2022 10 31.53946 03 34 18.25 +14 20 17.5          24.9        568
     ALA3fP  *C2022 10 31.54299 03 34 18.07 +14 20 16.3          24.4        568
     ALA3fP  *C2022 10 31.54652 03 34 17.86 +14 20 14.8          24.9        568
     ALA3fR  *C2022 10 31.53946 03 34 23.56 +14 24 35.6          24.6        568
     ALA3fR  *C2022 10 31.54299 03 34 23.38 +14 24 34.4          24.1        568
     ALA3fR  *C2022 10 31.54652 03 34 23.23 +14 24 33.5          23.7        568
     ALA3Ia  *C2022 10 31.53580 03 36 54.28 +14 49 09.2          23.8        568
     ALA3Ix  *C2022 10 31.53580 03 34 45.65 +14 52 49.8          24.6        568
     ALA3J0  *C2022 10 31.53580 03 34 18.49 +14 47 57.7          22.9        568
     ALA3J4  *C2022 10 31.53580 03 34 19.44 +14 53 58.3          24.0        568
     ALA3J9  *C2022 10 31.53580 03 34 15.29 +14 48 57.7          23.6        568
     ALA3Ja  *C2022 10 31.53580 03 35 31.38 +14 33 49.4          23.3        568
     ALA3JT  *C2022 10 31.53580 03 36 04.30 +14 40 52.1          24.8        568
     ALA3Ju  *C2022 10 31.53946 03 33 15.81 +14 36 43.8          24.0        568
     ALA3Ju  *C2022 10 31.54299 03 33 15.63 +14 36 43.1          24.3        568
     ALA3Ju  *C2022 10 31.54652 03 33 15.44 +14 36 42.4          23.8        568
     ALA3JU  *C2022 10 31.53580 03 36 16.79 +14 37 55.4          24.4        568
     ALA3K3  *C2022 10 31.53580 03 36 56.68 +14 22 24.8          23.7        568
     ALA3KC  *C2022 10 31.53580 03 35 04.91 +14 21 57.4          24.1        568
     ALA3Kd  *C2022 10 31.53580 03 35 37.18 +14 04 16.9          23.1        568
     ALA3KF  *C2022 10 31.53580 03 34 44.84 +14 21 43.9          23.7        568
     ALA3KH  *C2022 10 31.53580 03 34 38.89 +14 28 35.3          22.1        568
     ALA3Kr  *C2022 10 31.53946 03 33 46.83 +14 03 48.8          23.1        568
     ALA3Kr  *C2022 10 31.54299 03 33 46.59 +14 03 48.0          23.4        568
     ALA3Kr  *C2022 10 31.54652 03 33 46.37 +14 03 47.3          23.1        568
     ALA3L0  *C2022 10 31.53580 03 37 41.57 +14 35 12.8          24.5        568
     ALA3MM  *C2022 10 31.53946 03 32 56.15 +14 10 36.6          24.0        568
     ALA3MM  *C2022 10 31.54299 03 32 55.99 +14 10 36.1          24.0        568
     ALA3MM  *C2022 10 31.54652 03 32 55.79 +14 10 35.4          23.8        568
     ALA3MQ  *C2022 10 31.53946 03 32 48.52 +14 11 16.6          23.8        568
     ALA3MQ  *C2022 10 31.54299 03 32 48.39 +14 11 16.0          23.7        568
     ALA3MQ  *C2022 10 31.54652 03 32 48.27 +14 11 15.5          23.6        568
     ALA3Sr  *C2022 10 31.53580 03 37 26.66 +14 41 09.4          22.9        568
     ALA3TC  *C2022 10 31.53580 03 34 57.16 +14 34 42.1          24.2        568
     ALA3Td  *C2022 10 31.53580 03 35 13.77 +14 17 36.0          23.4        568
     ALA3TH  *C2022 10 31.53580 03 34 18.34 +14 32 18.5          23.1        568
     ALA3Tl  *C2022 10 31.53580 03 34 01.48 +14 23 51.1          22.7        568
     ALA3Tq   C2022 10 31.53580 03 35 14.681+14 17 18.82                     T14
     ALA3TS  *C2022 10 31.53580 03 37 17.89 +14 23 27.3          22.6        568
     ALA3ua  *C2022 10 31.53580 03 34 05.119+14 24 27.11         24.1 g      568
