     AL7225  *C2009 12 14.41049 08 32 41.76 +27 00 52.1          22.9 io     568
     AL7225  *C2009 12 14.44467 08 32 40.90 +27 00 54.8          22.5 io     568
     AL7225  *C2009 12 14.48822 08 32 39.79 +27 00 58.1          22.9 ro     568
     AL7225  *C2009 12 15.50496 08 32 14.52 +27 02 09.4          23.5 go     568
     AL7225  *C2009 12 15.52204 08 32 14.06 +27 02 10.5          23.7 go     568
     AL7225  *C2009 12 15.54344 08 32 13.45 +27 02 12.1          23.6 go     568
     AL7225  *C2009 12 16.42153 08 31 50.44 +27 03 15.1          23.4 go     568
     AL7225  *C2009 12 16.43860 08 31 49.96 +27 03 16.5          23.4 go     568
     AL7225  *C2009 12 16.45997 08 31 49.34 +27 03 18.2          23.5 go     568


     AL7225  *C2009 12 16.45997 08 31 49.34 +27 03 18.2          23.5 go     568
     AL7321  *C2009 12 16.45997 08 32 32.84 +27 17 04.5          23.5 go     568
     AL7322  *C2009 12 16.45997 08 32 19.15 +27 16 45.8          23.1 go     568
     AL7324  *C2009 12 16.45997 08 31 48.66 +27 18 04.0          24.6 go     568
     AL7339  *C2009 12 16.45997 08 31 31.20 +26 57 51.5          22.6 go     568
