     AA25A04* C2014 12 08.40635 21 59 15.29 -01 17 53.2          19.3 Vu     C15
     AA25A04  C2014 12 08.41895 21 59 13.75 -01 17 41.6          19.3 Vu     C15
     AA25A04  C2014 12 08.43159 21 59 12.21 -01 17 30.2          19.0 Vu     C15
     AA25A04  C2021 09 15.95513 00 37 23.93 +17 02 30.6          21.9 RV     069
     AA25A04  C2021 09 15.98479 00 37 21.92 +17 03 05.3          21.6 RV     069
     AA25A04  C2021 09 16.01346 00 37 19.89 +17 03 38.3          21.9 RV     069


     AA25A04  C2021 09 16.01346 00 37 19.89 +17 03 38.3          21.9 RV     069
     CE2143A  C2021 09 16.01346 00 37 36.80 +16 59 32.8          21.5 Ro     069
     CE21769  C2021 09 16.01346 00 36 37.17 +17 08 24.6          21.1 Ro     069
     CE2176B  C2021 09 16.01346 00 37 10.59 +16 55 17.2          21.7 Ro     069
