     AA28A02* C2014 12 08.41801 21 57 36.23 -06 25 06.3          18.8 Vu     C15
     AA28A02  C2014 12 08.43065 21 57 33.90 -06 24 53.0          19.2 Vu     C15
     AA28A02  C2014 12 08.44340 21 57 31.50 -06 24 39.5          19.0 Vu     C15
     AA28A02  C2017 10 13.87252 00 20 52.54 +10 44 51.1          20.1  q     583
     AA28A02  C2017 10 13.90949 00 20 50.13 +10 44 51.1          19.8  q     583
     AA28A02  C2017 10 13.92840 00 20 48.93 +10 44 50.7          20.1  q     583
     AA28A02  C2021 09 15.94039 00 33 19.23 +13 11 30.9          21.4 RV     069
     AA28A02  C2021 09 15.97014 00 33 15.87 +13 11 06.0          21.9 RV     069
     AA28A02  C2021 09 15.99905 00 33 12.54 +13 10 42.3          21.3 RV     069


     AA28A02  C2021 09 15.99905 00 33 12.54 +13 10 42.3          21.3 RV     069
