     AA05A15* C2016 09 27.60982 23 32 38.48 +15 42 14.2          24.2  q     C48
     AA05A15  C2016 09 27.62240 23 32 37.64 +15 42 16.0          23.8  q     C48
     AA05A15  C2016 09 27.62878 23 32 37.23 +15 42 16.6          24.3  q     C48
     AA05A15  C2016 09 27.63521 23 32 36.80 +15 42 16.0          24.2  q     C48
     AA05A15* C2017 01 28.59627 07 07 28.25 +29 53 54.6          23.2 Rq     C48
     AA05A15  C2017 01 28.60265 07 07 28.23 +29 53 54.9          23.4 Rq     C48
     AA05A15  C2017 01 28.60889 07 07 28.08 +29 53 54.9          22.4 Rq     C48
     AA05A15  C2017 01 28.61516 07 07 28.09 +29 53 56.1          23.1 Rq     C48
     AA05A15  C2017 01 28.62157 07 07 28.04 +29 53 56.9          23.1 Rq     C48
     AA05A15  C2018 02 15.53858 06 16 08.09 +26 19 22.7          21.0 Rq     C48
     AA05A15  C2018 02 15.55421 06 16 08.00 +26 19 22.0          21.0 Rq     C48
     AA05A15  C2018 02 15.56985 06 16 07.96 +26 19 21.7          21.0 Rq     C48
     AA05A15  C2018 02 15.58548 06 16 07.92 +26 19 21.2          21.0 Rq     C48
     AA05A15  C2018 02 15.60109 06 16 07.91 +26 19 21.6          21.0 Rq     C48
     AA05A15  C2018 02 19.49588 07 29 18.24 +22 45 32.3          20.8 Rq     C48
     AA05A15  C2018 02 19.51314 07 29 18.24 +22 45 25.0          20.7 Rq     C48
     AA05A15  C2018 02 19.53040 07 29 18.19 +22 45 16.0          21.0 Rq     C48
     AA05A15  C2021 08 29.94373 06 42 38.81 +61 59 49.8          20.1 RV     069
     AA05A15  C2021 08 29.95352 06 42 41.99 +61 59 27.5          20.5 RV     069
     AA05A15  C2021 08 29.96280 06 42 44.92 +61 59 04.9          20.3 RV     069


     AA05A15  C2021 08 29.96280 06 42 44.92 +61 59 04.9          20.3 RV     069
