     AA08A17* C2014 12 25.69932 11 35 22.11 +19 51 30.1          19.2 Vu     C15
     AA08A17  C2014 12 25.71205 11 35 19.57 +19 51 23.2          19.5 Vu     C15
     AA08A17  C2014 12 25.72473 11 35 17.03 +19 51 14.8          19.2 Vu     C15
     AA08A17  C2018 02 15.54014 06 15 12.98 +27 14 23.5          21.2 Rq     C48
     AA08A17  C2018 02 15.55580 06 15 13.01 +27 14 23.8          20.6 Rq     C48
     AA08A17  C2018 02 15.57139 06 15 13.04 +27 14 23.7          20.5 Rq     C48
     AA08A17  C2018 02 15.58703 06 15 13.05 +27 14 23.4          20.3 Rq     C48
     AA08A17  C2018 02 15.60264 06 15 13.13 +27 14 23.3          20.9 Rq     C48
     AA08A17  C2021 11 08.89855 03 00 16.52 +34 19 21.9          21.0 RV     069
     AA08A17  C2021 11 08.92896 03 00 16.48 +34 19 22.4          21.2 RV     069
     AA08A17  C2021 11 08.95903 03 00 16.44 +34 19 23.0          21.4 RV     069


     AA05A17  C2021 11 08.95903 03 00 01.64 +34 16 42.8          21.6 RV     069
     AA07A17  C2021 11 08.95903 03 00 56.74 +34 04 36.8          21.1 RV     069
     AA08A17  C2021 11 08.95903 03 00 16.44 +34 19 23.0          21.4 RV     069
     AA11A17  C2021 11 08.95903 03 00 17.85 +34 14 23.5          21.5 RV     069
