     9982047* C2016 09 27.61246 02 44 24.89 +03 46 58.9          23.9 g      568
     9982047  C2016 09 27.62473 02 44 24.62 +03 46 54.3          24.6 g      568
     9982047  C2016 09 28.54927 02 44 05.55 +03 41 01.4          24.2 g      568
     9982047  C2016 09 28.58477 02 44 04.73 +03 40 47.8          24.1 g      568
     9982047  C2016 09 29.47670 02 43 45.37 +03 35 04.8          24.2 g      568
     9982047  C2016 09 29.51325 02 43 44.49 +03 34 50.7          24.4 g      568
     9982047  C2016 09 29.63378 02 43 41.58 +03 34 04.1          24.0 g      568


     9981002  C2016 09 29.63378 02 41 54.12 +02 54 49.8          25.1 g      568
     9981004  C2016 09 29.63378 02 43 24.59 +03 20 54.0          23.1 g      568
     9981006  C2016 09 29.63378 02 43 20.27 +03 28 35.4          23.8 g      568
     9981010  C2016 09 29.63378 02 41 21.65 +03 13 16.4          23.5 g      568
     9982040  C2016 09 29.63378 02 43 48.10 +03 24 51.4          24.5 g      568
     9982042  C2016 09 29.63378 02 43 28.64 +03 27 33.4          23.8 g      568
     9982047  C2016 09 29.63378 02 43 41.58 +03 34 04.1          24.0 g      568
     9982050  C2016 09 29.63378 02 44 23.91 +03 46 58.4          24.0 g      568
     M9739c5  C2016 09 29.63378 02 42 35.79 +02 53 30.9          23.3 g      568
