     9981002  C2016 09 27.49201 02 42 31.39 +03 00 17.3          24.6 g      568
     9981002* C2016 09 27.61246 02 42 29.18 +02 59 58.8          24.6 g      568
     9981002  C2016 09 28.50135 02 42 14.54 +02 57 41.7          24.6 g      568
     9981002  C2016 09 28.54927 02 42 13.58 +02 57 34.4          24.8 g      568
     9981002  C2016 09 28.63421 02 42 11.88 +02 57 21.1          24.7 g      568
     9981002  C2016 09 29.56048 02 41 54.81 +02 54 56.6          24.7 g      568
     9981002  C2016 09 29.59545 02 41 54.05 +02 54 51.1          24.8 g      568
     9981002  C2016 09 29.63378 02 41 54.12 +02 54 49.8          25.1 g      568


     9981002  C2016 09 29.63378 02 41 54.12 +02 54 49.8          25.1 g      568
     M9739c5  C2016 09 29.63378 02 42 35.79 +02 53 30.9          23.3 g      568
