     AA12A22* C2014 12 25.64904 11 14 50.16 +19 31 56.5          18.2 Vu     C15
     AA12A22  C2014 12 25.66176 11 14 50.95 +19 31 29.4          18.9 Vu     C15
     AA12A22  C2014 12 25.68727 11 14 52.21 +19 30 36.8          19.3 Vu     C15
     AA12A22  C2021 11 12.97458 03 04 27.28 +34 41 28.5          21.6 RV     069
     AA12A22  C2021 11 12.99647 03 04 29.13 +34 40 05.0          21.8 RV     069
     AA12A22  C2021 11 13.01813 03 04 31.02 +34 38 43.5          21.5 RV     069


     AA09A22  C2021 11 13.01813 03 04 57.05 +34 40 50.5          21.3 RV     069
     AA12A22  C2021 11 13.01813 03 04 31.02 +34 38 43.5          21.5 RV     069
     AA13A22  C2021 11 13.01813 03 03 43.19 +34 43 40.3          21.6 RV     069
     AA13A26  C2021 11 15.08537 03 05 13.38 +34 01 48.2          21.0 RV     069
     AA13A26  C2021 11 15.11611 03 05 18.68 +34 01 05.8          21.0 RV     069
     AA13A26  C2021 11 15.13750 03 05 22.43 +34 00 37.1          20.7 RV     069
     AA23A26  C2021 11 15.08537 03 05 23.44 +34 11 25.0          21.1 RV     069
     AA23A26  C2021 11 15.11611 03 05 23.97 +34 10 46.4          20.9 RV     069
     AA23A26  C2021 11 15.13750 03 05 24.37 +34 10 19.5          21.2 RV     069
     AA33A26  C2021 11 15.08537 03 05 31.15 +34 14 20.1          21.2 RV     069
     AA13A26  C2021 11 15.08537 03 05 13.38 +34 01 48.2          21.0 RV     069
     AA13A26  C2021 11 15.11611 03 05 18.68 +34 01 05.8          21.0 RV     069
     AA13A26  C2021 11 15.13750 03 05 22.43 +34 00 37.1          20.7 RV     069
     AA23A26  C2021 11 15.08537 03 05 23.44 +34 11 25.0          21.1 RV     069
     AA23A26  C2021 11 15.11611 03 05 23.97 +34 10 46.4          20.9 RV     069
     AA23A26  C2021 11 15.13750 03 05 24.37 +34 10 19.5          21.2 RV     069
