     AL6959 * C2008 09 25.23049 23 28 00.63 +04 39 42.2          20.2 Rr     683
     AL6959   C2008 09 25.24389 23 28 00.30 +04 39 40.6          20.2 Rr     683
     AL6959   C2008 09 25.25729 23 27 59.79 +04 39 39.3          20.7 Rr     683
     AL6959  *C2009 01 31.24149 03 53 22.26 +10 45 48.2          22.9 go     568
     AL6959  *C2009 01 31.32481 03 53 24.15 +10 45 58.9          22.9 go     568
     AL6959  *C2009 01 31.34433 03 53 24.59 +10 46 01.4          22.9 go     568
     AL6959  *C2009 02 01.21646 03 53 46.54 +10 47 56.7          23.3 go     568
     AL6959  *C2009 02 01.28675 03 53 48.23 +10 48 06.0          23.2 go     568
     AL6959  *C2009 02 01.32078 03 53 49.06 +10 48 10.6          23.0 go     568


     AL6942  *C2009 02 01.32078 03 54 19.21 +10 59 18.8          23.3 go     568
     AL6951  *C2009 02 01.32078 03 55 33.07 +10 42 12.0          23.8 go     568
     AL6956  *C2009 02 01.32078 03 54 33.89 +10 55 36.7          23.4 go     568
     AL6959  *C2009 02 01.32078 03 53 49.06 +10 48 10.6          23.0 go     568
     AL6987  *C2009 02 01.32078 03 53 46.81 +11 02 12.7          23.1 go     568
     AL6988  *C2009 02 01.32078 03 53 18.15 +10 54 22.7          23.4 go     568
     AL7000  *C2009 02 01.32078 03 53 47.30 +10 37 40.8          22.9 go     568
     AL7002  *C2009 02 01.32078 03 53 10.20 +10 46 45.2          23.5 go     568
