     AA02A06* C2014 10 21.75814 09 43 44.99 +03 14 17.6          18.1 Vu     C15
     AA02A06  C2014 10 21.76947 09 43 42.26 +03 14 02.9          18.3 Vu     C15
     AA02A06  C2014 10 21.78081 09 43 39.35 +03 13 52.2          18.6 Vu     C15
     AA02A06  C2014 10 21.79220 09 43 36.56 +03 13 38.0          18.5 Vu     C15
     AA02A06  C2021 08 22.04203 05 42 18.51 +53 02 01.0          19.6 RV     069
     AA02A06  C2021 08 22.05075 05 42 17.55 +53 02 25.6          19.2 RV     069
     AA02A06  C2021 08 22.05976 05 42 16.61 +53 02 50.9          19.5 RV     069
     AA02A06  C2021 08 29.90944 06 55 59.35 +60 47 25.0          19.8 RV     069
     AA02A06  C2021 08 29.91921 06 56 02.86 +60 47 28.6          20.3 RV     069
     AA02A06  C2021 08 29.92856 06 56 06.31 +60 47 30.1          20.1 RV     069
     AA02A06  C2021 08 29.93846 06 56 09.85 +60 47 33.7          20.6 RV     069


     AA02A06  C2021 08 29.93846 06 56 09.85 +60 47 33.7          20.6 RV     069
