     AA10A03* C2014 11 25.50716 06 55 23.91 +41 34 51.9          20.3 Vu     C15
     AA10A03  C2014 11 25.53263 06 55 18.71 +41 34 31.2          19.7 Vu     C15
     AA10A03  C2014 11 25.54539 06 55 16.31 +41 34 22.4          19.7 Vu     C15
     AA10A03  C2021 09 15.94753 00 36 28.07 +13 59 27.9          20.8 RV     069
     AA10A03  C2021 09 15.97721 00 36 28.11 +13 59 28.2          20.9 RV     069
     AA10A03  C2021 09 16.00652 00 36 28.15 +13 59 28.4          21.0 RV     069


     AA10A03  C2021 09 16.00652 00 36 28.15 +13 59 28.4          21.0 RV     069
     AA20A03  C2021 09 16.00652 00 37 01.55 +13 55 40.7          21.3 RV     069
     AA21A03  C2021 09 16.00652 00 37 30.44 +13 50 11.7          21.3 RV     069
     AA36A03  C2021 09 16.00652 00 36 36.76 +14 08 15.6          21.3 RV     069
     AA40A03  C2021 09 16.00652 00 36 56.80 +13 55 04.6          21.8 RV     069
     AA44A03  C2021 09 16.00652 00 36 41.50 +13 53 14.0          21.8 RV     069
     CE2142A  C2021 09 16.00652 00 36 45.80 +14 07 08.0          21.9 Ro     069
     CE2174F  C2021 09 16.00652 00 37 41.40 +13 57 42.2          21.5 Ro     069
     CE21751  C2021 09 16.00652 00 37 05.13 +13 59 59.6          21.6 Ro     069
