     ALA2yt  *C2022 10 29.41583 03 37 54.59 +14 56 52.0          24.5        568
     ALA2yt  *C2022 10 29.41935 03 37 54.42 +14 56 51.4          25.0        568
     ALA2yt  *C2022 10 29.42288 03 37 54.25 +14 56 50.6          24.6        568
     ALA2yt  *C2022 10 30.52601 03 37 04.42 +14 53 09.6                      568
     ALA2yt  *C2022 10 30.52955 03 37 04.25 +14 53 09.1                      568
     ALA2yt  *C2022 10 30.53308 03 37 04.09 +14 53 08.3                      568
     ALA2yt  *C2022 10 31.52874 03 36 18.37 +14 49 48.7          23.9        568
     ALA2yt  *C2022 10 31.53227 03 36 18.20 +14 49 47.9          24.3        568
     ALA2yt  *C2022 10 31.53580 03 36 18.01 +14 49 47.2          24.9        568


     ALA2yt  *C2022 10 31.53580 03 36 18.01 +14 49 47.2          24.9        568
     ALA2zN  *C2022 10 31.53946 03 33 15.54 +14 35 44.8          23.5        568
     ALA2zN  *C2022 10 31.54299 03 33 15.38 +14 35 43.4          23.6        568
     ALA2zN  *C2022 10 31.54652 03 33 15.22 +14 35 42.1          23.7        568
     ALA2zt  *C2022 10 31.53946 03 33 15.91 +14 38 19.6          23.9        568
     ALA2zt  *C2022 10 31.54299 03 33 15.79 +14 38 19.2          24.1        568
     ALA2zt  *C2022 10 31.54652 03 33 15.69 +14 38 18.8          23.9        568
     ALA30W  *C2022 10 31.53946 03 32 20.66 +14 23 45.5          23.6        568
     ALA30W  *C2022 10 31.54299 03 32 20.47 +14 23 45.7          23.8        568
     ALA30W  *C2022 10 31.54652 03 32 20.29 +14 23 45.8          24.1        568
     ALA30Y  *C2022 10 31.53946 03 32 21.01 +14 12 46.5          23.6        568
     ALA30Y  *C2022 10 31.54299 03 32 20.83 +14 12 45.9          23.7        568
     ALA30Y  *C2022 10 31.54652 03 32 20.64 +14 12 45.3          23.7        568
     ALA31B  *C2022 10 31.53946 03 31 58.33 +14 09 02.2          24.2        568
     ALA31B  *C2022 10 31.54299 03 31 58.15 +14 09 01.2          24.5        568
     ALA31B  *C2022 10 31.54652 03 31 57.98 +14 09 00.2          24.1        568
     ALA31D  *C2022 10 31.53946 03 32 00.15 +14 27 02.3          24.2        568
     ALA31D  *C2022 10 31.54299 03 31 59.95 +14 27 02.1          24.0        568
     ALA31D  *C2022 10 31.54652 03 31 59.76 +14 27 02.0          24.3        568
     ALA31E  *C2022 10 31.53946 03 32 58.49 +14 34 37.2          23.8        568
     ALA31E  *C2022 10 31.54299 03 32 58.33 +14 34 36.6          23.9        568
     ALA31E  *C2022 10 31.54652 03 32 58.13 +14 34 36.1          24.2        568
     ALA31f  *C2022 10 31.53946 03 32 26.350+14 14 18.38                     568
     ALA31f  *C2022 10 31.54299 03 32 26.239+14 14 17.41                     568
     ALA31f  *C2022 10 31.54652 03 32 26.141+14 14 16.51                     568
     ALA31I  *C2022 10 31.53946 03 30 39.85 +14 35 03.5          24.0        568
     ALA31I  *C2022 10 31.54299 03 30 39.58 +14 35 03.2          23.8        568
     ALA31I  *C2022 10 31.54652 03 30 39.33 +14 35 02.9          23.7        568
     ALA31j  *C2022 10 31.53946 03 31 09.25 +14 11 16.9          25.3        568
     ALA31j  *C2022 10 31.54299 03 31 08.99 +14 11 16.0          24.9        568
     ALA31j  *C2022 10 31.54652 03 31 08.80 +14 11 15.2          24.5        568
     ALA31J  *C2022 10 31.53946 03 31 50.75 +14 35 26.2          23.4        568
     ALA31J  *C2022 10 31.54299 03 31 50.65 +14 35 25.6          23.4        568
     ALA31J  *C2022 10 31.54652 03 31 50.54 +14 35 25.3          23.4        568
     ALA31m  *C2022 10 31.53946 03 30 40.56 +14 21 01.2          23.6        568
     ALA31m  *C2022 10 31.54299 03 30 40.38 +14 21 00.4          23.0        568
     ALA31m  *C2022 10 31.54652 03 30 40.21 +14 20 59.9          23.5        568
     ALA31N  *C2022 10 31.53946 03 30 56.67 +14 26 45.5          23.4        568
     ALA31N  *C2022 10 31.54299 03 30 56.52 +14 26 44.9          23.6        568
     ALA31N  *C2022 10 31.54652 03 30 56.38 +14 26 44.3          23.3        568
     ALA31r  *C2022 10 31.53946 03 30 56.57 +14 11 14.6          23.9        568
     ALA31r  *C2022 10 31.54299 03 30 56.40 +14 11 14.0          23.9        568
     ALA31r  *C2022 10 31.54652 03 30 56.24 +14 11 13.5          24.0        568
     ALA31t  *C2022 10 31.53946 03 31 03.90 +14 16 02.4          24.6        568
     ALA31t  *C2022 10 31.54299 03 31 03.79 +14 16 01.9          24.7        568
     ALA31t  *C2022 10 31.54652 03 31 03.69 +14 16 01.2          24.2        568
     ALA31w  *C2022 10 31.53946 03 30 43.08 +14 19 34.9          23.0        568
     ALA31w  *C2022 10 31.54299 03 30 42.95 +14 19 34.3          23.3        568
     ALA31w  *C2022 10 31.54652 03 30 42.82 +14 19 33.8          23.3        568
     ALA38d  *C2022 10 31.53946 03 32 34.91 +14 41 23.8          23.0        568
     ALA38d  *C2022 10 31.54299 03 32 34.73 +14 41 23.1          22.8        568
     ALA38d  *C2022 10 31.54652 03 32 34.55 +14 41 22.3          22.8        568
     ALA3a8  *C2022 10 31.53580 03 37 13.02 +14 55 14.2          25.2        568
     ALA3aC  *C2022 10 31.53580 03 36 55.63 +14 52 49.8          24.9        568
     ALA3aE  *C2022 10 31.53580 03 36 45.98 +14 56 52.7          21.9        568
     ALA3aG  *C2022 10 31.53580 03 36 31.46 +14 58 59.8          22.5        568
     ALA3aH  *C2022 10 31.53580 03 36 24.71 +14 58 38.1          22.2        568
     ALA3Ak  *C2022 10 31.53946 03 30 39.96 +14 26 42.7          23.5        568
     ALA3Ak  *C2022 10 31.54299 03 30 39.76 +14 26 42.1          23.6        568
     ALA3Ak  *C2022 10 31.54652 03 30 39.51 +14 26 41.2          23.8        568
     ALA3aL  *C2022 10 31.53580 03 36 22.19 +14 50 24.5          23.9        568
     ALA3aM  *C2022 10 31.53580 03 35 49.85 +14 50 52.1          23.4        568
     ALA3aO  *C2022 10 31.53580 03 36 02.62 +14 55 01.4          22.9        568
     ALA3aq  *C2022 10 31.53580 03 37 18.62 +14 40 26.1          23.1        568
     ALA3aR  *C2022 10 31.53580 03 35 33.82 +14 47 36.3          24.6        568
     ALA3AR  *C2022 10 31.53946 03 32 08.72 +14 42 22.8          23.0        568
     ALA3AR  *C2022 10 31.54299 03 32 08.53 +14 42 23.4          23.0        568
     ALA3AR  *C2022 10 31.54652 03 32 08.34 +14 42 23.6          23.0        568
     ALA3ax  *C2022 10 31.53580 03 36 51.41 +14 42 17.4          22.4        568
     ALA3aX  *C2022 10 31.53580 03 35 13.16 +14 57 31.0          23.0        568
     ALA3az  *C2022 10 31.53580 03 36 22.26 +14 35 20.0          24.5        568
     ALA3b2  *C2022 10 31.53580 03 35 56.04 +14 37 20.4          25.1        568
     ALA3b6  *C2022 10 31.53580 03 35 26.73 +14 43 32.7          23.8        568
     ALA3b8  *C2022 10 31.53580 03 35 32.67 +14 38 41.6          24.1        568
     ALA3c0  *C2022 10 31.53580 03 34 03.19 +14 23 35.8          23.0        568
     ALA3cj  *C2022 10 31.53580 03 33 37.06 +14 36 40.1          25.3        568
     ALA3cs  *C2022 10 31.53580 03 33 40.90 +14 17 07.9          24.5        568
     ALA3ct  *C2022 10 31.53580 03 33 36.93 +14 27 03.9          23.4        568
     ALA3cu  *C2022 10 31.53580 03 33 44.73 +14 22 00.1          24.7        568
     ALA3cv  *C2022 10 31.53580 03 33 35.49 +14 27 42.8          24.6        568
     ALA3cy  *C2022 10 31.53946 03 33 42.90 +14 37 49.7          25.0        568
     ALA3cy  *C2022 10 31.54299 03 33 42.74 +14 37 49.0          24.7        568
     ALA3cy  *C2022 10 31.54652 03 33 42.56 +14 37 48.4          24.2        568
     ALA3d3  *C2022 10 31.53946 03 32 46.08 +14 34 57.3          25.6        568
     ALA3d3  *C2022 10 31.54299 03 32 45.88 +14 34 57.0          25.2        568
     ALA3d3  *C2022 10 31.54652 03 32 45.72 +14 34 56.7          24.9        568
     ALA3d4  *C2022 10 31.53946 03 32 44.16 +14 35 19.3          24.3        568
     ALA3d4  *C2022 10 31.54299 03 32 43.97 +14 35 18.5          23.8        568
     ALA3d4  *C2022 10 31.54652 03 32 43.85 +14 35 18.1          24.7        568
     ALA3d5  *C2022 10 31.53946 03 32 52.41 +14 37 28.2          24.4        568
     ALA3d5  *C2022 10 31.54299 03 32 52.24 +14 37 26.8          24.6        568
     ALA3d5  *C2022 10 31.54652 03 32 52.09 +14 37 25.7          25.0        568
     ALA3d6  *C2022 10 31.53946 03 32 45.76 +14 42 49.7          22.6        568
     ALA3d6  *C2022 10 31.54299 03 32 45.55 +14 42 48.8          23.4        568
     ALA3d6  *C2022 10 31.54652 03 32 45.39 +14 42 47.8          23.6        568
     ALA3dA  *C2022 10 31.53946 03 32 34.27 +14 36 44.6          25.3        568
     ALA3dA  *C2022 10 31.54299 03 32 34.13 +14 36 43.3          24.6        568
     ALA3dA  *C2022 10 31.54652 03 32 34.03 +14 36 42.4          24.9        568
     ALA3dB  *C2022 10 31.53946 03 32 27.93 +14 40 18.8          24.6        568
     ALA3dB  *C2022 10 31.54299 03 32 27.75 +14 40 18.1          24.6        568
     ALA3dB  *C2022 10 31.54652 03 32 27.52 +14 40 17.4          24.6        568
     ALA3dc  *C2022 10 31.53946 03 33 27.48 +14 23 43.8          23.8        568
     ALA3dc  *C2022 10 31.54299 03 33 27.27 +14 23 44.1          24.0        568
     ALA3dc  *C2022 10 31.54652 03 33 27.08 +14 23 44.2          24.3        568
     ALA3dD  *C2022 10 31.53946 03 32 17.69 +14 40 51.9          23.2        568
     ALA3dD  *C2022 10 31.54299 03 32 17.52 +14 40 51.2          23.2        568
     ALA3dD  *C2022 10 31.54652 03 32 17.35 +14 40 50.5          23.2        568
     ALA3df  *C2022 10 31.53946 03 32 56.44 +14 19 15.0          23.7        568
     ALA3df  *C2022 10 31.54299 03 32 56.32 +14 19 14.1          23.6        568
     ALA3df  *C2022 10 31.54652 03 32 56.22 +14 19 13.4          23.6        568
     ALA3dg  *C2022 10 31.53946 03 33 00.63 +14 23 56.2          23.0        568
     ALA3dg  *C2022 10 31.54299 03 33 00.40 +14 23 55.4          23.0        568
     ALA3dg  *C2022 10 31.54652 03 33 00.18 +14 23 54.6          23.0        568
     ALA3dj  *C2022 10 31.53946 03 32 54.89 +14 24 51.8          23.6        568
     ALA3dj  *C2022 10 31.54299 03 32 54.74 +14 24 50.6          23.3        568
     ALA3dj  *C2022 10 31.54652 03 32 54.60 +14 24 49.3          23.7        568
     ALA3dl  *C2022 10 31.53946 03 32 57.38 +14 16 21.3          24.0        568
     ALA3dl  *C2022 10 31.54299 03 32 57.28 +14 16 20.8          23.8        568
     ALA3dl  *C2022 10 31.54652 03 32 57.17 +14 16 20.3          24.3        568
     ALA3dm  *C2022 10 31.53946 03 32 31.38 +14 19 54.4          24.4        568
     ALA3dm  *C2022 10 31.54299 03 32 31.27 +14 19 54.0          24.1        568
     ALA3dm  *C2022 10 31.54652 03 32 31.16 +14 19 53.7          24.2        568
     ALA3dM  *C2022 10 31.53946 03 31 30.02 +14 34 00.9          24.7        568
     ALA3dM  *C2022 10 31.54299 03 31 29.79 +14 34 00.3          25.0        568
     ALA3dM  *C2022 10 31.54652 03 31 29.63 +14 33 59.9          24.4        568
     ALA3dn  *C2022 10 31.53946 03 32 18.86 +14 22 48.0          24.7        568
     ALA3dn  *C2022 10 31.54299 03 32 18.76 +14 22 47.9          24.7        568
     ALA3dn  *C2022 10 31.54652 03 32 18.62 +14 22 47.6          24.8        568
     ALA3dN  *C2022 10 31.53946 03 30 56.73 +14 39 48.3          25.2        568
     ALA3dN  *C2022 10 31.54299 03 30 56.56 +14 39 47.8          25.1        568
     ALA3dN  *C2022 10 31.54652 03 30 56.35 +14 39 46.7          25.4        568
     ALA3dO  *C2022 10 31.53946 03 31 00.54 +14 31 42.2          24.5        568
     ALA3dO  *C2022 10 31.54299 03 31 00.36 +14 31 41.0          24.2        568
     ALA3dO  *C2022 10 31.54652 03 31 00.20 +14 31 40.1          24.6        568
     ALA3ds  *C2022 10 31.53946 03 31 58.37 +14 28 23.6          24.2        568
     ALA3ds  *C2022 10 31.54299 03 31 58.23 +14 28 23.3          24.5        568
     ALA3ds  *C2022 10 31.54652 03 31 58.04 +14 28 22.5          24.5        568
     ALA3dS  *C2022 10 31.53946 03 30 43.99 +14 37 35.6          24.0        568
     ALA3dS  *C2022 10 31.54299 03 30 43.83 +14 37 34.7          24.0        568
     ALA3dS  *C2022 10 31.54652 03 30 43.68 +14 37 33.4          23.8        568
     ALA3dT  *C2022 10 31.53946 03 30 42.62 +14 41 02.2          25.4        568
     ALA3dT  *C2022 10 31.54299 03 30 42.51 +14 41 01.7          25.0        568
     ALA3dT  *C2022 10 31.54652 03 30 42.40 +14 41 00.8          24.6        568
     ALA3dU  *C2022 10 31.53946 03 30 33.18 +14 41 56.8          24.2        568
     ALA3dU  *C2022 10 31.54299 03 30 33.00 +14 41 56.4          24.3        568
     ALA3dU  *C2022 10 31.54652 03 30 32.79 +14 41 55.7          24.6        568
     ALA3dv  *C2022 10 31.53946 03 31 55.97 +14 27 39.9          23.1        568
     ALA3dv  *C2022 10 31.54299 03 31 55.77 +14 27 39.6          23.2        568
     ALA3dv  *C2022 10 31.54652 03 31 55.58 +14 27 39.2          23.0        568
     ALA3dw  *C2022 10 31.53946 03 31 49.71 +14 16 12.3          23.7        568
     ALA3dw  *C2022 10 31.54299 03 31 49.51 +14 16 10.9          23.5        568
     ALA3dw  *C2022 10 31.54652 03 31 49.33 +14 16 09.3          22.6        568
     ALA3dW  *C2022 10 31.53946 03 30 09.66 +14 43 47.7          24.2        568
     ALA3dW  *C2022 10 31.54299 03 30 09.54 +14 43 47.4          24.3        568
     ALA3dW  *C2022 10 31.54652 03 30 09.43 +14 43 46.8          24.6        568
     ALA3dY  *C2022 10 31.53946 03 30 10.54 +14 42 20.7          23.7        568
     ALA3dY  *C2022 10 31.54299 03 30 10.35 +14 42 19.7          23.5        568
     ALA3dY  *C2022 10 31.54652 03 30 10.13 +14 42 18.1          24.2        568
     ALA3dz  *C2022 10 31.53946 03 31 14.18 +14 27 58.5          24.8        568
     ALA3dz  *C2022 10 31.54299 03 31 14.02 +14 27 56.6          23.9        568
     ALA3dz  *C2022 10 31.54652 03 31 13.89 +14 27 55.1          24.4        568
     ALA3dZ  *C2022 10 31.53946 03 33 48.13 +14 23 52.5          25.2        568
     ALA3dZ  *C2022 10 31.54299 03 33 47.97 +14 23 52.7          25.5        568
     ALA3dZ  *C2022 10 31.54652 03 33 47.76 +14 23 53.1          25.2        568
     ALA3e4  *C2022 10 31.53946 03 30 44.57 +14 28 32.2          23.6        568
     ALA3e4  *C2022 10 31.54299 03 30 44.41 +14 28 31.6          24.3        568
     ALA3e4  *C2022 10 31.54652 03 30 44.22 +14 28 30.9          24.1        568
     ALA3e7  *C2022 10 31.53946 03 30 36.54 +14 20 31.1          24.4        568
     ALA3e7  *C2022 10 31.54299 03 30 36.36 +14 20 30.3          24.4        568
     ALA3e7  *C2022 10 31.54652 03 30 36.16 +14 20 29.1          24.5        568
     ALA3eh  *C2022 10 31.53946 03 31 14.07 +14 02 05.7          24.2        568
     ALA3eh  *C2022 10 31.54299 03 31 13.88 +14 02 05.7          24.3        568
     ALA3eh  *C2022 10 31.54652 03 31 13.70 +14 02 05.6          23.9        568
     ALA3eH  *C2022 10 31.53946 03 33 40.07 +14 13 01.5          24.4        568
     ALA3eH  *C2022 10 31.54299 03 33 39.85 +14 13 00.2          25.0        568
     ALA3eH  *C2022 10 31.54652 03 33 39.64 +14 12 59.2          24.0        568
     ALA3el  *C2022 10 31.53946 03 30 59.33 +14 11 08.0          23.2        568
     ALA3el  *C2022 10 31.54299 03 30 59.10 +14 11 08.5          23.2        568
     ALA3el  *C2022 10 31.54652 03 30 58.86 +14 11 09.2          23.1        568
     ALA3em  *C2022 10 31.53946 03 31 14.00 +14 09 45.9          24.1        568
     ALA3em  *C2022 10 31.54299 03 31 13.89 +14 09 45.4          24.6        568
     ALA3em  *C2022 10 31.54652 03 31 13.73 +14 09 44.8          24.3        568
     ALA3eM  *C2022 10 31.53946 03 33 17.23 +14 11 34.2          24.8        568
     ALA3eM  *C2022 10 31.54299 03 33 16.97 +14 11 35.1          24.3        568
     ALA3eM  *C2022 10 31.54652 03 33 16.77 +14 11 35.9          24.4        568
     ALA3en  *C2022 10 31.53946 03 31 10.96 +14 04 21.5          24.6        568
     ALA3en  *C2022 10 31.54299 03 31 10.78 +14 04 21.0          25.1        568
     ALA3en  *C2022 10 31.54652 03 31 10.65 +14 04 20.7          25.3        568
     ALA3eR  *C2022 10 31.53946 03 33 01.58 +14 12 10.5          24.6        568
     ALA3eR  *C2022 10 31.54299 03 33 01.40 +14 12 08.6          24.6        568
     ALA3eR  *C2022 10 31.54652 03 33 01.23 +14 12 06.9          24.5        568
     ALA3eW  *C2022 10 31.53946 03 31 57.26 +14 02 11.2          24.5        568
     ALA3eW  *C2022 10 31.54299 03 31 57.10 +14 02 10.8          24.3        568
     ALA3eW  *C2022 10 31.54652 03 31 56.93 +14 02 10.1          24.6        568
     ALA3eX  *C2022 10 31.53946 03 31 56.61 +14 13 04.7          24.0        568
     ALA3eX  *C2022 10 31.54299 03 31 56.47 +14 13 03.4          24.5        568
     ALA3eX  *C2022 10 31.54652 03 31 56.31 +14 13 02.0          24.7        568
     ALA3eZ  *C2022 10 31.53946 03 32 04.51 +14 07 53.7          24.4        568
     ALA3eZ  *C2022 10 31.54299 03 32 04.24 +14 07 52.9          24.3        568
     ALA3eZ  *C2022 10 31.54652 03 32 03.96 +14 07 51.9          24.9        568
     ALA3Ia  *C2022 10 31.53580 03 36 54.28 +14 49 09.2          23.8        568
     ALA3Ie  *C2022 10 31.53580 03 36 30.04 +14 50 21.1          22.9        568
     ALA3Io  *C2022 10 31.53580 03 35 30.57 +14 54 54.3          23.7        568
     ALA3It  *C2022 10 31.53580 03 35 12.54 +14 54 18.4          23.7        568
     ALA3JT  *C2022 10 31.53580 03 36 04.30 +14 40 52.1          24.8        568
     ALA3Ju  *C2022 10 31.53946 03 33 15.81 +14 36 43.8          24.0        568
     ALA3Ju  *C2022 10 31.54299 03 33 15.63 +14 36 43.1          24.3        568
     ALA3Ju  *C2022 10 31.54652 03 33 15.44 +14 36 42.4          23.8        568
     ALA3JU  *C2022 10 31.53580 03 36 16.79 +14 37 55.4          24.4        568
     ALA3M1  *C2022 10 31.53946 03 31 04.36 +14 24 30.8          23.1        568
     ALA3M1  *C2022 10 31.54299 03 31 04.17 +14 24 30.2          23.7        568
     ALA3M1  *C2022 10 31.54652 03 31 04.00 +14 24 29.6          23.6        568
     ALA3M8  *C2022 10 31.53946 03 30 44.25 +14 22 29.9          23.4        568
     ALA3M8  *C2022 10 31.54299 03 30 44.14 +14 22 28.9          23.4        568
     ALA3M8  *C2022 10 31.54652 03 30 44.04 +14 22 27.9          23.6        568
     ALA3MM  *C2022 10 31.53946 03 32 56.15 +14 10 36.6          24.0        568
     ALA3MM  *C2022 10 31.54299 03 32 55.99 +14 10 36.1          24.0        568
     ALA3MM  *C2022 10 31.54652 03 32 55.79 +14 10 35.4          23.8        568
     ALA3MQ  *C2022 10 31.53946 03 32 48.52 +14 11 16.6          23.8        568
     ALA3MQ  *C2022 10 31.54299 03 32 48.39 +14 11 16.0          23.7        568
     ALA3MQ  *C2022 10 31.54652 03 32 48.27 +14 11 15.5          23.6        568
     ALA3MR  *C2022 10 31.53946 03 32 05.93 +14 03 52.5          24.0        568
     ALA3MR  *C2022 10 31.54299 03 32 05.76 +14 03 51.2          24.1        568
     ALA3MR  *C2022 10 31.54652 03 32 05.60 +14 03 49.9          24.0        568
     ALA3MV  *C2022 10 31.53946 03 32 04.77 +14 04 19.3          24.2        568
     ALA3MV  *C2022 10 31.54299 03 32 04.62 +14 04 18.8          24.6        568
     ALA3MV  *C2022 10 31.54652 03 32 04.40 +14 04 18.1          24.4        568
     ALA3SI  *C2022 10 31.53580 03 37 25.95 +14 48 34.1          23.2        568
     ALA3Tl  *C2022 10 31.53580 03 34 01.48 +14 23 51.1          22.7        568
     ALA3ua  *C2022 10 31.53580 03 34 05.119+14 24 27.11         24.1 g      568
     P21Bn8f  C2022 11 01.34778403 31 48.757+14 53 09.48         21.75wU     F52
     P21Bn8f  C2022 11 01.35854303 31 48.246+14 53 05.50         21.51wU     F52
     P21Bn8f  C2022 11 01.38010903 31 47.181+14 52 56.22         21.67wU     F52
     ALA3cy  *C2022 10 31.53946 03 33 42.90 +14 37 49.7          25.0        568
     ALA3cy  *C2022 10 31.54299 03 33 42.74 +14 37 49.0          24.7        568
     ALA3cy  *C2022 10 31.54652 03 33 42.56 +14 37 48.4          24.2        568
     ALA3dc  *C2022 10 31.53946 03 33 27.48 +14 23 43.8          23.8        568
     ALA3dc  *C2022 10 31.54299 03 33 27.27 +14 23 44.1          24.0        568
     ALA3dc  *C2022 10 31.54652 03 33 27.08 +14 23 44.2          24.3        568
     ALA3dg  *C2022 10 31.53946 03 33 00.63 +14 23 56.2          23.0        568
     ALA3dg  *C2022 10 31.54299 03 33 00.40 +14 23 55.4          23.0        568
     ALA3dg  *C2022 10 31.54652 03 33 00.18 +14 23 54.6          23.0        568
     ALA3dj  *C2022 10 31.53946 03 32 54.89 +14 24 51.8          23.6        568
     ALA3dj  *C2022 10 31.54299 03 32 54.74 +14 24 50.6          23.3        568
     ALA3dj  *C2022 10 31.54652 03 32 54.60 +14 24 49.3          23.7        568
     ALA38d  *C2022 10 31.53946 03 32 34.91 +14 41 23.8          23.0        568
     ALA38d  *C2022 10 31.54299 03 32 34.73 +14 41 23.1          22.8        568
     ALA38d  *C2022 10 31.54652 03 32 34.55 +14 41 22.3          22.8        568
     ALA3d6  *C2022 10 31.53946 03 32 45.76 +14 42 49.7          22.6        568
     ALA3d6  *C2022 10 31.54299 03 32 45.55 +14 42 48.8          23.4        568
     ALA3d6  *C2022 10 31.54652 03 32 45.39 +14 42 47.8          23.6        568
     ALA3dB  *C2022 10 31.53946 03 32 27.93 +14 40 18.8          24.6        568
     ALA3dB  *C2022 10 31.54299 03 32 27.75 +14 40 18.1          24.6        568
     ALA3dB  *C2022 10 31.54652 03 32 27.52 +14 40 17.4          24.6        568
     ALA3dD  *C2022 10 31.53946 03 32 17.69 +14 40 51.9          23.2        568
     ALA3dD  *C2022 10 31.54299 03 32 17.52 +14 40 51.2          23.2        568
     ALA3dD  *C2022 10 31.54652 03 32 17.35 +14 40 50.5          23.2        568
