     AA06A17  C2018 02 15.54014 06 15 14.68 +27 29 18.8          20.4 Rq     C48
     AA06A17  C2018 02 15.55580 06 15 14.70 +27 29 18.8          20.1 Rq     C48
     AA06A17  C2018 02 15.57139 06 15 14.72 +27 29 18.6          20.0 Rq     C48
     AA06A17  C2018 02 15.58703 06 15 14.77 +27 29 18.1          19.9 Rq     C48
     AA06A17  C2018 02 15.60264 06 15 14.82 +27 29 18.1          20.1 Rq     C48
     AA06A17  C2018 02 19.53987 07 28 33.91 +23 26 35.3          21.1 Rq     C48
     AA06A17  C2018 02 19.54849 07 28 33.91 +23 26 35.4          21.3 Rq     C48
     AA06A17  C2018 02 19.55711 07 28 33.87 +23 26 36.2          21.5 Rq     C48
     AA06A17  C2018 02 19.56573 07 28 33.88 +23 26 36.6          21.6 Rq     C48
     AA06A17  C2018 02 19.57434 07 28 33.88 +23 26 37.3          22.0 Rq     C48
     AA06A17  C2021 11 08.89855 03 03 12.49 +34 28 53.0          21.0 RV     069
     AA06A17  C2021 11 08.92896 03 03 15.92 +34 29 39.0          21.6 RV     069
     AA06A17  C2021 11 08.95903 03 03 19.40 +34 30 23.3          21.0 RV     069


     AA06A17  C2021 11 08.95903 03 03 19.40 +34 30 23.3          21.0 RV     069
     AA08A24  C2021 11 15.07021 03 02 28.72 +34 21 07.7          20.8 RV     069
     AA08A24  C2021 11 15.09759 03 02 28.74 +34 21 05.3          20.4 RV     069
     AA08A24  C2021 11 15.12345 03 02 28.70 +34 21 04.4          20.4 RV     069
     AA10A24  C2021 11 15.09759 03 02 26.38 +34 19 00.7          20.5 RV     069
     AA10A24  C2021 11 15.12345 03 02 26.06 +34 20 30.4          20.9 RV     069
     AA12A19  C2021 11 08.97411 03 12 46.36 +36 47 27.9          21.4 RV     069
     AA13A17  C2021 11 08.95903 03 03 13.79 +34 12 35.3          21.6 RV     069
     AA13A22  C2021 11 12.97458 03 03 52.48 +34 45 25.1          21.5 RV     069
     AA13A22  C2021 11 12.99647 03 03 47.84 +34 44 32.8          21.8 RV     069
     AA13A22  C2021 11 13.01813 03 03 43.19 +34 43 40.3          21.6 RV     069
     AA17A24  C2021 11 15.07021 03 02 25.22 +34 31 51.5          21.2 RV     069
     AA17A24  C2021 11 15.09759 03 02 27.23 +34 31 12.6          21.2 RV     069
     AA17A24  C2021 11 15.12345 03 02 29.14 +34 30 35.8          21.1 RV     069
     AA29A26  C2021 11 15.13750 03 03 36.02 +34 13 50.2          21.2 RV     069
     AA12A22  C2021 11 12.97458 03 04 27.28 +34 41 28.5          21.6 RV     069
     AA12A22  C2021 11 12.99647 03 04 29.13 +34 40 05.0          21.8 RV     069
     AA12A22  C2021 11 13.01813 03 04 31.02 +34 38 43.5          21.5 RV     069
     AA13A22  C2021 11 12.97458 03 03 52.48 +34 45 25.1          21.5 RV     069
     AA13A22  C2021 11 12.99647 03 03 47.84 +34 44 32.8          21.8 RV     069
     AA12A22  C2021 11 12.97458 03 04 27.28 +34 41 28.5          21.6 RV     069
     AA12A22  C2021 11 12.99647 03 04 29.13 +34 40 05.0          21.8 RV     069
     AA12A22  C2021 11 13.01813 03 04 31.02 +34 38 43.5          21.5 RV     069
