     AL3982 * C2008 04 13.21462 12 14 35.77 +05 07 25.0          19.7 Rr     683
     AL3982   C2008 04 13.22803 12 14 35.48 +05 07 24.6          20.5 Rr     683
     AL3982  *C2009 03 02.34334 12 44 32.28 +11 23 44.8          20.2 ro     568
     AL3982  *C2009 03 02.37606 12 44 30.88 +11 23 49.3          19.9 ro     568
     AL3982  *C2009 03 02.41251 12 44 29.29 +11 23 54.5          20.0 ro     568
     AL3982  *C2009 03 03.45270 12 43 44.64 +11 26 15.0          20.4 ro     568
     AL3982  *C2009 03 03.49937 12 43 42.53 +11 26 21.2          20.1 ro     568
     AL3982  *C2009 03 03.56262 12 43 39.68 +11 26 29.4          20.2 ro     568


     AL3982  *C2009 03 03.56262 12 43 39.68 +11 26 29.4          20.2 ro     568
     AL4002  *C2009 03 03.56262 12 43 41.08 +11 16 20.0          22.6 ro     568
