     9497030  C2016 09 27.44254 02 45 58.40 +00 36 37.8          24.7 g      568
     9497030* C2016 09 27.51483 02 45 57.70 +00 36 26.2          25.0 g      568
     9497030  C2016 09 27.54019 02 45 57.45 +00 36 22.1          24.6 g      568
     9497030  C2016 09 27.56211 02 45 57.24 +00 36 18.6          24.6 g      568
     9497030  C2016 09 28.48908 02 45 48.47 +00 33 50.1          24.9 g      568
     9497030  C2016 09 28.57123 02 45 47.65 +00 33 37.0          24.8 g      568
     9497030  C2016 09 28.62207 02 45 47.14 +00 33 28.9          24.7 g      568
     9497030  C2016 09 29.46321 02 45 38.99 +00 31 14.1          24.8 g      568
     9497030  C2016 09 29.52367 02 45 38.37 +00 31 04.4          24.7 g      568


     9497025  C2016 09 29.52367 02 44 46.11 +00 16 48.5          24.8 g      568
     9497025  C2016 09 29.58304 02 44 44.14 +00 16 41.7          24.6 g      568
     9497026  C2016 09 29.52367 02 43 56.56 +00 14 14.1          24.7 g      568
     9497026  C2016 09 29.58304 02 43 54.80 +00 14 01.2          24.7 g      568
     9497028  C2016 09 29.52367 02 43 52.32 +00 18 32.6          24.4 g      568
     9497030  C2016 09 29.52367 02 45 38.37 +00 31 04.4          24.7 g      568
     9497031 NC2016 09 29.52367 02 45 24.91 +00 41 14.0          24.6 g      568
     9497031 NC2016 09 29.54877 02 45 24.81 +00 41 13.3          24.5 g      568
     9497031 NC2016 09 29.58304 02 45 24.67 +00 41 12.5          24.8 g      568
     9497025  C2016 09 29.58304 02 44 44.14 +00 16 41.7          24.6 g      568
     9497025  C2016 09 29.58304 02 44 44.14 +00 16 41.7          24.6 g      568
