     AA19A23* C2014 12 25.66223 11 12 53.01 +21 16 00.1          19.8 Vu     C15
     AA19A23  C2014 12 25.67499 11 13 02.83 +21 18 44.6          19.7 Vu     C15
     AA19A23  C2014 12 25.68774 11 13 12.69 +21 21 25.3          19.7 Vu     C15
     AA19A23  C2021 11 12.98189 03 02 18.77 +36 17 12.7          21.8 RV     069
     AA19A23  C2021 11 13.00311 03 02 18.07 +36 17 01.4          21.4 RV     069
     AA19A23  C2021 11 13.02505 03 02 17.42 +36 16 50.1          21.2 RV     069


     AA17A23  C2021 11 13.02505 03 01 56.27 +36 10 04.7          21.0 RV     069
     AA19A23  C2021 11 13.02505 03 02 17.42 +36 16 50.1          21.2 RV     069
