     AA05A17  C2018 02 15.54014 06 16 48.13 +27 43 40.5          18.6 Rq     C48
     AA05A17  C2018 02 15.55580 06 16 48.13 +27 43 40.7          18.6 Rq     C48
     AA05A17  C2018 02 15.57139 06 16 48.14 +27 43 40.9          18.5 Rq     C48
     AA05A17  C2018 02 15.58703 06 16 48.17 +27 43 41.4          19.5 Rq     C48
     AA05A17  C2018 02 15.60264 06 16 48.21 +27 43 41.7          19.8 Rq     C48
     AA05A17  C2018 02 19.53987 07 27 49.53 +23 32 33.8          21.0 Rq     C48
     AA05A17  C2018 02 19.54849 07 27 49.54 +23 32 34.1          20.0 Rq     C48
     AA05A17  C2018 02 19.55711 07 27 49.53 +23 32 34.7          21.7 Rq     C48
     AA05A17  C2018 02 19.56573 07 27 49.49 +23 32 34.6          21.5 Rq     C48
     AA05A17  C2018 02 19.57434 07 27 49.45 +23 32 35.1          21.2 Rq     C48
     AA05A17  C2018 02 19.58296 07 25 53.06 +23 26 19.9          21.8 Rq     C48
     AA05A17  C2018 02 19.59157 07 25 52.97 +23 26 22.1          21.3 Rq     C48
     AA05A17  C2018 02 19.60884 07 25 52.74 +23 26 25.9          21.1 Rq     C48
     AA05A17  C2021 11 08.89855 03 00 11.46 +34 14 46.4          21.0 RV     069
     AA05A17  C2021 11 08.92896 03 00 06.48 +34 15 45.1          20.9 RV     069
     AA05A17  C2021 11 08.95903 03 00 01.64 +34 16 42.8          21.6 RV     069


     AA05A17  C2021 11 08.95903 03 00 01.64 +34 16 42.8          21.6 RV     069
     AA08A17  C2021 11 08.95903 03 00 16.44 +34 19 23.0          21.4 RV     069
     AA11A17  C2021 11 08.95903 03 00 17.85 +34 14 23.5          21.5 RV     069
