     ALA367  *C2022 10 29.44756 03 25 39.22 +14 10 20.5          23.3        568
     ALA367  *C2022 10 29.45109 03 25 39.12 +14 10 17.6          23.5        568
     ALA367  *C2022 10 29.45463 03 25 39.03 +14 10 14.3          23.4        568
     ALA367  *C2022 10 29.52910 03 25 37.03 +14 09 11.5          23.8        568
     ALA367  *C2022 10 29.53263 03 25 36.92 +14 09 08.1          23.5        568
     ALA367  *C2022 10 29.53616 03 25 36.83 +14 09 04.9          23.5        568
     ALA367  *C2022 10 30.55806 03 25 12.76 +13 54 28.7          23.5        568
     ALA367  *C2022 10 30.56161 03 25 12.67 +13 54 25.9          23.4        568
     ALA367  *C2022 10 30.56513 03 25 12.58 +13 54 23.0          23.4        568
     ALA367  *C2022 10 31.56060 03 24 47.95 +13 40 07.6          23.4        568
     ALA367  *C2022 10 31.56413 03 24 47.83 +13 40 04.2          23.6        568
     ALA367  *C2022 10 31.56765 03 24 47.73 +13 40 01.3          23.3        568


     ALA356  *C2022 10 31.56765 03 25 37.96 +13 41 19.1          23.1        568
     ALA35f  *C2022 10 31.56765 03 25 00.49 +13 22 35.6          22.1        568
     ALA364  *C2022 10 31.56765 03 24 01.19 +13 51 48.3          23.7        568
     ALA367  *C2022 10 31.56765 03 24 47.73 +13 40 01.3          23.3        568
     ALA3FA  *C2022 10 31.56765 03 25 17.58 +13 47 24.4          23.8        568
     ALA3Gp  *C2022 10 31.56765 03 24 18.06 +13 47 52.5          23.1        568
     ALA3j6  *C2022 10 31.56765 03 25 39.36 +13 48 11.7          23.9        568
     ALA3jB  *C2022 10 31.56765 03 25 17.00 +13 51 15.1          25.1        568
     ALA3jD  *C2022 10 31.56765 03 25 26.15 +13 49 28.3          24.8        568
     ALA3jm  *C2022 10 31.56765 03 25 44.68 +13 39 56.2          24.4        568
     ALA3jn  *C2022 10 31.56765 03 25 52.48 +13 39 37.2          25.3        568
     ALA3jq  *C2022 10 31.56765 03 25 14.33 +13 38 51.5          24.5        568
     ALA3jR  *C2022 10 31.56765 03 23 57.18 +13 48 59.4          24.4        568
     ALA3js  *C2022 10 31.56765 03 25 22.74 +13 34 14.5          24.0        568
     ALA3jy  *C2022 10 31.56765 03 24 31.56 +13 39 09.9          24.7        568
     ALA3k1  *C2022 10 31.56765 03 24 29.18 +13 34 27.3          23.9        568
     ALA3P5  *C2022 10 31.56765 03 25 22.23 +13 51 31.0          23.2        568
     ALA3Pb  *C2022 10 31.56765 03 25 16.49 +13 35 06.5          23.2        568
     ALA3Qz  *C2022 10 31.56765 03 25 02.57 +13 34 04.3          23.1        568
