     ALA321  *C2022 10 29.42640 03 31 00.70 +14 16 09.6          23.8        568
     ALA321  *C2022 10 29.42993 03 31 00.59 +14 16 09.2          24.0        568
     ALA321  *C2022 10 29.43345 03 31 00.51 +14 16 08.7          23.9        568
     ALA321  *C2022 10 29.51851 03 30 58.01 +14 15 57.5          23.4        568
     ALA321  *C2022 10 30.53674 03 30 28.750+14 13 43.21                     568
     ALA321  *C2022 10 30.54032 03 30 28.630+14 13 42.60                     568
     ALA321  *C2022 10 30.54385 03 30 28.519+14 13 42.10                     568
     ALA321  *C2022 10 31.53946 03 29 59.609+14 11 30.98                     568
     ALA321  *C2022 10 31.54299 03 29 59.491+14 11 30.41                     568
     ALA321  *C2022 10 31.54652 03 29 59.390+14 11 30.08                     568


     ALA31j  *C2022 10 31.54652 03 31 08.80 +14 11 15.2          24.5        568
     ALA31m  *C2022 10 31.54652 03 30 40.21 +14 20 59.9          23.5        568
     ALA31r  *C2022 10 31.54652 03 30 56.24 +14 11 13.5          24.0        568
     ALA31t  *C2022 10 31.54652 03 31 03.69 +14 16 01.2          24.2        568
     ALA31v  *C2022 10 31.54652 03 30 05.61 +14 23 21.4          23.3        568
     ALA31w  *C2022 10 31.54652 03 30 42.82 +14 19 33.8          23.3        568
     ALA31y  *C2022 10 31.54652 03 30 28.39 +14 19 54.2          24.6        568
     ALA321  *C2022 10 31.54652 03 29 59.390+14 11 30.08                     568
     ALA32a  *C2022 10 31.55005 03 29 42.64 +13 58 04.8          24.5        568
     ALA32a  *C2022 10 31.55355 03 29 42.52 +13 58 04.2          24.2        568
     ALA32a  *C2022 10 31.55708 03 29 42.41 +13 58 03.8          24.1        568
     ALA32b  *C2022 10 31.55005 03 28 19.29 +13 56 14.4          24.6        568
     ALA32b  *C2022 10 31.55355 03 28 19.12 +13 56 13.0          24.5        568
     ALA32b  *C2022 10 31.55708 03 28 18.92 +13 56 11.2          25.0        568
     ALA32c  *C2022 10 31.55005 03 28 19.17 +14 03 31.1          23.9        568
     ALA32c  *C2022 10 31.55355 03 28 18.95 +14 03 30.3          23.9        568
     ALA32c  *C2022 10 31.55708 03 28 18.78 +14 03 29.8          24.2        568
     ALA32Q  *C2022 10 31.55005 03 30 18.09 +14 05 05.2          23.7        568
     ALA32Q  *C2022 10 31.55355 03 30 17.92 +14 05 05.2          23.8        568
     ALA32Q  *C2022 10 31.55708 03 30 17.74 +14 05 05.3          24.0        568
     ALA32R  *C2022 10 31.54652 03 30 16.95 +14 07 21.2          23.7        568
     ALA32R  *C2022 10 31.55005 03 30 16.74 +14 07 20.1          24.0        568
     ALA32R  *C2022 10 31.55355 03 30 16.57 +14 07 19.6          23.8        568
     ALA32R  *C2022 10 31.55708 03 30 16.40 +14 07 18.8          23.5        568
     ALA32T  *C2022 10 31.54652 03 29 51.40 +14 04 49.8          24.2        568
     ALA32T  *C2022 10 31.55005 03 29 51.15 +14 04 49.7          23.6        568
     ALA32T  *C2022 10 31.55355 03 29 50.96 +14 04 49.9          23.6        568
     ALA32T  *C2022 10 31.55708 03 29 50.77 +14 04 50.0          23.5        568
     ALA32W  *C2022 10 31.55005 03 28 24.44 +14 02 29.3          22.9        568
     ALA32W  *C2022 10 31.55355 03 28 24.22 +14 02 29.2          22.9        568
     ALA32W  *C2022 10 31.55708 03 28 23.97 +14 02 29.2          22.9        568
     ALA32X  *C2022 10 31.55005 03 28 49.09 +14 03 07.8          24.5        568
     ALA32X  *C2022 10 31.55355 03 28 48.87 +14 03 06.8          23.8        568
     ALA32X  *C2022 10 31.55708 03 28 48.69 +14 03 06.1          23.9        568
     ALA32z  *C2022 10 31.55005 03 29 19.50 +13 47 21.0          24.1        568
     ALA32z  *C2022 10 31.55355 03 29 19.32 +13 47 21.1          24.5        568
     ALA32z  *C2022 10 31.55708 03 29 19.13 +13 47 21.1          24.0        568
     ALA335  *C2022 10 31.55005 03 28 28.83 +13 39 35.5          23.1        568
     ALA335  *C2022 10 31.55355 03 28 28.65 +13 39 34.5          23.2        568
     ALA335  *C2022 10 31.55708 03 28 28.47 +13 39 33.3          23.2        568
     ALA33g  *C2022 10 31.55005 03 27 01.670+14 16 03.61                     568
     ALA33g  *C2022 10 31.55356 03 27 01.519+14 16 02.21                     568
     ALA33g  *C2022 10 31.55709 03 27 01.330+14 16 00.91                     568
     ALA33I  *C2022 10 31.55005 03 28 06.36 +14 20 13.1          24.2        568
     ALA33I  *C2022 10 31.55355 03 28 06.15 +14 20 12.3          24.4        568
     ALA33I  *C2022 10 31.55708 03 28 05.97 +14 20 11.7          24.1        568
     ALA33j  *C2022 10 31.55005 03 26 45.91 +14 11 42.1          24.2        568
     ALA33j  *C2022 10 31.55355 03 26 45.75 +14 11 41.4          24.5        568
     ALA33j  *C2022 10 31.55708 03 26 45.56 +14 11 40.7          24.2        568
     ALA33q  *C2022 10 31.55005 03 26 16.97 +14 19 46.2          23.9        568
     ALA33q  *C2022 10 31.55355 03 26 16.79 +14 19 45.4          23.7        568
     ALA33q  *C2022 10 31.55708 03 26 16.60 +14 19 44.8          23.5        568
     ALA33w  *C2022 10 31.55005 03 26 35.29 +14 11 25.3          23.9        568
     ALA33w  *C2022 10 31.55355 03 26 35.19 +14 11 24.8          23.8        568
     ALA33w  *C2022 10 31.55708 03 26 35.08 +14 11 24.2          23.9        568
     ALA34I  *C2022 10 31.55005 03 28 24.24 +14 04 26.2          23.1        568
     ALA34I  *C2022 10 31.55355 03 28 24.13 +14 04 26.0          23.0        568
     ALA34I  *C2022 10 31.55708 03 28 24.03 +14 04 25.7          23.1        568
     ALA34J  *C2022 10 31.55005 03 27 03.92 +14 04 50.2          22.8        568
     ALA34J  *C2022 10 31.55355 03 27 03.73 +14 04 49.9          22.9        568
     ALA34J  *C2022 10 31.55708 03 27 03.53 +14 04 49.7          22.8        568
     ALA34O  *C2022 10 31.55005 03 26 32.17 +14 02 17.0          23.5        568
     ALA34O  *C2022 10 31.55355 03 26 31.98 +14 02 16.4          23.4        568
     ALA34O  *C2022 10 31.55708 03 26 31.78 +14 02 15.9          23.4        568
     ALA34z  *C2022 10 31.55005 03 27 10.88 +13 42 50.2          24.2        568
     ALA34z  *C2022 10 31.55355 03 27 10.68 +13 42 49.5          24.0        568
     ALA34z  *C2022 10 31.55708 03 27 10.50 +13 42 49.0          24.3        568
     ALA35t  *C2022 10 31.55005 03 28 29.88 +13 52 49.7          24.1        568
     ALA35t  *C2022 10 31.55355 03 28 29.72 +13 52 49.1          24.4        568
     ALA35t  *C2022 10 31.55708 03 28 29.50 +13 52 48.0          24.8        568
     ALA35T  *C2022 10 31.55005 03 26 56.11 +13 32 27.4          24.3        568
     ALA35T  *C2022 10 31.55355 03 26 56.03 +13 32 27.2          24.8        568
     ALA35T  *C2022 10 31.55708 03 26 55.89 +13 32 26.8          24.8        568
     ALA362  *C2022 10 31.55005 03 28 31.09 +13 48 54.3          22.9        568
     ALA362  *C2022 10 31.55355 03 28 30.92 +13 48 53.4          22.9        568
     ALA362  *C2022 10 31.55708 03 28 30.74 +13 48 52.3          22.8        568
     ALA3Ax  *C2022 10 31.55005 03 29 25.57 +14 24 32.7          22.7        568
     ALA3Ax  *C2022 10 31.55355 03 29 25.39 +14 24 31.5          22.7        568
     ALA3Ax  *C2022 10 31.55708 03 29 25.22 +14 24 30.4          22.7        568
     ALA3Cf  *C2022 10 31.55005 03 28 51.85 +13 51 44.3          22.5        568
     ALA3Cf  *C2022 10 31.55355 03 28 51.65 +13 51 43.9          22.5        568
     ALA3Cf  *C2022 10 31.55708 03 28 51.44 +13 51 43.4          22.5        568
     ALA3DC  *C2022 10 31.55005 03 27 30.40 +14 12 11.2          23.6        568
     ALA3DC  *C2022 10 31.55355 03 27 30.19 +14 12 10.4          24.1        568
     ALA3DC  *C2022 10 31.55708 03 27 30.03 +14 12 09.8          23.7        568
     ALA3E3  *C2022 10 31.55005 03 28 25.98 +14 03 45.8          24.5        568
     ALA3E3  *C2022 10 31.55355 03 28 25.80 +14 03 45.2          24.6        568
     ALA3E3  *C2022 10 31.55708 03 28 25.61 +14 03 44.4          24.9        568
     ALA3E4  *C2022 10 31.55005 03 28 08.39 +14 06 24.5          23.3        568
     ALA3E4  *C2022 10 31.55355 03 28 08.19 +14 06 23.8          23.3        568
     ALA3E4  *C2022 10 31.55708 03 28 07.98 +14 06 23.1          23.4        568
     ALA3e7  *C2022 10 31.54652 03 30 36.16 +14 20 29.1          24.5        568
     ALA3E8  *C2022 10 31.55005 03 28 00.23 +13 47 58.5          22.4        568
     ALA3E8  *C2022 10 31.55355 03 28 00.07 +13 47 56.2          22.3        568
     ALA3E8  *C2022 10 31.55708 03 27 59.90 +13 47 53.9          22.4        568
     ALA3eE  *C2022 10 31.54652 03 30 13.23 +14 21 51.6          24.1        568
     ALA3el  *C2022 10 31.54652 03 30 58.86 +14 11 09.2          23.1        568
     ALA3eq  *C2022 10 31.54652 03 30 37.91 +14 06 12.0          24.4        568
     ALA3eu  *C2022 10 31.54652 03 30 04.57 +14 04 13.3          23.8        568
     ALA3Ew  *C2022 10 31.55005 03 27 00.20 +13 46 57.1          22.9        568
     ALA3Ew  *C2022 10 31.55355 03 27 00.03 +13 46 57.0          22.7        568
     ALA3Ew  *C2022 10 31.55708 03 26 59.86 +13 46 56.8          22.7        568
     ALA3F2  *C2022 10 31.55005 03 26 29.63 +13 50 31.2          24.1        568
     ALA3F2  *C2022 10 31.55355 03 26 29.49 +13 50 30.5          24.1        568
     ALA3F2  *C2022 10 31.55708 03 26 29.34 +13 50 29.9          24.2        568
     ALA3Fc  *C2022 10 31.55005 03 27 05.55 +13 31 33.7          24.7        568
     ALA3Fc  *C2022 10 31.55355 03 27 05.45 +13 31 33.1          24.6        568
     ALA3Fc  *C2022 10 31.55708 03 27 05.33 +13 31 32.3          24.8        568
     ALA3Ff  *C2022 10 31.55005 03 26 14.79 +13 38 57.8          24.1        568
     ALA3Ff  *C2022 10 31.55355 03 26 14.65 +13 38 57.9          24.1        568
     ALA3Ff  *C2022 10 31.55708 03 26 14.52 +13 38 57.7          24.1        568
     ALA3Ff  *C2022 10 31.56060 03 26 14.36 +13 38 57.7          24.0        568
     ALA3Ff  *C2022 10 31.56413 03 26 14.24 +13 38 57.7          23.8        568
     ALA3Ff  *C2022 10 31.56765 03 26 14.12 +13 38 57.8          23.6        568
     ALA3fg  *C2022 10 31.54652 03 29 36.47 +14 06 41.4          24.9        568
     ALA3fi  *C2022 10 31.55005 03 29 42.39 +14 24 44.5          23.9        568
     ALA3fi  *C2022 10 31.55355 03 29 42.22 +14 24 43.9          24.3        568
     ALA3fi  *C2022 10 31.55708 03 29 42.05 +14 24 43.2          23.9        568
     ALA3fo  *C2022 10 31.55005 03 27 59.71 +14 28 40.1          22.0        568
     ALA3fo  *C2022 10 31.55355 03 27 59.59 +14 28 39.6          22.1        568
     ALA3fo  *C2022 10 31.55708 03 27 59.49 +14 28 39.0          22.1        568
     ALA3FT  *C2022 10 31.55005 03 27 14.49 +13 35 28.2          23.5        568
     ALA3FT  *C2022 10 31.55355 03 27 14.28 +13 35 27.9          23.8        568
     ALA3FT  *C2022 10 31.55708 03 27 14.10 +13 35 27.6          23.8        568
     ALA3fU  *C2022 10 31.54652 03 29 35.46 +14 17 34.7          23.9        568
     ALA3fv  *C2022 10 31.55005 03 27 00.35 +14 25 09.4          24.6        568
     ALA3fv  *C2022 10 31.55355 03 27 00.08 +14 25 08.2          23.9        568
     ALA3fv  *C2022 10 31.55708 03 26 59.83 +14 25 07.1          23.7        568
     ALA3fw  *C2022 10 31.55005 03 27 04.01 +14 27 03.6          24.4        568
     ALA3fw  *C2022 10 31.55355 03 27 03.77 +14 27 02.9          24.4        568
     ALA3fw  *C2022 10 31.55708 03 27 03.54 +14 27 02.0          24.4        568
     ALA3fX  *C2022 10 31.54652 03 29 45.51 +14 26 51.9          24.5        568
     ALA3fY  *C2022 10 31.54652 03 29 51.18 +14 16 35.7          24.2        568
     ALA3fz  *C2022 10 31.55005 03 26 41.77 +14 27 34.8          23.8        568
     ALA3fz  *C2022 10 31.55355 03 26 41.56 +14 27 33.5          23.9        568
     ALA3fz  *C2022 10 31.55708 03 26 41.30 +14 27 32.1          24.4        568
     ALA3Fz  *C2022 10 31.55005 03 28 46.30 +14 02 01.3          22.9        568
     ALA3Fz  *C2022 10 31.55355 03 28 46.15 +14 02 00.8          22.9        568
     ALA3Fz  *C2022 10 31.55708 03 28 45.97 +14 02 00.0          23.1        568
     ALA3g0  *C2022 10 31.55005 03 26 40.78 +14 28 16.4          22.8        568
     ALA3g0  *C2022 10 31.55355 03 26 40.62 +14 28 15.0          22.8        568
     ALA3g0  *C2022 10 31.55708 03 26 40.47 +14 28 13.4          22.9        568
     ALA3g1  *C2022 10 31.55005 03 26 12.06 +14 28 23.1          24.6        568
     ALA3g1  *C2022 10 31.55355 03 26 11.89 +14 28 22.9          24.3        568
     ALA3g1  *C2022 10 31.55708 03 26 11.73 +14 28 22.2          24.4        568
     ALA3g3  *C2022 10 31.55005 03 26 09.92 +14 20 30.0          23.7        568
     ALA3g3  *C2022 10 31.55355 03 26 09.74 +14 20 29.5          24.4        568
     ALA3g3  *C2022 10 31.55708 03 26 09.58 +14 20 28.8          24.5        568
     ALA3g8  *C2022 10 31.55005 03 29 17.62 +14 09 29.4          24.6        568
     ALA3g8  *C2022 10 31.55355 03 29 17.51 +14 09 28.4          24.6        568
     ALA3g8  *C2022 10 31.55708 03 29 17.38 +14 09 27.2          24.5        568
     ALA3gA  *C2022 10 31.55005 03 28 54.70 +14 06 06.2          24.2        568
     ALA3gA  *C2022 10 31.55355 03 28 54.50 +14 06 05.3          23.5        568
     ALA3gA  *C2022 10 31.55708 03 28 54.24 +14 06 04.2          24.4        568
     ALA3gb  *C2022 10 31.55005 03 26 38.50 +14 06 11.4          24.0        568
     ALA3gb  *C2022 10 31.55355 03 26 38.38 +14 06 11.2          23.7        568
     ALA3gb  *C2022 10 31.55708 03 26 38.26 +14 06 11.0          23.8        568
     ALA3ge  *C2022 10 31.55005 03 26 31.87 +14 10 05.9          24.2        568
     ALA3ge  *C2022 10 31.55355 03 26 31.71 +14 10 05.3          24.9        568
     ALA3ge  *C2022 10 31.55708 03 26 31.62 +14 10 04.8          25.2        568
     ALA3gk  *C2022 10 31.55005 03 26 09.74 +14 05 33.1          25.1        568
     ALA3gk  *C2022 10 31.55355 03 26 09.66 +14 05 32.2          25.1        568
     ALA3gk  *C2022 10 31.55708 03 26 09.55 +14 05 31.4          24.9        568
     ALA3gK   C2022 10 31.55005 03 27 53.611+14 03 52.88         23.4 G      T14
     ALA3gK   C2022 10 31.55355 03 27 53.400+14 03 47.20         23.9 G      T14
     ALA3gK   C2022 10 31.55708 03 27 53.170+14 03 40.61         24.5 G      T14
     ALA3gl  *C2022 10 31.55005 03 26 16.69 +14 07 10.3          24.3        568
     ALA3gl  *C2022 10 31.55355 03 26 16.53 +14 07 09.4          24.5        568
     ALA3gl  *C2022 10 31.55708 03 26 16.38 +14 07 08.7          24.1        568
     ALA3gN  *C2022 10 31.55005 03 28 01.87 +14 04 14.7          24.7        568
     ALA3gN  *C2022 10 31.55355 03 28 01.70 +14 04 14.0          24.0        568
     ALA3gN  *C2022 10 31.55708 03 28 01.53 +14 04 13.3          24.0        568
     ALA3gR  *C2022 10 31.55005 03 27 25.67 +14 05 38.1          24.0        568
     ALA3gR  *C2022 10 31.55355 03 27 25.54 +14 05 37.6          24.2        568
     ALA3gR  *C2022 10 31.55708 03 27 25.39 +14 05 37.1          24.9        568
     ALA3gu  *C2022 10 31.55005 03 28 45.74 +13 47 31.3          25.2        568
     ALA3gu  *C2022 10 31.55355 03 28 45.61 +13 47 31.1          25.2        568
     ALA3gu  *C2022 10 31.55708 03 28 45.49 +13 47 30.9          25.2        568
     ALA3gU  *C2022 10 31.55005 03 26 55.56 +14 03 28.1          24.4        568
     ALA3gU  *C2022 10 31.55355 03 26 55.35 +14 03 26.7          23.6        568
     ALA3gU  *C2022 10 31.55708 03 26 55.17 +14 03 25.6          23.5        568
     ALA3gV  *C2022 10 31.55005 03 26 57.87 +14 07 21.8          23.9        568
     ALA3gV  *C2022 10 31.55355 03 26 57.70 +14 07 21.0          23.6        568
     ALA3gV  *C2022 10 31.55708 03 26 57.54 +14 07 20.1          24.6        568
     ALA3gw  *C2022 10 31.55005 03 28 44.62 +13 53 38.6          24.5        568
     ALA3gw  *C2022 10 31.55355 03 28 44.39 +13 53 38.8          24.2        568
     ALA3gw  *C2022 10 31.55708 03 28 44.20 +13 53 38.9          24.6        568
     ALA3gW  *C2022 10 31.55005 03 27 06.38 +14 08 14.8          25.5        568
     ALA3gW  *C2022 10 31.55355 03 27 06.24 +14 08 14.1          24.7        568
     ALA3gW  *C2022 10 31.55708 03 27 06.12 +14 08 13.4          24.5        568
     ALA3gY  *C2022 10 31.55005 03 27 00.69 +14 10 03.6          22.6        568
     ALA3gY  *C2022 10 31.55355 03 27 00.51 +14 10 02.3          22.5        568
     ALA3gY  *C2022 10 31.55708 03 27 00.33 +14 10 01.0          22.6        568
     ALA3gZ  *C2022 10 31.55005 03 26 34.05 +14 04 45.1          23.3        568
     ALA3gZ  *C2022 10 31.55355 03 26 33.87 +14 04 44.1          23.5        568
     ALA3gZ  *C2022 10 31.55708 03 26 33.71 +14 04 43.2          23.9        568
     ALA3h3  *C2022 10 31.55005 03 28 20.81 +13 51 43.0          24.1        568
     ALA3h3  *C2022 10 31.55355 03 28 20.64 +13 51 42.1          24.1        568
     ALA3h3  *C2022 10 31.55708 03 28 20.42 +13 51 41.2          24.4        568
     ALA3h8  *C2022 10 31.55005 03 28 06.05 +13 52 57.4          23.9        568
     ALA3h8  *C2022 10 31.55355 03 28 05.87 +13 52 56.4          23.7        568
     ALA3h8  *C2022 10 31.55708 03 28 05.68 +13 52 55.5          23.6        568
     ALA3h9  *C2022 10 31.55005 03 28 01.03 +13 52 21.0          25.3        568
     ALA3h9  *C2022 10 31.55355 03 28 00.81 +13 52 20.1          25.2        568
     ALA3h9  *C2022 10 31.55708 03 28 00.64 +13 52 19.4          24.3        568
     ALA3hA  *C2022 10 31.55005 03 28 02.85 +13 50 26.1          24.0        568
     ALA3hA  *C2022 10 31.55355 03 28 02.64 +13 50 25.1          23.9        568
     ALA3hA  *C2022 10 31.55708 03 28 02.50 +13 50 24.3          24.6        568
     ALA3hE  *C2022 10 31.55005 03 27 24.55 +13 53 09.7          24.2        568
     ALA3hE  *C2022 10 31.55355 03 27 24.37 +13 53 09.5          24.6        568
     ALA3hE  *C2022 10 31.55708 03 27 24.18 +13 53 09.4          24.4        568
     ALA3hI  *C2022 10 31.55005 03 27 03.63 +13 54 39.4          23.1        568
     ALA3hI  *C2022 10 31.55355 03 27 03.45 +13 54 39.1          23.6        568
     ALA3hI  *C2022 10 31.55708 03 27 03.28 +13 54 38.8          23.7        568
     ALA3hj  *C2022 10 31.55005 03 28 17.37 +13 36 31.4          24.1        568
     ALA3hj  *C2022 10 31.55355 03 28 17.18 +13 36 30.5          24.2        568
     ALA3hj  *C2022 10 31.55708 03 28 17.00 +13 36 29.5          24.0        568
     ALA3hl  *C2022 10 31.55005 03 27 53.50 +13 40 39.7          23.3        568
     ALA3hl  *C2022 10 31.55355 03 27 53.31 +13 40 38.7          23.1        568
     ALA3hl  *C2022 10 31.55708 03 27 53.14 +13 40 37.8          23.3        568
     ALA3hn  *C2022 10 31.55005 03 28 06.71 +13 41 08.6          24.9        568
     ALA3hn  *C2022 10 31.55355 03 28 06.61 +13 41 07.9          25.6        568
     ALA3hn  *C2022 10 31.55708 03 28 06.51 +13 41 07.5          25.3        568
     ALA3hp  *C2022 10 31.55005 03 27 38.85 +13 38 54.4          23.9        568
     ALA3hp  *C2022 10 31.55355 03 27 38.65 +13 38 53.5          24.3        568
     ALA3hp  *C2022 10 31.55708 03 27 38.44 +13 38 52.8          23.6        568
     ALA3hP  *C2022 10 31.55005 03 26 45.70 +13 47 41.7          23.7        568
     ALA3hP  *C2022 10 31.55355 03 26 45.51 +13 47 41.2          24.1        568
     ALA3hP  *C2022 10 31.55708 03 26 45.33 +13 47 40.6          24.1        568
     ALA3hQ  *C2022 10 31.55005 03 26 46.81 +13 50 24.5          24.5        568
     ALA3hQ  *C2022 10 31.55355 03 26 46.63 +13 50 24.2          24.8        568
     ALA3hQ  *C2022 10 31.55708 03 26 46.40 +13 50 24.2          25.0        568
     ALA3hS  *C2022 10 31.55005 03 26 04.00 +13 47 15.2          22.5        568
     ALA3hS  *C2022 10 31.55355 03 26 03.83 +13 47 13.9          22.6        568
     ALA3hS  *C2022 10 31.55708 03 26 03.67 +13 47 12.5          22.6        568
     ALA3hx  *C2022 10 31.55005 03 26 48.11 +13 31 43.4          24.6        568
     ALA3hx  *C2022 10 31.55355 03 26 47.95 +13 31 42.7          23.7        568
     ALA3hx  *C2022 10 31.55708 03 26 47.82 +13 31 42.1          24.6        568
     ALA3i9  *C2022 10 31.55005 03 25 42.66 +14 09 23.0          24.2        568
     ALA3i9  *C2022 10 31.55355 03 25 42.47 +14 09 22.3          24.5        568
     ALA3i9  *C2022 10 31.55708 03 25 42.33 +14 09 21.9          24.4        568
     ALA3iB  *C2022 10 31.55005 03 25 45.44 +14 10 58.0          23.6        568
     ALA3iB  *C2022 10 31.55355 03 25 45.27 +14 10 57.3          23.6        568
     ALA3iB  *C2022 10 31.55708 03 25 45.12 +14 10 56.6          23.4        568
     ALA3iB  *C2022 10 31.56060 03 25 44.93 +14 10 55.5          23.6        568
     ALA3iB  *C2022 10 31.56413 03 25 44.76 +14 10 54.7          23.7        568
     ALA3iB  *C2022 10 31.56765 03 25 44.59 +14 10 53.9          23.3        568
     ALA3iE  *C2022 10 31.55005 03 30 13.61 +13 59 04.8          23.9        568
     ALA3iE  *C2022 10 31.55355 03 30 13.46 +13 59 03.7          24.2        568
     ALA3iE  *C2022 10 31.55708 03 30 13.31 +13 59 02.8          23.8        568
     ALA3M8  *C2022 10 31.54652 03 30 44.04 +14 22 27.9          23.6        568
     ALA3MB  *C2022 10 31.54652 03 29 42.60 +14 24 45.5          24.3        568
     ALA3MC  #C2022 10 31.55005 03 29 32.959+13 58 05.41                     T14
     ALA3MC  #C2022 10 31.55355 03 29 32.779+13 58 00.80                     T14
     ALA3MC  #C2022 10 31.55708 03 29 32.570+13 57 56.02                     T14
     ALA3Ni  *C2022 10 31.55005 03 28 02.39 +14 26 31.1          23.4        568
     ALA3Ni  *C2022 10 31.55355 03 28 02.19 +14 26 30.6          23.4        568
     ALA3Ni  *C2022 10 31.55708 03 28 01.99 +14 26 30.0          23.4        568
     ALA3NJ  *C2022 10 31.54652 03 29 44.61 +14 02 07.5          22.3        568
     ALA3NJ  *C2022 10 31.55005 03 29 44.41 +14 02 08.7          22.3        568
     ALA3NJ  *C2022 10 31.55355 03 29 44.19 +14 02 09.5          22.2        568
     ALA3NJ  *C2022 10 31.55708 03 29 43.97 +14 02 10.6          22.3        568
     ALA3Oe  *C2022 10 31.55005 03 25 37.20 +14 09 51.9          24.8        568
     ALA3Oe  *C2022 10 31.55355 03 25 37.11 +14 09 51.4          24.5        568
     ALA3Oe  *C2022 10 31.55708 03 25 36.99 +14 09 50.9          24.8        568
     ALA3Ox  *C2022 10 31.55005 03 26 37.64 +13 50 24.3          22.9        568
     ALA3Ox  *C2022 10 31.55355 03 26 37.47 +13 50 23.7          23.1        568
     ALA3Ox  *C2022 10 31.55708 03 26 37.29 +13 50 23.2          23.1        568
     ALA3P9  *C2022 10 31.55005 03 28 18.17 +13 38 03.2          22.6        568
     ALA3P9  *C2022 10 31.55355 03 28 17.97 +13 38 03.1          22.6        568
     ALA3P9  *C2022 10 31.55708 03 28 17.76 +13 38 03.0          22.5        568
     ALA3PE  *C2022 10 31.55005 03 27 59.18 +13 33 09.9          22.4        568
     ALA3PE  *C2022 10 31.55355 03 27 58.98 +13 33 09.3          22.4        568
     ALA3PE  *C2022 10 31.55708 03 27 58.76 +13 33 08.6          22.5        568
     ALA3PL  *C2022 10 31.55005 03 27 14.43 +13 33 49.9          23.3        568
     ALA3PL  *C2022 10 31.55355 03 27 14.24 +13 33 49.0          23.6        568
     ALA3PL  *C2022 10 31.55708 03 27 14.07 +13 33 48.1          23.7        568
     ALA3PZ  *C2022 10 31.55005 03 26 14.11 +13 34 56.2          23.9        568
     ALA3PZ  *C2022 10 31.55355 03 26 14.00 +13 34 55.9          23.8        568
     ALA3PZ  *C2022 10 31.55708 03 26 13.89 +13 34 55.3          23.9        568
     ALA3PZ  *C2022 10 31.56060 03 26 13.76 +13 34 54.7          23.7        568
     ALA3PZ  *C2022 10 31.56413 03 26 13.64 +13 34 54.3          23.8        568
     ALA3PZ  *C2022 10 31.56765 03 26 13.53 +13 34 53.9          23.7        568
     ALA3ub  *C2022 10 31.55005 03 26 35.119+14 25 40.58         24.7 g      568
     ALA3ub  *C2022 10 31.55355 03 26 35.191+14 25 40.19         25.0 g      568
     ALA3ub  *C2022 10 31.55708 03 26 35.280+14 25 40.12         24.5 g      568
     ALA3uc  *C2022 10 31.55005 03 28 08.090+14 09 12.31         25.2 g      568
     ALA3uc  *C2022 10 31.55355 03 28 07.980+14 09 11.99         25.8 g      568
     ALA3uc  *C2022 10 31.55708 03 28 07.870+14 09 11.59         24.6 g      568
     ALA32b  *C2022 10 31.55005 03 28 19.29 +13 56 14.4          24.6        568
     ALA32b  *C2022 10 31.55355 03 28 19.12 +13 56 13.0          24.5        568
     ALA32b  *C2022 10 31.55708 03 28 18.92 +13 56 11.2          25.0        568
     ALA32R  *C2022 10 31.55355 03 30 16.57 +14 07 19.6          23.8        568
     ALA32R  *C2022 10 31.55708 03 30 16.40 +14 07 18.8          23.5        568
     ALA32T  *C2022 10 31.55005 03 29 51.15 +14 04 49.7          23.6        568
     ALA32T  *C2022 10 31.55355 03 29 50.96 +14 04 49.9          23.6        568
     ALA32T  *C2022 10 31.55708 03 29 50.77 +14 04 50.0          23.5        568
     ALA32W  *C2022 10 31.55005 03 28 24.44 +14 02 29.3          22.9        568
     ALA32W  *C2022 10 31.55355 03 28 24.22 +14 02 29.2          22.9        568
     ALA32W  *C2022 10 31.55708 03 28 23.97 +14 02 29.2          22.9        568
     ALA32X  *C2022 10 31.55005 03 28 49.09 +14 03 07.8          24.5        568
     ALA32X  *C2022 10 31.55355 03 28 48.87 +14 03 06.8          23.8        568
     ALA32X  *C2022 10 31.55708 03 28 48.69 +14 03 06.1          23.9        568
     ALA35t  *C2022 10 31.55005 03 28 29.88 +13 52 49.7          24.1        568
     ALA35t  *C2022 10 31.55355 03 28 29.72 +13 52 49.1          24.4        568
     ALA35t  *C2022 10 31.55708 03 28 29.50 +13 52 48.0          24.8        568
     ALA3Fz  *C2022 10 31.55005 03 28 46.30 +14 02 01.3          22.9        568
     ALA3Fz  *C2022 10 31.55355 03 28 46.15 +14 02 00.8          22.9        568
     ALA3Fz  *C2022 10 31.55708 03 28 45.97 +14 02 00.0          23.1        568
     ALA3g8  *C2022 10 31.55005 03 29 17.62 +14 09 29.4          24.6        568
     ALA3g8  *C2022 10 31.55355 03 29 17.51 +14 09 28.4          24.6        568
     ALA3g8  *C2022 10 31.55708 03 29 17.38 +14 09 27.2          24.5        568
     ALA3gA  *C2022 10 31.55005 03 28 54.70 +14 06 06.2          24.2        568
     ALA3gA  *C2022 10 31.55355 03 28 54.50 +14 06 05.3          23.5        568
     ALA3gA  *C2022 10 31.55708 03 28 54.24 +14 06 04.2          24.4        568
     ALA3gw  *C2022 10 31.55005 03 28 44.62 +13 53 38.6          24.5        568
     ALA3gw  *C2022 10 31.55355 03 28 44.39 +13 53 38.8          24.2        568
     ALA3gw  *C2022 10 31.55708 03 28 44.20 +13 53 38.9          24.6        568
     ALA3h3  *C2022 10 31.55005 03 28 20.81 +13 51 43.0          24.1        568
     ALA3h3  *C2022 10 31.55355 03 28 20.64 +13 51 42.1          24.1        568
     ALA3h3  *C2022 10 31.55708 03 28 20.42 +13 51 41.2          24.4        568
     ALA3h8  *C2022 10 31.55005 03 28 06.05 +13 52 57.4          23.9        568
     ALA3h8  *C2022 10 31.55355 03 28 05.87 +13 52 56.4          23.7        568
     ALA3h8  *C2022 10 31.55708 03 28 05.68 +13 52 55.5          23.6        568
     ALA3NJ  *C2022 10 31.55005 03 29 44.41 +14 02 08.7          22.3        568
     ALA3NJ  *C2022 10 31.55355 03 29 44.19 +14 02 09.5          22.2        568
     ALA3NJ  *C2022 10 31.55708 03 29 43.97 +14 02 10.6          22.3        568
     ALA32R  *C2022 10 31.55355 03 30 16.57 +14 07 19.6          23.8        568
     ALA32R  *C2022 10 31.55708 03 30 16.40 +14 07 18.8          23.5        568
     ALA3g8  *C2022 10 31.55005 03 29 17.62 +14 09 29.4          24.6        568
     ALA3g8  *C2022 10 31.55355 03 29 17.51 +14 09 28.4          24.6        568
     ALA3g8  *C2022 10 31.55708 03 29 17.38 +14 09 27.2          24.5        568
     ALA3uc  *C2022 10 31.55005 03 28 08.090+14 09 12.31         25.2 g      568
     ALA3uc  *C2022 10 31.55355 03 28 07.980+14 09 11.99         25.8 g      568
     ALA3uc  *C2022 10 31.55708 03 28 07.870+14 09 11.59         24.6 g      568
