     as9      C1999 12 10.87708 07 16 55.78 +21 40 43.1                c     B18
     as9      C1999 12 10.97205 07 16 54.53 +21 40 38.3                c     B18
     as9      C1999 12 11.05450 07 16 53.23 +21 40 32.7                c     B18
     as9     6C2002 04 08.84214 13 08 42.91 +08 13 26.7          19.0 Vc     094
     as9     6C2002 04 08.87172 13 08 42.52 +08 13 08.1                c     094
     as9     6C2002 04 08.89132 13 08 42.28 +08 12 48.8                c     094
     as9     6C2002 04 08.90242 13 08 42.19 +08 12 40.3                c     094


     as9     6C2002 04 08.90242 13 08 42.19 +08 12 40.3                c     094
