     ALA313  *C2022 10 29.41583 03 34 36.41 +14 04 00.8          22.4        568
     ALA313  *C2022 10 29.41935 03 34 36.24 +14 04 00.0          22.5        568
     ALA313  *C2022 10 29.42288 03 34 36.07 +14 03 58.9          22.4        568
     ALA313  *C2022 10 29.50791 03 34 32.05 +14 03 36.5          22.3        568
     ALA313  *C2022 10 29.51142 03 34 31.88 +14 03 35.6          22.3        568
     ALA313  *C2022 10 29.51495 03 34 31.71 +14 03 34.5          22.4        568
     ALA313  *C2022 10 30.63385 03 33 40.28 +13 58 37.8          22.5        568
     ALA313  *C2022 10 30.63738 03 33 40.11 +13 58 36.6          22.3        568
     ALA313  *C2022 10 30.64089 03 33 39.95 +13 58 36.0          22.1        568
     ALA313  *C2022 10 31.53946 03 32 58.03 +13 54 38.5          22.6        568
     ALA313  *C2022 10 31.54299 03 32 57.85 +13 54 37.5          22.5        568
     ALA313  *C2022 10 31.54652 03 32 57.68 +13 54 36.6          22.5        568


     ALA30v  *C2022 10 31.54652 03 33 15.71 +14 04 50.7          23.8        568
     ALA30x  *C2022 10 31.54652 03 33 41.18 +14 05 24.8          24.0        568
     ALA313  *C2022 10 31.54652 03 32 57.68 +13 54 36.6          22.5        568
     ALA32a  *C2022 10 31.55005 03 29 42.64 +13 58 04.8          24.5        568
     ALA32a  *C2022 10 31.55355 03 29 42.52 +13 58 04.2          24.2        568
     ALA32a  *C2022 10 31.55708 03 29 42.41 +13 58 03.8          24.1        568
     ALA32b  *C2022 10 31.55005 03 28 19.29 +13 56 14.4          24.6        568
     ALA32b  *C2022 10 31.55355 03 28 19.12 +13 56 13.0          24.5        568
     ALA32b  *C2022 10 31.55708 03 28 18.92 +13 56 11.2          25.0        568
     ALA32h  *C2022 10 31.54652 03 32 43.339+13 45 53.10                     568
     ALA32u  *C2022 10 31.55005 03 29 44.44 +13 47 31.2          22.5        568
     ALA32u  *C2022 10 31.55355 03 29 44.25 +13 47 30.1          22.6        568
     ALA32u  *C2022 10 31.55708 03 29 44.05 +13 47 28.9          22.1        568
     ALA32z  *C2022 10 31.55005 03 29 19.50 +13 47 21.0          24.1        568
     ALA32z  *C2022 10 31.55355 03 29 19.32 +13 47 21.1          24.5        568
     ALA32z  *C2022 10 31.55708 03 29 19.13 +13 47 21.1          24.0        568
     ALA335  *C2022 10 31.55005 03 28 28.83 +13 39 35.5          23.1        568
     ALA335  *C2022 10 31.55355 03 28 28.65 +13 39 34.5          23.2        568
     ALA335  *C2022 10 31.55708 03 28 28.47 +13 39 33.3          23.2        568
     ALA34z  *C2022 10 31.55005 03 27 10.88 +13 42 50.2          24.2        568
     ALA34z  *C2022 10 31.55355 03 27 10.68 +13 42 49.5          24.0        568
     ALA34z  *C2022 10 31.55708 03 27 10.50 +13 42 49.0          24.3        568
     ALA35t  *C2022 10 31.55005 03 28 29.88 +13 52 49.7          24.1        568
     ALA35t  *C2022 10 31.55355 03 28 29.72 +13 52 49.1          24.4        568
     ALA35t  *C2022 10 31.55708 03 28 29.50 +13 52 48.0          24.8        568
     ALA362  *C2022 10 31.55005 03 28 31.09 +13 48 54.3          22.9        568
     ALA362  *C2022 10 31.55355 03 28 30.92 +13 48 53.4          22.9        568
     ALA362  *C2022 10 31.55708 03 28 30.74 +13 48 52.3          22.8        568
     ALA3Cf  *C2022 10 31.55005 03 28 51.85 +13 51 44.3          22.5        568
     ALA3Cf  *C2022 10 31.55355 03 28 51.65 +13 51 43.9          22.5        568
     ALA3Cf  *C2022 10 31.55708 03 28 51.44 +13 51 43.4          22.5        568
     ALA3CQ  *C2022 10 31.54652 03 31 56.55 +13 46 04.7          23.2        568
     ALA3E8  *C2022 10 31.55005 03 28 00.23 +13 47 58.5          22.4        568
     ALA3E8  *C2022 10 31.55355 03 28 00.07 +13 47 56.2          22.3        568
     ALA3E8  *C2022 10 31.55708 03 27 59.90 +13 47 53.9          22.4        568
     ALA3eM  *C2022 10 31.54652 03 33 16.77 +14 11 35.9          24.4        568
     ALA3eR  *C2022 10 31.54652 03 33 01.23 +14 12 06.9          24.5        568
     ALA3eT  *C2022 10 31.54652 03 32 50.09 +14 05 01.8          25.1        568
     ALA3ev  *C2022 10 31.54652 03 33 39.26 +13 52 23.0          23.5        568
     ALA3ew  *C2022 10 31.54652 03 33 51.40 +13 56 42.5          22.7        568
     ALA3eW  *C2022 10 31.54652 03 31 56.93 +14 02 10.1          24.6        568
     ALA3Ew  *C2022 10 31.55005 03 27 00.20 +13 46 57.1          22.9        568
     ALA3Ew  *C2022 10 31.55355 03 27 00.03 +13 46 57.0          22.7        568
     ALA3Ew  *C2022 10 31.55708 03 26 59.86 +13 46 56.8          22.7        568
     ALA3ex  *C2022 10 31.54652 03 33 11.29 +13 46 45.0          22.4        568
     ALA3ey  *C2022 10 31.54652 03 32 50.96 +13 55 36.2          24.5        568
     ALA3f1  *C2022 10 31.54652 03 32 50.94 +13 51 47.3          24.3        568
     ALA3f2  *C2022 10 31.54652 03 33 00.39 +13 49 33.7          24.8        568
     ALA3f6  *C2022 10 31.54652 03 32 00.10 +13 54 14.9          24.5        568
     ALA3Fc  *C2022 10 31.55005 03 27 05.55 +13 31 33.7          24.7        568
     ALA3Fc  *C2022 10 31.55355 03 27 05.45 +13 31 33.1          24.6        568
     ALA3Fc  *C2022 10 31.55708 03 27 05.33 +13 31 32.3          24.8        568
     ALA3fM  *C2022 10 31.54652 03 30 18.33 +13 49 38.6          25.0        568
     ALA3FT  *C2022 10 31.55005 03 27 14.49 +13 35 28.2          23.5        568
     ALA3FT  *C2022 10 31.55355 03 27 14.28 +13 35 27.9          23.8        568
     ALA3FT  *C2022 10 31.55708 03 27 14.10 +13 35 27.6          23.8        568
     ALA3Fz  *C2022 10 31.55005 03 28 46.30 +14 02 01.3          22.9        568
     ALA3Fz  *C2022 10 31.55355 03 28 46.15 +14 02 00.8          22.9        568
     ALA3Fz  *C2022 10 31.55708 03 28 45.97 +14 02 00.0          23.1        568
     ALA3gu  *C2022 10 31.55005 03 28 45.74 +13 47 31.3          25.2        568
     ALA3gu  *C2022 10 31.55355 03 28 45.61 +13 47 31.1          25.2        568
     ALA3gu  *C2022 10 31.55708 03 28 45.49 +13 47 30.9          25.2        568
     ALA3gw  *C2022 10 31.55005 03 28 44.62 +13 53 38.6          24.5        568
     ALA3gw  *C2022 10 31.55355 03 28 44.39 +13 53 38.8          24.2        568
     ALA3gw  *C2022 10 31.55708 03 28 44.20 +13 53 38.9          24.6        568
     ALA3h3  *C2022 10 31.55005 03 28 20.81 +13 51 43.0          24.1        568
     ALA3h3  *C2022 10 31.55355 03 28 20.64 +13 51 42.1          24.1        568
     ALA3h3  *C2022 10 31.55708 03 28 20.42 +13 51 41.2          24.4        568
     ALA3h8  *C2022 10 31.55005 03 28 06.05 +13 52 57.4          23.9        568
     ALA3h8  *C2022 10 31.55355 03 28 05.87 +13 52 56.4          23.7        568
     ALA3h8  *C2022 10 31.55708 03 28 05.68 +13 52 55.5          23.6        568
     ALA3h9  *C2022 10 31.55005 03 28 01.03 +13 52 21.0          25.3        568
     ALA3h9  *C2022 10 31.55355 03 28 00.81 +13 52 20.1          25.2        568
     ALA3h9  *C2022 10 31.55708 03 28 00.64 +13 52 19.4          24.3        568
     ALA3ha  *C2022 10 31.55005 03 29 13.35 +13 39 27.8          24.2        568
     ALA3ha  *C2022 10 31.55355 03 29 13.17 +13 39 26.6          24.1        568
     ALA3ha  *C2022 10 31.55708 03 29 13.00 +13 39 25.5          24.1        568
     ALA3hA  *C2022 10 31.55005 03 28 02.85 +13 50 26.1          24.0        568
     ALA3hA  *C2022 10 31.55355 03 28 02.64 +13 50 25.1          23.9        568
     ALA3hA  *C2022 10 31.55708 03 28 02.50 +13 50 24.3          24.6        568
     ALA3hb  *C2022 10 31.55005 03 29 29.05 +13 38 00.3          23.5        568
     ALA3hb  *C2022 10 31.55355 03 29 28.85 +13 37 58.6          23.6        568
     ALA3hb  *C2022 10 31.55708 03 29 28.66 +13 37 57.1          23.8        568
     ALA3he  *C2022 10 31.55005 03 28 59.80 +13 34 51.0          24.0        568
     ALA3he  *C2022 10 31.55355 03 28 59.63 +13 34 50.2          24.4        568
     ALA3he  *C2022 10 31.55708 03 28 59.49 +13 34 49.4          24.6        568
     ALA3hE  *C2022 10 31.55005 03 27 24.55 +13 53 09.7          24.2        568
     ALA3hE  *C2022 10 31.55355 03 27 24.37 +13 53 09.5          24.6        568
     ALA3hE  *C2022 10 31.55708 03 27 24.18 +13 53 09.4          24.4        568
     ALA3hI  *C2022 10 31.55005 03 27 03.63 +13 54 39.4          23.1        568
     ALA3hI  *C2022 10 31.55355 03 27 03.45 +13 54 39.1          23.6        568
     ALA3hI  *C2022 10 31.55708 03 27 03.28 +13 54 38.8          23.7        568
     ALA3hj  *C2022 10 31.55005 03 28 17.37 +13 36 31.4          24.1        568
     ALA3hj  *C2022 10 31.55355 03 28 17.18 +13 36 30.5          24.2        568
     ALA3hj  *C2022 10 31.55708 03 28 17.00 +13 36 29.5          24.0        568
     ALA3hl  *C2022 10 31.55005 03 27 53.50 +13 40 39.7          23.3        568
     ALA3hl  *C2022 10 31.55355 03 27 53.31 +13 40 38.7          23.1        568
     ALA3hl  *C2022 10 31.55708 03 27 53.14 +13 40 37.8          23.3        568
     ALA3hn  *C2022 10 31.55005 03 28 06.71 +13 41 08.6          24.9        568
     ALA3hn  *C2022 10 31.55355 03 28 06.61 +13 41 07.9          25.6        568
     ALA3hn  *C2022 10 31.55708 03 28 06.51 +13 41 07.5          25.3        568
     ALA3hp  *C2022 10 31.55005 03 27 38.85 +13 38 54.4          23.9        568
     ALA3hp  *C2022 10 31.55355 03 27 38.65 +13 38 53.5          24.3        568
     ALA3hp  *C2022 10 31.55708 03 27 38.44 +13 38 52.8          23.6        568
     ALA3hP  *C2022 10 31.55005 03 26 45.70 +13 47 41.7          23.7        568
     ALA3hP  *C2022 10 31.55355 03 26 45.51 +13 47 41.2          24.1        568
     ALA3hP  *C2022 10 31.55708 03 26 45.33 +13 47 40.6          24.1        568
     ALA3hX  *C2022 10 31.55005 03 29 55.97 +13 34 09.9          23.7        568
     ALA3hX  *C2022 10 31.55355 03 29 55.80 +13 34 08.0          23.8        568
     ALA3hX  *C2022 10 31.55708 03 29 55.62 +13 34 05.9          23.8        568
     ALA3hY  *C2022 10 31.55005 03 29 55.87 +13 33 57.7          23.6        568
     ALA3hY  *C2022 10 31.55355 03 29 55.68 +13 33 56.9          24.0        568
     ALA3hY  *C2022 10 31.55708 03 29 55.52 +13 33 56.2          23.9        568
     ALA3hZ  *C2022 10 31.55005 03 29 12.96 +13 32 05.5          21.9        568
     ALA3hZ  *C2022 10 31.55355 03 29 12.70 +13 32 05.5          21.8        568
     ALA3hZ  *C2022 10 31.55708 03 29 12.46 +13 32 05.4          22.0        568
     ALA3Kr  *C2022 10 31.54652 03 33 46.37 +14 03 47.3          23.1        568
     ALA3MC  #C2022 10 31.55005 03 29 32.959+13 58 05.41                     T14
     ALA3MC  #C2022 10 31.55355 03 29 32.779+13 58 00.80                     T14
     ALA3MC  #C2022 10 31.55708 03 29 32.570+13 57 56.02                     T14
     ALA3MM  *C2022 10 31.54652 03 32 55.79 +14 10 35.4          23.8        568
     ALA3MQ  *C2022 10 31.54652 03 32 48.27 +14 11 15.5          23.6        568
     ALA3MR  *C2022 10 31.54652 03 32 05.60 +14 03 49.9          24.0        568
     ALA3MV  *C2022 10 31.54652 03 32 04.40 +14 04 18.1          24.4        568
     ALA3NJ  *C2022 10 31.54652 03 29 44.61 +14 02 07.5          22.3        568
     ALA3NJ  *C2022 10 31.55005 03 29 44.41 +14 02 08.7          22.3        568
     ALA3NJ  *C2022 10 31.55355 03 29 44.19 +14 02 09.5          22.2        568
     ALA3NJ  *C2022 10 31.55708 03 29 43.97 +14 02 10.6          22.3        568
     ALA3P9  *C2022 10 31.55005 03 28 18.17 +13 38 03.2          22.6        568
     ALA3P9  *C2022 10 31.55355 03 28 17.97 +13 38 03.1          22.6        568
     ALA3P9  *C2022 10 31.55708 03 28 17.76 +13 38 03.0          22.5        568
     ALA3PE  *C2022 10 31.55005 03 27 59.18 +13 33 09.9          22.4        568
     ALA3PE  *C2022 10 31.55355 03 27 58.98 +13 33 09.3          22.4        568
     ALA3PE  *C2022 10 31.55708 03 27 58.76 +13 33 08.6          22.5        568
     ALA3PL  *C2022 10 31.55005 03 27 14.43 +13 33 49.9          23.3        568
     ALA3PL  *C2022 10 31.55355 03 27 14.24 +13 33 49.0          23.6        568
     ALA3PL  *C2022 10 31.55708 03 27 14.07 +13 33 48.1          23.7        568
     P21Bn3J  C2022 11 01.34526303 29 08.269+13 25 13.30         21.50wU     F52
     P21Bn3J  C2022 11 01.36676703 29 07.395+13 24 56.94         21.70wU     F52
     P21Bn3J  C2022 11 01.37758903 29 06.974+13 24 48.11         21.48wU     F52
     ALA3hX  *C2022 10 31.55005 03 29 55.97 +13 34 09.9          23.7        568
     ALA3hX  *C2022 10 31.55355 03 29 55.80 +13 34 08.0          23.8        568
     ALA3hX  *C2022 10 31.55708 03 29 55.62 +13 34 05.9          23.8        568
     ALA3hY  *C2022 10 31.55005 03 29 55.87 +13 33 57.7          23.6        568
     ALA3hY  *C2022 10 31.55355 03 29 55.68 +13 33 56.9          24.0        568
     ALA3hY  *C2022 10 31.55708 03 29 55.52 +13 33 56.2          23.9        568
     ALA32u  *C2022 10 31.55005 03 29 44.44 +13 47 31.2          22.5        568
     ALA32u  *C2022 10 31.55355 03 29 44.25 +13 47 30.1          22.6        568
     ALA32u  *C2022 10 31.55708 03 29 44.05 +13 47 28.9          22.1        568
     ALA32z  *C2022 10 31.55005 03 29 19.50 +13 47 21.0          24.1        568
     ALA32z  *C2022 10 31.55355 03 29 19.32 +13 47 21.1          24.5        568
     ALA32z  *C2022 10 31.55708 03 29 19.13 +13 47 21.1          24.0        568
