     AST014 * C2017 04 15.67987 11 29 55.18 +04 25 24.0          15.2 Vq     C97
     AST014   C2017 04 15.72446 11 29 46.48 +04 25 15.9          17.6 Vq     C97
     AST014   C2018 03 22.70076 08 39 07.15 +10 23 21.8          17.8 Vq     C97
     AST014   C2018 03 22.76671 08 39 07.22 +10 23 27.4          17.6 Vq     C97
     AST014  2S2022 11 12.73091 23 06 31.41 -05 03 53.2          24.6 V      274
     AST014  2S2022 11 12.74680 23 06 31.64 -05 03 52.0          24.6 V      274
     AST014  2S2022 11 12.76270 23 06 31.87 -05 03 51.0          24.6 V      274


     AST012  2S2022 11 12.81931 23 06 31.04 -05 03 26.6          27.2 V      274
     AST014  2S2022 11 12.76270 23 06 31.87 -05 03 51.0          24.6 V      274
     AST015  2S2022 11 12.76270 23 06 31.07 -05 03 43.8          26.4 V      274
     AST012  2S2022 11 12.81931 23 06 31.04 -05 03 26.6          27.2 V      274
     AST012  2S2022 11 12.81931 23 06 31.04 -05 03 26.6          27.2 V      274
