     bi856B *KC2016 12 03.93739 04 39 58.97 +26 19 33.7                S     621
     bi856B  KC2016 12 03.97255 04 39 56.48 +26 19 29.6                S     621
     bi856B  KC2016 12 04.01935 04 39 53.10 +26 19 23.5                S     621
     bi856B  KC2016 12 04.05451 04 39 50.47 +26 19 18.7          22.2 VS     621
     bi856B  KC2016 12 04.93130 04 38 49.10 +26 17 20.4                S     621
     bi856B  KC2016 12 04.96499 04 38 46.68 +26 17 16.1                S     621
     bi856B  KC2016 12 05.01072 04 38 43.36 +26 17 09.2                S     621
     bi856B  KC2016 12 05.04588 04 38 40.79 +26 17 04.3          22.1 VS     621


     bi881B  KC2016 12 05.04588 04 39 29.90 +26 25 32.3          22.3 VS     621
     bi856B  KC2016 12 05.04588 04 38 40.79 +26 17 04.3          22.1 VS     621
     bi860B  KC2016 12 05.04588 04 37 57.71 +26 24 09.2          22.1 VS     621
     bi898B  KC2016 12 05.04588 04 38 34.79 +26 05 41.3          22.3 VS     621
     XXB89D5  C2016 12 08.37305 04 39 35.67 +26 28 19.4          19.3 Vq     G96
     XXB89D5  C2016 12 08.37861 04 39 35.31 +26 28 17.2          19.7 Vq     G96
     XXB89D5  C2016 12 08.38290 04 39 35.00 +26 28 14.7          19.5 Vq     G96
     XXB89DB* C2016 12 08.35740 04 39 19.55 +26 21 28.3          19.7 Vq     G96
     XXB89DB  C2016 12 08.37305 04 39 18.52 +26 21 27.2          19.4 Vq     G96
     XXB89DB  C2016 12 08.37861 04 39 18.13 +26 21 26.0          19.1 Vq     G96
     XXB89DB  C2016 12 08.38290 04 39 17.81 +26 21 26.2          19.5 Vq     G96
     XXB8A01* C2016 12 08.35740 04 38 53.58 +26 26 28.7          20.6 Vq     G96
     XXB8A01  C2016 12 08.37305 04 38 52.71 +26 26 26.6          20.2 Vq     G96
     XXB8A01  C2016 12 08.37861 04 38 52.41 +26 26 24.4          20.1 Vq     G96
     XXB8A01  C2016 12 08.38290 04 38 52.08 +26 26 24.0          20.9 Vq     G96
     bi928B *KC2016 12 05.89942 04 34 11.95 +26 14 47.4                S     621
     bi928B  KC2016 12 05.93456 04 34 09.30 +26 14 48.3                S     621
     bi928B  KC2016 12 05.99172 04 34 05.06 +26 14 49.2          21.9 VS     621
