     ALA31J  *C2022 10 29.42640 03 32 51.77 +14 39 50.3          23.1        568
     ALA31J  *C2022 10 29.42993 03 32 51.67 +14 39 49.9          23.3        568
     ALA31J  *C2022 10 29.43345 03 32 51.57 +14 39 49.4          23.4        568
     ALA31J  *C2022 10 29.51851 03 32 49.08 +14 39 38.8          23.4        568
     ALA31J  *C2022 10 29.52205 03 32 48.97 +14 39 38.5          23.5        568
     ALA31J  *C2022 10 29.52558 03 32 48.86 +14 39 37.9          23.5        568
     ALA31J  *C2022 10 30.63387 03 32 16.990+14 37 19.31                     568
     ALA31J  *C2022 10 30.63740 03 32 16.879+14 37 18.91                     568
     ALA31J  *C2022 10 30.64091 03 32 16.781+14 37 18.19                     568
     ALA31J  *C2022 10 31.53946 03 31 50.75 +14 35 26.2          23.4        568
     ALA31J  *C2022 10 31.54299 03 31 50.65 +14 35 25.6          23.4        568
     ALA31J  *C2022 10 31.54652 03 31 50.54 +14 35 25.3          23.4        568


     ALA30W  *C2022 10 31.54652 03 32 20.29 +14 23 45.8          24.1        568
     ALA31D  *C2022 10 31.54652 03 31 59.76 +14 27 02.0          24.3        568
     ALA31E  *C2022 10 31.54652 03 32 58.13 +14 34 36.1          24.2        568
     ALA31I  *C2022 10 31.54652 03 30 39.33 +14 35 02.9          23.7        568
     ALA31j  *C2022 10 31.54652 03 31 08.80 +14 11 15.2          24.5        568
     ALA31J  *C2022 10 31.54652 03 31 50.54 +14 35 25.3          23.4        568
     ALA31m  *C2022 10 31.54652 03 30 40.21 +14 20 59.9          23.5        568
     ALA31N  *C2022 10 31.54652 03 30 56.38 +14 26 44.3          23.3        568
     ALA31r  *C2022 10 31.54652 03 30 56.24 +14 11 13.5          24.0        568
     ALA31t  *C2022 10 31.54652 03 31 03.69 +14 16 01.2          24.2        568
     ALA31v  *C2022 10 31.54652 03 30 05.61 +14 23 21.4          23.3        568
     ALA31w  *C2022 10 31.54652 03 30 42.82 +14 19 33.8          23.3        568
     ALA31y  *C2022 10 31.54652 03 30 28.39 +14 19 54.2          24.6        568
     ALA321  *C2022 10 31.54652 03 29 59.390+14 11 30.08                     568
     ALA32a  *C2022 10 31.55005 03 29 42.64 +13 58 04.8          24.5        568
     ALA32a  *C2022 10 31.55355 03 29 42.52 +13 58 04.2          24.2        568
     ALA32a  *C2022 10 31.55708 03 29 42.41 +13 58 03.8          24.1        568
     ALA32b  *C2022 10 31.55005 03 28 19.29 +13 56 14.4          24.6        568
     ALA32b  *C2022 10 31.55355 03 28 19.12 +13 56 13.0          24.5        568
     ALA32b  *C2022 10 31.55708 03 28 18.92 +13 56 11.2          25.0        568
     ALA32c  *C2022 10 31.55005 03 28 19.17 +14 03 31.1          23.9        568
     ALA32c  *C2022 10 31.55355 03 28 18.95 +14 03 30.3          23.9        568
     ALA32c  *C2022 10 31.55708 03 28 18.78 +14 03 29.8          24.2        568
     ALA32Q  *C2022 10 31.55005 03 30 18.09 +14 05 05.2          23.7        568
     ALA32Q  *C2022 10 31.55355 03 30 17.92 +14 05 05.2          23.8        568
     ALA32Q  *C2022 10 31.55708 03 30 17.74 +14 05 05.3          24.0        568
     ALA32R  *C2022 10 31.54652 03 30 16.95 +14 07 21.2          23.7        568
     ALA32R  *C2022 10 31.55005 03 30 16.74 +14 07 20.1          24.0        568
     ALA32R  *C2022 10 31.55355 03 30 16.57 +14 07 19.6          23.8        568
     ALA32R  *C2022 10 31.55708 03 30 16.40 +14 07 18.8          23.5        568
     ALA32T  *C2022 10 31.54652 03 29 51.40 +14 04 49.8          24.2        568
     ALA32T  *C2022 10 31.55005 03 29 51.15 +14 04 49.7          23.6        568
     ALA32T  *C2022 10 31.55355 03 29 50.96 +14 04 49.9          23.6        568
     ALA32T  *C2022 10 31.55708 03 29 50.77 +14 04 50.0          23.5        568
     ALA32W  *C2022 10 31.55005 03 28 24.44 +14 02 29.3          22.9        568
     ALA32W  *C2022 10 31.55355 03 28 24.22 +14 02 29.2          22.9        568
     ALA32W  *C2022 10 31.55708 03 28 23.97 +14 02 29.2          22.9        568
     ALA32X  *C2022 10 31.55005 03 28 49.09 +14 03 07.8          24.5        568
     ALA32X  *C2022 10 31.55355 03 28 48.87 +14 03 06.8          23.8        568
     ALA32X  *C2022 10 31.55708 03 28 48.69 +14 03 06.1          23.9        568
     ALA34I  *C2022 10 31.55005 03 28 24.24 +14 04 26.2          23.1        568
     ALA34I  *C2022 10 31.55355 03 28 24.13 +14 04 26.0          23.0        568
     ALA34I  *C2022 10 31.55708 03 28 24.03 +14 04 25.7          23.1        568
     ALA35t  *C2022 10 31.55005 03 28 29.88 +13 52 49.7          24.1        568
     ALA35t  *C2022 10 31.55355 03 28 29.72 +13 52 49.1          24.4        568
     ALA35t  *C2022 10 31.55708 03 28 29.50 +13 52 48.0          24.8        568
     ALA38d  *C2022 10 31.54652 03 32 34.55 +14 41 22.3          22.8        568
     ALA3Ak  *C2022 10 31.54652 03 30 39.51 +14 26 41.2          23.8        568
     ALA3AR  *C2022 10 31.54652 03 32 08.34 +14 42 23.6          23.0        568
     ALA3Ax  *C2022 10 31.55005 03 29 25.57 +14 24 32.7          22.7        568
     ALA3Ax  *C2022 10 31.55355 03 29 25.39 +14 24 31.5          22.7        568
     ALA3Ax  *C2022 10 31.55708 03 29 25.22 +14 24 30.4          22.7        568
     ALA3Cf  *C2022 10 31.55005 03 28 51.85 +13 51 44.3          22.5        568
     ALA3Cf  *C2022 10 31.55355 03 28 51.65 +13 51 43.9          22.5        568
     ALA3Cf  *C2022 10 31.55708 03 28 51.44 +13 51 43.4          22.5        568
     ALA3d3  *C2022 10 31.54652 03 32 45.72 +14 34 56.7          24.9        568
     ALA3d4  *C2022 10 31.54652 03 32 43.85 +14 35 18.1          24.7        568
     ALA3d5  *C2022 10 31.54652 03 32 52.09 +14 37 25.7          25.0        568
     ALA3d6  *C2022 10 31.54652 03 32 45.39 +14 42 47.8          23.6        568
     ALA3dA  *C2022 10 31.54652 03 32 34.03 +14 36 42.4          24.9        568
     ALA3dB  *C2022 10 31.54652 03 32 27.52 +14 40 17.4          24.6        568
     ALA3dD  *C2022 10 31.54652 03 32 17.35 +14 40 50.5          23.2        568
     ALA3dM  *C2022 10 31.54652 03 31 29.63 +14 33 59.9          24.4        568
     ALA3dn  *C2022 10 31.54652 03 32 18.62 +14 22 47.6          24.8        568
     ALA3dN  *C2022 10 31.54652 03 30 56.35 +14 39 46.7          25.4        568
     ALA3dO  *C2022 10 31.54652 03 31 00.20 +14 31 40.1          24.6        568
     ALA3ds  *C2022 10 31.54652 03 31 58.04 +14 28 22.5          24.5        568
     ALA3dS  *C2022 10 31.54652 03 30 43.68 +14 37 33.4          23.8        568
     ALA3dT  *C2022 10 31.54652 03 30 42.40 +14 41 00.8          24.6        568
     ALA3dU  *C2022 10 31.54652 03 30 32.79 +14 41 55.7          24.6        568
     ALA3dv  *C2022 10 31.54652 03 31 55.58 +14 27 39.2          23.0        568
     ALA3dW  *C2022 10 31.54652 03 30 09.43 +14 43 46.8          24.6        568
     ALA3dY  *C2022 10 31.54652 03 30 10.13 +14 42 18.1          24.2        568
     ALA3dz  *C2022 10 31.54652 03 31 13.89 +14 27 55.1          24.4        568
     ALA3E3  *C2022 10 31.55005 03 28 25.98 +14 03 45.8          24.5        568
     ALA3E3  *C2022 10 31.55355 03 28 25.80 +14 03 45.2          24.6        568
     ALA3E3  *C2022 10 31.55708 03 28 25.61 +14 03 44.4          24.9        568
     ALA3e4  *C2022 10 31.54652 03 30 44.22 +14 28 30.9          24.1        568
     ALA3E4  *C2022 10 31.55005 03 28 08.39 +14 06 24.5          23.3        568
     ALA3E4  *C2022 10 31.55355 03 28 08.19 +14 06 23.8          23.3        568
     ALA3E4  *C2022 10 31.55708 03 28 07.98 +14 06 23.1          23.4        568
     ALA3e7  *C2022 10 31.54652 03 30 36.16 +14 20 29.1          24.5        568
     ALA3eE  *C2022 10 31.54652 03 30 13.23 +14 21 51.6          24.1        568
     ALA3el  *C2022 10 31.54652 03 30 58.86 +14 11 09.2          23.1        568
     ALA3em  *C2022 10 31.54652 03 31 13.73 +14 09 44.8          24.3        568
     ALA3eq  *C2022 10 31.54652 03 30 37.91 +14 06 12.0          24.4        568
     ALA3eu  *C2022 10 31.54652 03 30 04.57 +14 04 13.3          23.8        568
     ALA3fg  *C2022 10 31.54652 03 29 36.47 +14 06 41.4          24.9        568
     ALA3fi  *C2022 10 31.55005 03 29 42.39 +14 24 44.5          23.9        568
     ALA3fi  *C2022 10 31.55355 03 29 42.22 +14 24 43.9          24.3        568
     ALA3fi  *C2022 10 31.55708 03 29 42.05 +14 24 43.2          23.9        568
     ALA3fo  *C2022 10 31.55005 03 27 59.71 +14 28 40.1          22.0        568
     ALA3fo  *C2022 10 31.55355 03 27 59.59 +14 28 39.6          22.1        568
     ALA3fo  *C2022 10 31.55708 03 27 59.49 +14 28 39.0          22.1        568
     ALA3fU  *C2022 10 31.54652 03 29 35.46 +14 17 34.7          23.9        568
     ALA3fX  *C2022 10 31.54652 03 29 45.51 +14 26 51.9          24.5        568
     ALA3fY  *C2022 10 31.54652 03 29 51.18 +14 16 35.7          24.2        568
     ALA3Fz  *C2022 10 31.55005 03 28 46.30 +14 02 01.3          22.9        568
     ALA3Fz  *C2022 10 31.55355 03 28 46.15 +14 02 00.8          22.9        568
     ALA3Fz  *C2022 10 31.55708 03 28 45.97 +14 02 00.0          23.1        568
     ALA3g8  *C2022 10 31.55005 03 29 17.62 +14 09 29.4          24.6        568
     ALA3g8  *C2022 10 31.55355 03 29 17.51 +14 09 28.4          24.6        568
     ALA3g8  *C2022 10 31.55708 03 29 17.38 +14 09 27.2          24.5        568
     ALA3gA  *C2022 10 31.55005 03 28 54.70 +14 06 06.2          24.2        568
     ALA3gA  *C2022 10 31.55355 03 28 54.50 +14 06 05.3          23.5        568
     ALA3gA  *C2022 10 31.55708 03 28 54.24 +14 06 04.2          24.4        568
     ALA3gN  *C2022 10 31.55005 03 28 01.87 +14 04 14.7          24.7        568
     ALA3gN  *C2022 10 31.55355 03 28 01.70 +14 04 14.0          24.0        568
     ALA3gN  *C2022 10 31.55708 03 28 01.53 +14 04 13.3          24.0        568
     ALA3gw  *C2022 10 31.55005 03 28 44.62 +13 53 38.6          24.5        568
     ALA3gw  *C2022 10 31.55355 03 28 44.39 +13 53 38.8          24.2        568
     ALA3gw  *C2022 10 31.55708 03 28 44.20 +13 53 38.9          24.6        568
     ALA3M1  *C2022 10 31.54652 03 31 04.00 +14 24 29.6          23.6        568
     ALA3M8  *C2022 10 31.54652 03 30 44.04 +14 22 27.9          23.6        568
     ALA3MB  *C2022 10 31.54652 03 29 42.60 +14 24 45.5          24.3        568
     ALA3MC  #C2022 10 31.55005 03 29 32.959+13 58 05.41                     T14
     ALA3MC  #C2022 10 31.55355 03 29 32.779+13 58 00.80                     T14
     ALA3MC  #C2022 10 31.55708 03 29 32.570+13 57 56.02                     T14
     ALA3Ni  *C2022 10 31.55005 03 28 02.39 +14 26 31.1          23.4        568
     ALA3Ni  *C2022 10 31.55355 03 28 02.19 +14 26 30.6          23.4        568
     ALA3Ni  *C2022 10 31.55708 03 28 01.99 +14 26 30.0          23.4        568
     ALA3NJ  *C2022 10 31.54652 03 29 44.61 +14 02 07.5          22.3        568
     ALA3NJ  *C2022 10 31.55005 03 29 44.41 +14 02 08.7          22.3        568
     ALA3NJ  *C2022 10 31.55355 03 29 44.19 +14 02 09.5          22.2        568
     ALA3NJ  *C2022 10 31.55708 03 29 43.97 +14 02 10.6          22.3        568
     ALA3uc  *C2022 10 31.55005 03 28 08.090+14 09 12.31         25.2 g      568
     ALA3uc  *C2022 10 31.55355 03 28 07.980+14 09 11.99         25.8 g      568
     ALA3uc  *C2022 10 31.55708 03 28 07.870+14 09 11.59         24.6 g      568
     P21Bn8f  C2022 11 01.34778403 31 48.757+14 53 09.48         21.75wU     F52
     P21Bn8f  C2022 11 01.35854303 31 48.246+14 53 05.50         21.51wU     F52
     P21Bn8f  C2022 11 01.38010903 31 47.181+14 52 56.22         21.67wU     F52
