     as10     C1999 12 12.84039 07 16 23.72 +21 43 51.6                c     B18
     as10     C1999 12 12.93067 07 16 22.99 +21 43 51.1                c     B18
     as10     C1999 12 12.96852 07 16 21.74 +21 43 52.4                c     B18
     as10     C1999 12 13.07596 07 16 22.08 +21 43 54.6                c     B18
     as10    6C2002 09 06.86571 21 43 03.37 +00 48 20.9          19.2 Vc     094
     as10    6C2002 09 06.90163 21 43 03.19 +00 48 00.4                c     094
     as10    6C2002 09 06.91745 21 43 03.48 +00 47 52.3                c     094
     as10    6C2002 09 06.93228 21 43 03.98 +00 47 46.9                c     094
     as10    6C2002 09 06.96927 21 43 06.36 +00 47 33.2                c     094


     as10    6C2002 09 06.96927 21 43 06.36 +00 47 33.2                c     094
