     d143023* C2014 03 06.92879 11 23 54.36 +08 31 08.6          21.6 Rt     G36
     d143023  C2014 03 06.96421 11 23 52.70 +08 31 18.2          21.5 Rt     G36
     d143023  C2014 03 07.00436 11 23 50.79 +08 31 29.7          21.6 Rt     G36
     d143023  C2014 03 07.04828 11 23 48.69 +08 31 41.4          21.9 Rt     G36
     d143023  C2014 03 07.92222 11 23 08.51 +08 35 40.2          21.8 Rt     G36
     d143023  C2014 03 07.96203 11 23 06.64 +08 35 51.6          22.5 Rt     G36
     d143023  C2014 03 08.00628 11 23 04.57 +08 36 02.7          22.0 Rt     G36
     d143023  C2014 03 08.05440 11 23 02.25 +08 36 16.6          21.9 Rt     G36
     d143023  C2014 03 08.10251 11 22 59.99 +08 36 29.8          22.1 Rt     G36
     d143023  C2014 03 08.13606 11 22 58.37 +08 36 38.2          21.7 Rt     G36


     d143023  C2014 03 08.13606 11 22 58.37 +08 36 38.2          21.7 Rt     G36
     O29E23 * C2014 03 10.26095 11 20 23.17 +08 49 34.9          20.9 Vo     691
     O29E23   C2014 03 10.27607 11 20 22.41 +08 49 41.7          20.9 Vo     691
     O29E23   C2014 03 10.29121 11 20 21.68 +08 49 49.3          21.5 Vo     691
     VE83D45* C2014 03 10.27668 11 20 22.44 +08 49 42.2          21.3 Vq     G96
     VE83D45  C2014 03 10.28446 11 20 22.07 +08 49 45.8          20.3 Vq     G96
     VE83D45  C2014 03 10.29225 11 20 21.65 +08 49 49.0          20.6 Vq     G96
     VE83D45  C2014 03 10.30005 11 20 21.25 +08 49 52.8          20.7 Vq     G96
     O29E23 * C2014 03 10.26095 11 20 23.17 +08 49 34.9          20.9 Vo     691
     O29E23   C2014 03 10.27607 11 20 22.41 +08 49 41.7          20.9 Vo     691
     O29E23   C2014 03 10.29121 11 20 21.68 +08 49 49.3          21.5 Vo     691
     VE83D45* C2014 03 10.27668 11 20 22.44 +08 49 42.2          21.3 Vq     G96
     VE83D45  C2014 03 10.28446 11 20 22.07 +08 49 45.8          20.3 Vq     G96
     VE83D45  C2014 03 10.29225 11 20 21.65 +08 49 49.0          20.6 Vq     G96
     VE83D45  C2014 03 10.30005 11 20 21.25 +08 49 52.8          20.7 Vq     G96
