     ALA31t  *C2022 10 29.42640 03 32 04.18 +14 21 28.0          24.3        568
     ALA31t  *C2022 10 29.42993 03 32 04.07 +14 21 27.4          24.0        568
     ALA31t  *C2022 10 29.43345 03 32 03.97 +14 21 26.8          24.6        568
     ALA31t  *C2022 10 29.51851 03 32 01.53 +14 21 13.7          24.4        568
     ALA31t  *C2022 10 29.52205 03 32 01.41 +14 21 13.2          25.0        568
     ALA31t  *C2022 10 29.52558 03 32 01.33 +14 21 12.7          24.3        568
     ALA31t  *C2022 10 30.53674 03 31 32.66 +14 18 37.2          24.8        568
     ALA31t  *C2022 10 30.54031 03 31 32.56 +14 18 36.7          24.3        568
     ALA31t  *C2022 10 30.54384 03 31 32.46 +14 18 36.0          24.4        568
     ALA31t  *C2022 10 31.53946 03 31 03.90 +14 16 02.4          24.6        568
     ALA31t  *C2022 10 31.54299 03 31 03.79 +14 16 01.9          24.7        568
     ALA31t  *C2022 10 31.54652 03 31 03.69 +14 16 01.2          24.2        568


     ALA31B  *C2022 10 31.54652 03 31 57.98 +14 09 00.2          24.1        568
     ALA31D  *C2022 10 31.54652 03 31 59.76 +14 27 02.0          24.3        568
     ALA31j  *C2022 10 31.54652 03 31 08.80 +14 11 15.2          24.5        568
     ALA31m  *C2022 10 31.54652 03 30 40.21 +14 20 59.9          23.5        568
     ALA31N  *C2022 10 31.54652 03 30 56.38 +14 26 44.3          23.3        568
     ALA31r  *C2022 10 31.54652 03 30 56.24 +14 11 13.5          24.0        568
     ALA31t  *C2022 10 31.54652 03 31 03.69 +14 16 01.2          24.2        568
     ALA31v  *C2022 10 31.54652 03 30 05.61 +14 23 21.4          23.3        568
     ALA31w  *C2022 10 31.54652 03 30 42.82 +14 19 33.8          23.3        568
     ALA31y  *C2022 10 31.54652 03 30 28.39 +14 19 54.2          24.6        568
     ALA321  *C2022 10 31.54652 03 29 59.390+14 11 30.08                     568
     ALA32a  *C2022 10 31.55005 03 29 42.64 +13 58 04.8          24.5        568
     ALA32a  *C2022 10 31.55355 03 29 42.52 +13 58 04.2          24.2        568
     ALA32a  *C2022 10 31.55708 03 29 42.41 +13 58 03.8          24.1        568
     ALA32b  *C2022 10 31.55005 03 28 19.29 +13 56 14.4          24.6        568
     ALA32b  *C2022 10 31.55355 03 28 19.12 +13 56 13.0          24.5        568
     ALA32b  *C2022 10 31.55708 03 28 18.92 +13 56 11.2          25.0        568
     ALA32c  *C2022 10 31.55005 03 28 19.17 +14 03 31.1          23.9        568
     ALA32c  *C2022 10 31.55355 03 28 18.95 +14 03 30.3          23.9        568
     ALA32c  *C2022 10 31.55708 03 28 18.78 +14 03 29.8          24.2        568
     ALA32Q  *C2022 10 31.55005 03 30 18.09 +14 05 05.2          23.7        568
     ALA32Q  *C2022 10 31.55355 03 30 17.92 +14 05 05.2          23.8        568
     ALA32Q  *C2022 10 31.55708 03 30 17.74 +14 05 05.3          24.0        568
     ALA32R  *C2022 10 31.54652 03 30 16.95 +14 07 21.2          23.7        568
     ALA32R  *C2022 10 31.55005 03 30 16.74 +14 07 20.1          24.0        568
     ALA32R  *C2022 10 31.55355 03 30 16.57 +14 07 19.6          23.8        568
     ALA32R  *C2022 10 31.55708 03 30 16.40 +14 07 18.8          23.5        568
     ALA32T  *C2022 10 31.54652 03 29 51.40 +14 04 49.8          24.2        568
     ALA32T  *C2022 10 31.55005 03 29 51.15 +14 04 49.7          23.6        568
     ALA32T  *C2022 10 31.55355 03 29 50.96 +14 04 49.9          23.6        568
     ALA32T  *C2022 10 31.55708 03 29 50.77 +14 04 50.0          23.5        568
     ALA32u  *C2022 10 31.55005 03 29 44.44 +13 47 31.2          22.5        568
     ALA32u  *C2022 10 31.55355 03 29 44.25 +13 47 30.1          22.6        568
     ALA32u  *C2022 10 31.55708 03 29 44.05 +13 47 28.9          22.1        568
     ALA32W  *C2022 10 31.55005 03 28 24.44 +14 02 29.3          22.9        568
     ALA32W  *C2022 10 31.55355 03 28 24.22 +14 02 29.2          22.9        568
     ALA32W  *C2022 10 31.55708 03 28 23.97 +14 02 29.2          22.9        568
     ALA32X  *C2022 10 31.55005 03 28 49.09 +14 03 07.8          24.5        568
     ALA32X  *C2022 10 31.55355 03 28 48.87 +14 03 06.8          23.8        568
     ALA32X  *C2022 10 31.55708 03 28 48.69 +14 03 06.1          23.9        568
     ALA32z  *C2022 10 31.55005 03 29 19.50 +13 47 21.0          24.1        568
     ALA32z  *C2022 10 31.55355 03 29 19.32 +13 47 21.1          24.5        568
     ALA32z  *C2022 10 31.55708 03 29 19.13 +13 47 21.1          24.0        568
     ALA335  *C2022 10 31.55005 03 28 28.83 +13 39 35.5          23.1        568
     ALA335  *C2022 10 31.55355 03 28 28.65 +13 39 34.5          23.2        568
     ALA335  *C2022 10 31.55708 03 28 28.47 +13 39 33.3          23.2        568
     ALA33g  *C2022 10 31.55005 03 27 01.670+14 16 03.61                     568
     ALA33g  *C2022 10 31.55356 03 27 01.519+14 16 02.21                     568
     ALA33g  *C2022 10 31.55709 03 27 01.330+14 16 00.91                     568
     ALA33I  *C2022 10 31.55005 03 28 06.36 +14 20 13.1          24.2        568
     ALA33I  *C2022 10 31.55355 03 28 06.15 +14 20 12.3          24.4        568
     ALA33I  *C2022 10 31.55708 03 28 05.97 +14 20 11.7          24.1        568
     ALA33j  *C2022 10 31.55005 03 26 45.91 +14 11 42.1          24.2        568
     ALA33j  *C2022 10 31.55355 03 26 45.75 +14 11 41.4          24.5        568
     ALA33j  *C2022 10 31.55708 03 26 45.56 +14 11 40.7          24.2        568
     ALA33w  *C2022 10 31.55005 03 26 35.29 +14 11 25.3          23.9        568
     ALA33w  *C2022 10 31.55355 03 26 35.19 +14 11 24.8          23.8        568
     ALA33w  *C2022 10 31.55708 03 26 35.08 +14 11 24.2          23.9        568
     ALA34I  *C2022 10 31.55005 03 28 24.24 +14 04 26.2          23.1        568
     ALA34I  *C2022 10 31.55355 03 28 24.13 +14 04 26.0          23.0        568
     ALA34I  *C2022 10 31.55708 03 28 24.03 +14 04 25.7          23.1        568
     ALA34J  *C2022 10 31.55005 03 27 03.92 +14 04 50.2          22.8        568
     ALA34J  *C2022 10 31.55355 03 27 03.73 +14 04 49.9          22.9        568
     ALA34J  *C2022 10 31.55708 03 27 03.53 +14 04 49.7          22.8        568
     ALA35t  *C2022 10 31.55005 03 28 29.88 +13 52 49.7          24.1        568
     ALA35t  *C2022 10 31.55355 03 28 29.72 +13 52 49.1          24.4        568
     ALA35t  *C2022 10 31.55708 03 28 29.50 +13 52 48.0          24.8        568
     ALA362  *C2022 10 31.55005 03 28 31.09 +13 48 54.3          22.9        568
     ALA362  *C2022 10 31.55355 03 28 30.92 +13 48 53.4          22.9        568
     ALA362  *C2022 10 31.55708 03 28 30.74 +13 48 52.3          22.8        568
     ALA3Ak  *C2022 10 31.54652 03 30 39.51 +14 26 41.2          23.8        568
     ALA3Ax  *C2022 10 31.55005 03 29 25.57 +14 24 32.7          22.7        568
     ALA3Ax  *C2022 10 31.55355 03 29 25.39 +14 24 31.5          22.7        568
     ALA3Ax  *C2022 10 31.55708 03 29 25.22 +14 24 30.4          22.7        568
     ALA3Cf  *C2022 10 31.55005 03 28 51.85 +13 51 44.3          22.5        568
     ALA3Cf  *C2022 10 31.55355 03 28 51.65 +13 51 43.9          22.5        568
     ALA3Cf  *C2022 10 31.55708 03 28 51.44 +13 51 43.4          22.5        568
     ALA3DC  *C2022 10 31.55005 03 27 30.40 +14 12 11.2          23.6        568
     ALA3DC  *C2022 10 31.55355 03 27 30.19 +14 12 10.4          24.1        568
     ALA3DC  *C2022 10 31.55708 03 27 30.03 +14 12 09.8          23.7        568
     ALA3dO  *C2022 10 31.54652 03 31 00.20 +14 31 40.1          24.6        568
     ALA3dv  *C2022 10 31.54652 03 31 55.58 +14 27 39.2          23.0        568
     ALA3dw  *C2022 10 31.54652 03 31 49.33 +14 16 09.3          22.6        568
     ALA3dz  *C2022 10 31.54652 03 31 13.89 +14 27 55.1          24.4        568
     ALA3E3  *C2022 10 31.55005 03 28 25.98 +14 03 45.8          24.5        568
     ALA3E3  *C2022 10 31.55355 03 28 25.80 +14 03 45.2          24.6        568
     ALA3E3  *C2022 10 31.55708 03 28 25.61 +14 03 44.4          24.9        568
     ALA3e4  *C2022 10 31.54652 03 30 44.22 +14 28 30.9          24.1        568
     ALA3E4  *C2022 10 31.55005 03 28 08.39 +14 06 24.5          23.3        568
     ALA3E4  *C2022 10 31.55355 03 28 08.19 +14 06 23.8          23.3        568
     ALA3E4  *C2022 10 31.55708 03 28 07.98 +14 06 23.1          23.4        568
     ALA3e7  *C2022 10 31.54652 03 30 36.16 +14 20 29.1          24.5        568
     ALA3E8  *C2022 10 31.55005 03 28 00.23 +13 47 58.5          22.4        568
     ALA3E8  *C2022 10 31.55355 03 28 00.07 +13 47 56.2          22.3        568
     ALA3E8  *C2022 10 31.55708 03 27 59.90 +13 47 53.9          22.4        568
     ALA3eE  *C2022 10 31.54652 03 30 13.23 +14 21 51.6          24.1        568
     ALA3eh  *C2022 10 31.54652 03 31 13.70 +14 02 05.6          23.9        568
     ALA3el  *C2022 10 31.54652 03 30 58.86 +14 11 09.2          23.1        568
     ALA3em  *C2022 10 31.54652 03 31 13.73 +14 09 44.8          24.3        568
     ALA3en  *C2022 10 31.54652 03 31 10.65 +14 04 20.7          25.3        568
     ALA3eq  *C2022 10 31.54652 03 30 37.91 +14 06 12.0          24.4        568
     ALA3eu  *C2022 10 31.54652 03 30 04.57 +14 04 13.3          23.8        568
     ALA3eX  *C2022 10 31.54652 03 31 56.31 +14 13 02.0          24.7        568
     ALA3eZ  *C2022 10 31.54652 03 32 03.96 +14 07 51.9          24.9        568
     ALA3fg  *C2022 10 31.54652 03 29 36.47 +14 06 41.4          24.9        568
     ALA3fi  *C2022 10 31.55005 03 29 42.39 +14 24 44.5          23.9        568
     ALA3fi  *C2022 10 31.55355 03 29 42.22 +14 24 43.9          24.3        568
     ALA3fi  *C2022 10 31.55708 03 29 42.05 +14 24 43.2          23.9        568
     ALA3fM  *C2022 10 31.54652 03 30 18.33 +13 49 38.6          25.0        568
     ALA3fo  *C2022 10 31.55005 03 27 59.71 +14 28 40.1          22.0        568
     ALA3fo  *C2022 10 31.55355 03 27 59.59 +14 28 39.6          22.1        568
     ALA3fo  *C2022 10 31.55708 03 27 59.49 +14 28 39.0          22.1        568
     ALA3fU  *C2022 10 31.54652 03 29 35.46 +14 17 34.7          23.9        568
     ALA3fv  *C2022 10 31.55005 03 27 00.35 +14 25 09.4          24.6        568
     ALA3fv  *C2022 10 31.55355 03 27 00.08 +14 25 08.2          23.9        568
     ALA3fv  *C2022 10 31.55708 03 26 59.83 +14 25 07.1          23.7        568
     ALA3fw  *C2022 10 31.55005 03 27 04.01 +14 27 03.6          24.4        568
     ALA3fw  *C2022 10 31.55355 03 27 03.77 +14 27 02.9          24.4        568
     ALA3fw  *C2022 10 31.55708 03 27 03.54 +14 27 02.0          24.4        568
     ALA3fX  *C2022 10 31.54652 03 29 45.51 +14 26 51.9          24.5        568
     ALA3fY  *C2022 10 31.54652 03 29 51.18 +14 16 35.7          24.2        568
     ALA3Fz  *C2022 10 31.55005 03 28 46.30 +14 02 01.3          22.9        568
     ALA3Fz  *C2022 10 31.55355 03 28 46.15 +14 02 00.8          22.9        568
     ALA3Fz  *C2022 10 31.55708 03 28 45.97 +14 02 00.0          23.1        568
     ALA3g8  *C2022 10 31.55005 03 29 17.62 +14 09 29.4          24.6        568
     ALA3g8  *C2022 10 31.55355 03 29 17.51 +14 09 28.4          24.6        568
     ALA3g8  *C2022 10 31.55708 03 29 17.38 +14 09 27.2          24.5        568
     ALA3gA  *C2022 10 31.55005 03 28 54.70 +14 06 06.2          24.2        568
     ALA3gA  *C2022 10 31.55355 03 28 54.50 +14 06 05.3          23.5        568
     ALA3gA  *C2022 10 31.55708 03 28 54.24 +14 06 04.2          24.4        568
     ALA3gK   C2022 10 31.55005 03 27 53.611+14 03 52.88         23.4 G      T14
     ALA3gK   C2022 10 31.55355 03 27 53.400+14 03 47.20         23.9 G      T14
     ALA3gK   C2022 10 31.55708 03 27 53.170+14 03 40.61         24.5 G      T14
     ALA3gN  *C2022 10 31.55005 03 28 01.87 +14 04 14.7          24.7        568
     ALA3gN  *C2022 10 31.55355 03 28 01.70 +14 04 14.0          24.0        568
     ALA3gN  *C2022 10 31.55708 03 28 01.53 +14 04 13.3          24.0        568
     ALA3gR  *C2022 10 31.55005 03 27 25.67 +14 05 38.1          24.0        568
     ALA3gR  *C2022 10 31.55355 03 27 25.54 +14 05 37.6          24.2        568
     ALA3gR  *C2022 10 31.55708 03 27 25.39 +14 05 37.1          24.9        568
     ALA3gu  *C2022 10 31.55005 03 28 45.74 +13 47 31.3          25.2        568
     ALA3gu  *C2022 10 31.55355 03 28 45.61 +13 47 31.1          25.2        568
     ALA3gu  *C2022 10 31.55708 03 28 45.49 +13 47 30.9          25.2        568
     ALA3gU  *C2022 10 31.55005 03 26 55.56 +14 03 28.1          24.4        568
     ALA3gU  *C2022 10 31.55355 03 26 55.35 +14 03 26.7          23.6        568
     ALA3gU  *C2022 10 31.55708 03 26 55.17 +14 03 25.6          23.5        568
     ALA3gV  *C2022 10 31.55005 03 26 57.87 +14 07 21.8          23.9        568
     ALA3gV  *C2022 10 31.55355 03 26 57.70 +14 07 21.0          23.6        568
     ALA3gV  *C2022 10 31.55708 03 26 57.54 +14 07 20.1          24.6        568
     ALA3gw  *C2022 10 31.55005 03 28 44.62 +13 53 38.6          24.5        568
     ALA3gw  *C2022 10 31.55355 03 28 44.39 +13 53 38.8          24.2        568
     ALA3gw  *C2022 10 31.55708 03 28 44.20 +13 53 38.9          24.6        568
     ALA3gW  *C2022 10 31.55005 03 27 06.38 +14 08 14.8          25.5        568
     ALA3gW  *C2022 10 31.55355 03 27 06.24 +14 08 14.1          24.7        568
     ALA3gW  *C2022 10 31.55708 03 27 06.12 +14 08 13.4          24.5        568
     ALA3gY  *C2022 10 31.55005 03 27 00.69 +14 10 03.6          22.6        568
     ALA3gY  *C2022 10 31.55355 03 27 00.51 +14 10 02.3          22.5        568
     ALA3gY  *C2022 10 31.55708 03 27 00.33 +14 10 01.0          22.6        568
     ALA3h3  *C2022 10 31.55005 03 28 20.81 +13 51 43.0          24.1        568
     ALA3h3  *C2022 10 31.55355 03 28 20.64 +13 51 42.1          24.1        568
     ALA3h3  *C2022 10 31.55708 03 28 20.42 +13 51 41.2          24.4        568
     ALA3h8  *C2022 10 31.55005 03 28 06.05 +13 52 57.4          23.9        568
     ALA3h8  *C2022 10 31.55355 03 28 05.87 +13 52 56.4          23.7        568
     ALA3h8  *C2022 10 31.55708 03 28 05.68 +13 52 55.5          23.6        568
     ALA3h9  *C2022 10 31.55005 03 28 01.03 +13 52 21.0          25.3        568
     ALA3h9  *C2022 10 31.55355 03 28 00.81 +13 52 20.1          25.2        568
     ALA3h9  *C2022 10 31.55708 03 28 00.64 +13 52 19.4          24.3        568
     ALA3ha  *C2022 10 31.55005 03 29 13.35 +13 39 27.8          24.2        568
     ALA3ha  *C2022 10 31.55355 03 29 13.17 +13 39 26.6          24.1        568
     ALA3ha  *C2022 10 31.55708 03 29 13.00 +13 39 25.5          24.1        568
     ALA3hA  *C2022 10 31.55005 03 28 02.85 +13 50 26.1          24.0        568
     ALA3hA  *C2022 10 31.55355 03 28 02.64 +13 50 25.1          23.9        568
     ALA3hA  *C2022 10 31.55708 03 28 02.50 +13 50 24.3          24.6        568
     ALA3hb  *C2022 10 31.55005 03 29 29.05 +13 38 00.3          23.5        568
     ALA3hb  *C2022 10 31.55355 03 29 28.85 +13 37 58.6          23.6        568
     ALA3hb  *C2022 10 31.55708 03 29 28.66 +13 37 57.1          23.8        568
     ALA3he  *C2022 10 31.55005 03 28 59.80 +13 34 51.0          24.0        568
     ALA3he  *C2022 10 31.55355 03 28 59.63 +13 34 50.2          24.4        568
     ALA3he  *C2022 10 31.55708 03 28 59.49 +13 34 49.4          24.6        568
     ALA3hE  *C2022 10 31.55005 03 27 24.55 +13 53 09.7          24.2        568
     ALA3hE  *C2022 10 31.55355 03 27 24.37 +13 53 09.5          24.6        568
     ALA3hE  *C2022 10 31.55708 03 27 24.18 +13 53 09.4          24.4        568
     ALA3hj  *C2022 10 31.55005 03 28 17.37 +13 36 31.4          24.1        568
     ALA3hj  *C2022 10 31.55355 03 28 17.18 +13 36 30.5          24.2        568
     ALA3hj  *C2022 10 31.55708 03 28 17.00 +13 36 29.5          24.0        568
     ALA3hl  *C2022 10 31.55005 03 27 53.50 +13 40 39.7          23.3        568
     ALA3hl  *C2022 10 31.55355 03 27 53.31 +13 40 38.7          23.1        568
     ALA3hl  *C2022 10 31.55708 03 27 53.14 +13 40 37.8          23.3        568
     ALA3hn  *C2022 10 31.55005 03 28 06.71 +13 41 08.6          24.9        568
     ALA3hn  *C2022 10 31.55355 03 28 06.61 +13 41 07.9          25.6        568
     ALA3hn  *C2022 10 31.55708 03 28 06.51 +13 41 07.5          25.3        568
     ALA3hp  *C2022 10 31.55005 03 27 38.85 +13 38 54.4          23.9        568
     ALA3hp  *C2022 10 31.55355 03 27 38.65 +13 38 53.5          24.3        568
     ALA3hp  *C2022 10 31.55708 03 27 38.44 +13 38 52.8          23.6        568
     ALA3hZ  *C2022 10 31.55005 03 29 12.96 +13 32 05.5          21.9        568
     ALA3hZ  *C2022 10 31.55355 03 29 12.70 +13 32 05.5          21.8        568
     ALA3hZ  *C2022 10 31.55708 03 29 12.46 +13 32 05.4          22.0        568
     ALA3iE  *C2022 10 31.55005 03 30 13.61 +13 59 04.8          23.9        568
     ALA3iE  *C2022 10 31.55355 03 30 13.46 +13 59 03.7          24.2        568
     ALA3iE  *C2022 10 31.55708 03 30 13.31 +13 59 02.8          23.8        568
     ALA3M1  *C2022 10 31.54652 03 31 04.00 +14 24 29.6          23.6        568
     ALA3M8  *C2022 10 31.54652 03 30 44.04 +14 22 27.9          23.6        568
     ALA3MB  *C2022 10 31.54652 03 29 42.60 +14 24 45.5          24.3        568
     ALA3MC  #C2022 10 31.55005 03 29 32.959+13 58 05.41                     T14
     ALA3MC  #C2022 10 31.55355 03 29 32.779+13 58 00.80                     T14
     ALA3MC  #C2022 10 31.55708 03 29 32.570+13 57 56.02                     T14
     ALA3Ni  *C2022 10 31.55005 03 28 02.39 +14 26 31.1          23.4        568
     ALA3Ni  *C2022 10 31.55355 03 28 02.19 +14 26 30.6          23.4        568
     ALA3Ni  *C2022 10 31.55708 03 28 01.99 +14 26 30.0          23.4        568
     ALA3NJ  *C2022 10 31.54652 03 29 44.61 +14 02 07.5          22.3        568
     ALA3NJ  *C2022 10 31.55005 03 29 44.41 +14 02 08.7          22.3        568
     ALA3NJ  *C2022 10 31.55355 03 29 44.19 +14 02 09.5          22.2        568
     ALA3NJ  *C2022 10 31.55708 03 29 43.97 +14 02 10.6          22.3        568
     ALA3P9  *C2022 10 31.55005 03 28 18.17 +13 38 03.2          22.6        568
     ALA3P9  *C2022 10 31.55355 03 28 17.97 +13 38 03.1          22.6        568
     ALA3P9  *C2022 10 31.55708 03 28 17.76 +13 38 03.0          22.5        568
     ALA3PE  *C2022 10 31.55005 03 27 59.18 +13 33 09.9          22.4        568
     ALA3PE  *C2022 10 31.55355 03 27 58.98 +13 33 09.3          22.4        568
     ALA3PE  *C2022 10 31.55708 03 27 58.76 +13 33 08.6          22.5        568
     ALA3uc  *C2022 10 31.55005 03 28 08.090+14 09 12.31         25.2 g      568
     ALA3uc  *C2022 10 31.55355 03 28 07.980+14 09 11.99         25.8 g      568
     ALA3uc  *C2022 10 31.55708 03 28 07.870+14 09 11.59         24.6 g      568
     ALA32a  *C2022 10 31.55005 03 29 42.64 +13 58 04.8          24.5        568
     ALA32a  *C2022 10 31.55355 03 29 42.52 +13 58 04.2          24.2        568
     ALA32a  *C2022 10 31.55708 03 29 42.41 +13 58 03.8          24.1        568
     ALA32Q  *C2022 10 31.55005 03 30 18.09 +14 05 05.2          23.7        568
     ALA32Q  *C2022 10 31.55355 03 30 17.92 +14 05 05.2          23.8        568
     ALA32Q  *C2022 10 31.55708 03 30 17.74 +14 05 05.3          24.0        568
     ALA32R  *C2022 10 31.55005 03 30 16.74 +14 07 20.1          24.0        568
     ALA32R  *C2022 10 31.55355 03 30 16.57 +14 07 19.6          23.8        568
     ALA32R  *C2022 10 31.55708 03 30 16.40 +14 07 18.8          23.5        568
     ALA32T  *C2022 10 31.55005 03 29 51.15 +14 04 49.7          23.6        568
     ALA32T  *C2022 10 31.55355 03 29 50.96 +14 04 49.9          23.6        568
     ALA32T  *C2022 10 31.55708 03 29 50.77 +14 04 50.0          23.5        568
     ALA3iE  *C2022 10 31.55005 03 30 13.61 +13 59 04.8          23.9        568
     ALA3iE  *C2022 10 31.55355 03 30 13.46 +13 59 03.7          24.2        568
     ALA3iE  *C2022 10 31.55708 03 30 13.31 +13 59 02.8          23.8        568
     ALA3MC  #C2022 10 31.55005 03 29 32.959+13 58 05.41                     T14
     ALA3MC  #C2022 10 31.55355 03 29 32.779+13 58 00.80                     T14
     ALA3MC  #C2022 10 31.55708 03 29 32.570+13 57 56.02                     T14
     ALA3NJ  *C2022 10 31.55005 03 29 44.41 +14 02 08.7          22.3        568
     ALA3NJ  *C2022 10 31.55355 03 29 44.19 +14 02 09.5          22.2        568
     ALA3NJ  *C2022 10 31.55708 03 29 43.97 +14 02 10.6          22.3        568
