     AST012 * C2017 04 15.67533 12 02 53.50 -05 20 11.2          16.9 Vq     C97
     AST012   C2017 04 15.71975 12 02 52.02 -05 20 54.5          17.7 Vq     C97
     AST012   C2018 03 22.70076 08 39 53.76 +10 38 35.0          17.7 Vq     C97
     AST012   C2018 03 22.76671 08 39 53.91 +10 38 43.3          17.7 Vq     C97
     AST012  2S2022 11 12.70368 23 06 29.16 -05 03 21.4          27.2 V      274
     AST012  2S2022 11 12.76150 23 06 30.10 -05 03 24.0          27.2 V      274
     AST012  2S2022 11 12.81931 23 06 31.04 -05 03 26.6          27.2 V      274


     AST012  2S2022 11 12.81931 23 06 31.04 -05 03 26.6          27.2 V      274
