     AST046   C2017 10 28.64791 00 23 42.52 +00 01 09.6          17.6 Vq     C97
     AST046   C2017 10 28.71295 00 23 42.95 +00 00 38.6          19.1 Vq     C97
     AST046   C2017 11 08.66977 00 54 00.06 -04 30 42.9          18.5 Vq     C97
     AST046   C2017 11 08.73185 00 53 58.66 -04 30 40.3          18.3 Vq     C97
     AST046  2S2022 12 03.87578 23 06 28.84 -05 03 49.6          26.3 V      274
     AST046  2S2022 12 03.89168 23 06 29.38 -05 03 46.2          26.3 V      274
     AST046  2S2022 12 03.90758 23 06 29.92 -05 03 42.7          26.3 V      274


     AST046  2S2022 12 03.90758 23 06 29.92 -05 03 42.7          26.3 V      274
