     ALA32u  *C2022 10 29.42640 03 31 33.47 +13 58 27.0          22.6        568
     ALA32u  *C2022 10 29.42993 03 31 33.29 +13 58 25.8          22.7        568
     ALA32u  *C2022 10 29.43345 03 31 33.11 +13 58 24.8          22.7        568
     ALA32u  *C2022 10 29.51851 03 31 28.65 +13 57 58.8          22.6        568
     ALA32u  *C2022 10 29.52205 03 31 28.47 +13 57 57.7          22.5        568
     ALA32u  *C2022 10 29.52558 03 31 28.29 +13 57 56.6          22.6        568
     ALA32u  *C2022 10 30.63385 03 30 31.72 +13 52 15.1          22.7        568
     ALA32u  *C2022 10 30.63738 03 30 31.54 +13 52 13.9          22.5        568
     ALA32u  *C2022 10 30.64089 03 30 31.37 +13 52 12.9          22.8        568
     ALA32u  *C2022 10 31.55005 03 29 44.44 +13 47 31.2          22.5        568
     ALA32u  *C2022 10 31.55355 03 29 44.25 +13 47 30.1          22.6        568
     ALA32u  *C2022 10 31.55708 03 29 44.05 +13 47 28.9          22.1        568


     ALA32a  *C2022 10 31.55708 03 29 42.41 +13 58 03.8          24.1        568
     ALA32T  *C2022 10 31.55708 03 29 50.77 +14 04 50.0          23.5        568
     ALA32u  *C2022 10 31.55708 03 29 44.05 +13 47 28.9          22.1        568
     ALA32z  *C2022 10 31.55708 03 29 19.13 +13 47 21.1          24.0        568
     ALA356  *C2022 10 31.56060 03 25 38.29 +13 41 21.8          23.3        568
     ALA356  *C2022 10 31.56413 03 25 38.12 +13 41 20.5          23.3        568
     ALA356  *C2022 10 31.56765 03 25 37.96 +13 41 19.1          23.1        568
     ALA35b  *C2022 10 31.56060 03 25 16.95 +13 18 26.6          22.8        568
     ALA35b  *C2022 10 31.56413 03 25 16.76 +13 18 25.3          22.8        568
     ALA35b  *C2022 10 31.56765 03 25 16.58 +13 18 24.0          22.8        568
     ALA35f  *C2022 10 31.56060 03 25 00.87 +13 22 37.4          22.1        568
     ALA35f  *C2022 10 31.56413 03 25 00.68 +13 22 36.5          22.1        568
     ALA35f  *C2022 10 31.56765 03 25 00.49 +13 22 35.6          22.1        568
     ALA35l  *C2022 10 31.56060 03 24 32.83 +13 22 16.8          23.2        568
     ALA35l  *C2022 10 31.56413 03 24 32.65 +13 22 15.7          23.0        568
     ALA35l  *C2022 10 31.56765 03 24 32.48 +13 22 14.6          22.9        568
     ALA35V  *C2022 10 31.56060 03 26 13.13 +13 31 49.1          24.1        568
     ALA35V  *C2022 10 31.56413 03 26 12.98 +13 31 48.5          24.2        568
     ALA35V  *C2022 10 31.56765 03 26 12.77 +13 31 47.5          24.0        568
     ALA367  *C2022 10 31.56060 03 24 47.95 +13 40 07.6          23.4        568
     ALA367  *C2022 10 31.56413 03 24 47.83 +13 40 04.2          23.6        568
     ALA367  *C2022 10 31.56765 03 24 47.73 +13 40 01.3          23.3        568
     ALA36m  *C2022 10 31.56060 03 23 26.33 +13 43 04.6          23.4        568
     ALA36m  *C2022 10 31.56413 03 23 26.17 +13 43 04.0          23.4        568
     ALA36m  *C2022 10 31.56765 03 23 26.02 +13 43 03.5          23.3        568
     ALA37D  *C2022 10 31.56060 03 23 10.07 +13 27 47.7          23.6        568
     ALA37D  *C2022 10 31.56413 03 23 09.83 +13 27 46.1          23.1        568
     ALA37D  *C2022 10 31.56765 03 23 09.59 +13 27 44.7          23.2        568
     ALA37K  *C2022 10 31.56060 03 23 14.90 +13 40 01.9          23.2        568
     ALA37K  *C2022 10 31.56413 03 23 14.79 +13 40 01.6          22.9        568
     ALA37K  *C2022 10 31.56765 03 23 14.67 +13 40 01.3          23.0        568
     ALA3Cf  *C2022 10 31.55708 03 28 51.44 +13 51 43.4          22.5        568
     ALA3FA  *C2022 10 31.56060 03 25 17.94 +13 47 24.6          23.7        568
     ALA3FA  *C2022 10 31.56413 03 25 17.76 +13 47 24.4          23.8        568
     ALA3FA  *C2022 10 31.56765 03 25 17.58 +13 47 24.4          23.8        568
     ALA3Ff  *C2022 10 31.55708 03 26 14.52 +13 38 57.7          24.1        568
     ALA3Ff  *C2022 10 31.56060 03 26 14.36 +13 38 57.7          24.0        568
     ALA3Ff  *C2022 10 31.56413 03 26 14.24 +13 38 57.7          23.8        568
     ALA3Ff  *C2022 10 31.56765 03 26 14.12 +13 38 57.8          23.6        568
     ALA3Gp  *C2022 10 31.56060 03 24 18.41 +13 47 52.8          23.4        568
     ALA3Gp  *C2022 10 31.56413 03 24 18.24 +13 47 52.6          23.4        568
     ALA3Gp  *C2022 10 31.56765 03 24 18.06 +13 47 52.5          23.1        568
     ALA3gu  *C2022 10 31.55708 03 28 45.49 +13 47 30.9          25.2        568
     ALA3gw  *C2022 10 31.55708 03 28 44.20 +13 53 38.9          24.6        568
     ALA3H0  *C2022 10 31.56060 03 23 32.08 +13 41 35.6          22.9        568
     ALA3H0  *C2022 10 31.56413 03 23 31.88 +13 41 34.8          23.0        568
     ALA3H0  *C2022 10 31.56765 03 23 31.67 +13 41 34.0          23.1        568
     ALA3ha  *C2022 10 31.55708 03 29 13.00 +13 39 25.5          24.1        568
     ALA3hb  *C2022 10 31.55708 03 29 28.66 +13 37 57.1          23.8        568
     ALA3he  *C2022 10 31.55708 03 28 59.49 +13 34 49.4          24.6        568
     ALA3hS  *C2022 10 31.55708 03 26 03.67 +13 47 12.5          22.6        568
     ALA3hX  *C2022 10 31.55708 03 29 55.62 +13 34 05.9          23.8        568
     ALA3hY  *C2022 10 31.55708 03 29 55.52 +13 33 56.2          23.9        568
     ALA3Hy  *C2022 10 31.56060 03 23 11.10 +13 23 14.6          23.9        568
     ALA3Hy  *C2022 10 31.56413 03 23 10.87 +13 23 14.6          24.1        568
     ALA3Hy  *C2022 10 31.56765 03 23 10.62 +13 23 14.8          23.6        568
     ALA3hZ  *C2022 10 31.55708 03 29 12.46 +13 32 05.4          22.0        568
     ALA3i0  *C2022 10 31.55708 03 26 10.64 +13 35 16.1          25.3        568
     ALA3i0  *C2022 10 31.56060 03 26 10.49 +13 35 15.5          25.3        568
     ALA3i0  *C2022 10 31.56413 03 26 10.40 +13 35 15.0          24.9        568
     ALA3i0  *C2022 10 31.56765 03 26 10.28 +13 35 14.3          24.9        568
     ALA3iE  *C2022 10 31.55708 03 30 13.31 +13 59 02.8          23.8        568
     ALA3j6  *C2022 10 31.56060 03 25 39.61 +13 48 13.0          24.8        568
     ALA3j6  *C2022 10 31.56413 03 25 39.47 +13 48 12.3          24.5        568
     ALA3j6  *C2022 10 31.56765 03 25 39.36 +13 48 11.7          23.9        568
     ALA3jB  *C2022 10 31.56060 03 25 17.35 +13 51 16.3          24.6        568
     ALA3jB  *C2022 10 31.56413 03 25 17.17 +13 51 15.7          24.2        568
     ALA3jB  *C2022 10 31.56765 03 25 17.00 +13 51 15.1          25.1        568
     ALA3jD  *C2022 10 31.56060 03 25 26.44 +13 49 28.6          25.0        568
     ALA3jD  *C2022 10 31.56413 03 25 26.28 +13 49 28.4          24.8        568
     ALA3jD  *C2022 10 31.56765 03 25 26.15 +13 49 28.3          24.8        568
     ALA3jm  *C2022 10 31.56060 03 25 45.10 +13 39 57.5          24.7        568
     ALA3jm  *C2022 10 31.56413 03 25 44.91 +13 39 56.9          24.0        568
     ALA3jm  *C2022 10 31.56765 03 25 44.68 +13 39 56.2          24.4        568
     ALA3jn  *C2022 10 31.56060 03 25 52.72 +13 39 37.5          24.7        568
     ALA3jn  *C2022 10 31.56413 03 25 52.62 +13 39 37.5          24.8        568
     ALA3jn  *C2022 10 31.56765 03 25 52.48 +13 39 37.2          25.3        568
     ALA3jq  *C2022 10 31.56060 03 25 14.75 +13 38 52.9          24.6        568
     ALA3jq  *C2022 10 31.56413 03 25 14.52 +13 38 52.0          24.2        568
     ALA3jq  *C2022 10 31.56765 03 25 14.33 +13 38 51.5          24.5        568
     ALA3js  *C2022 10 31.56060 03 25 23.22 +13 34 14.4          23.7        568
     ALA3js  *C2022 10 31.56413 03 25 22.94 +13 34 14.4          24.0        568
     ALA3js  *C2022 10 31.56765 03 25 22.74 +13 34 14.5          24.0        568
     ALA3jy  *C2022 10 31.56060 03 24 31.95 +13 39 10.8          25.3        568
     ALA3jy  *C2022 10 31.56413 03 24 31.77 +13 39 10.3          24.4        568
     ALA3jy  *C2022 10 31.56765 03 24 31.56 +13 39 09.9          24.7        568
     ALA3k1  *C2022 10 31.56060 03 24 29.59 +13 34 28.3          23.7        568
     ALA3k1  *C2022 10 31.56413 03 24 29.37 +13 34 27.8          23.8        568
     ALA3k1  *C2022 10 31.56765 03 24 29.18 +13 34 27.3          23.9        568
     ALA3kB  *C2022 10 31.56060 03 23 30.26 +13 34 03.7          25.1        568
     ALA3kB  *C2022 10 31.56413 03 23 30.12 +13 34 03.5          25.4        568
     ALA3kB  *C2022 10 31.56765 03 23 29.94 +13 34 03.1          25.5        568
     ALA3kC  *C2022 10 31.56060 03 23 25.19 +13 42 41.0          24.0        568
     ALA3kC  *C2022 10 31.56413 03 23 25.04 +13 42 39.7          24.7        568
     ALA3kC  *C2022 10 31.56765 03 23 24.83 +13 42 37.9          24.2        568
     ALA3kD  *C2022 10 31.56060 03 22 58.90 +13 32 31.3          24.4        568
     ALA3kD  *C2022 10 31.56413 03 22 58.78 +13 32 31.0          24.4        568
     ALA3kD  *C2022 10 31.56765 03 22 58.66 +13 32 30.6          24.5        568
     ALA3ke  *C2022 10 31.56060 03 24 05.33 +13 25 00.8          23.2        568
     ALA3ke  *C2022 10 31.56413 03 24 05.17 +13 24 59.5          23.3        568
     ALA3ke  *C2022 10 31.56765 03 24 05.01 +13 24 58.2          23.1        568
     ALA3kg  *C2022 10 31.56060 03 23 28.98 +13 25 06.9          24.4        568
     ALA3kg  *C2022 10 31.56413 03 23 28.79 +13 25 06.6          24.5        568
     ALA3kg  *C2022 10 31.56765 03 23 28.67 +13 25 06.7          24.8        568
     ALA3ki  *C2022 10 31.56060 03 23 32.94 +13 27 15.9          24.7        568
     ALA3ki  *C2022 10 31.56413 03 23 32.76 +13 27 14.9          24.5        568
     ALA3ki  *C2022 10 31.56765 03 23 32.57 +13 27 14.3          24.3        568
     ALA3kU  *C2022 10 31.56060 03 25 46.82 +13 22 10.3          22.8        568
     ALA3kU  *C2022 10 31.56413 03 25 46.62 +13 22 09.7          22.9        568
     ALA3kU  *C2022 10 31.56765 03 25 46.43 +13 22 09.1          23.0        568
     ALA3kX  *C2022 10 31.56060 03 25 26.89 +13 17 48.0          24.7        568
     ALA3kX  *C2022 10 31.56413 03 25 26.76 +13 17 47.9          25.1        568
     ALA3kX  *C2022 10 31.56765 03 25 26.64 +13 17 47.5          24.9        568
     ALA3kY  *C2022 10 31.56060 03 25 14.90 +13 17 38.0          24.2        568
     ALA3kY  *C2022 10 31.56413 03 25 14.76 +13 17 37.4          24.3        568
     ALA3kY  *C2022 10 31.56765 03 25 14.57 +13 17 36.5          24.6        568
     ALA3MC  #C2022 10 31.55708 03 29 32.570+13 57 56.02                     T14
     ALA3NJ  *C2022 10 31.55708 03 29 43.97 +14 02 10.6          22.3        568
     ALA3P5  *C2022 10 31.56060 03 25 22.62 +13 51 30.6          23.1        568
     ALA3P5  *C2022 10 31.56413 03 25 22.43 +13 51 30.8          23.2        568
     ALA3P5  *C2022 10 31.56765 03 25 22.23 +13 51 31.0          23.2        568
     ALA3Pb  *C2022 10 31.56060 03 25 16.83 +13 35 09.8          23.3        568
     ALA3Pb  *C2022 10 31.56413 03 25 16.66 +13 35 08.1          23.7        568
     ALA3Pb  *C2022 10 31.56765 03 25 16.49 +13 35 06.5          23.2        568
     ALA3PZ  *C2022 10 31.55708 03 26 13.89 +13 34 55.3          23.9        568
     ALA3PZ  *C2022 10 31.56060 03 26 13.76 +13 34 54.7          23.7        568
     ALA3PZ  *C2022 10 31.56413 03 26 13.64 +13 34 54.3          23.8        568
     ALA3PZ  *C2022 10 31.56765 03 26 13.53 +13 34 53.9          23.7        568
     ALA3Qz  *C2022 10 31.56060 03 25 02.89 +13 34 06.8          23.1        568
     ALA3Qz  *C2022 10 31.56413 03 25 02.74 +13 34 05.6          23.3        568
     ALA3Qz  *C2022 10 31.56765 03 25 02.57 +13 34 04.3          23.1        568
     ALA3R9  *C2022 10 31.56060 03 23 27.60 +13 37 14.2          22.9        568
     ALA3R9  *C2022 10 31.56413 03 23 27.42 +13 37 13.4          22.9        568
     ALA3R9  *C2022 10 31.56765 03 23 27.24 +13 37 12.5          22.9        568
     ALA3Rk  *C2022 10 31.56060 03 23 05.22 +13 28 28.6          22.1        568
     ALA3Rk  *C2022 10 31.56413 03 23 04.99 +13 28 28.6          22.1        568
     ALA3Rk  *C2022 10 31.56765 03 23 04.78 +13 28 29.0          22.0        568
     ALA3XS  *C2022 10 31.56060 03 24 50.51 +13 16 21.3          24.3        568
     ALA3XS  *C2022 10 31.56413 03 24 50.30 +13 16 20.0          24.1        568
     ALA3XS  *C2022 10 31.56765 03 24 50.06 +13 16 18.6          24.6        568
     ALA3XX  *C2022 10 31.56060 03 23 40.53 +13 22 52.9          23.7        568
     ALA3XX  *C2022 10 31.56413 03 23 40.35 +13 22 51.4          23.4        568
     ALA3XX  *C2022 10 31.56765 03 23 40.14 +13 22 49.6          23.6        568
     ALA35V  *C2022 10 31.56060 03 26 13.13 +13 31 49.1          24.1        568
     ALA35V  *C2022 10 31.56413 03 26 12.98 +13 31 48.5          24.2        568
     ALA35V  *C2022 10 31.56765 03 26 12.77 +13 31 47.5          24.0        568
     ALA3Ff  *C2022 10 31.56060 03 26 14.36 +13 38 57.7          24.0        568
     ALA3Ff  *C2022 10 31.56413 03 26 14.24 +13 38 57.7          23.8        568
     ALA3Ff  *C2022 10 31.56765 03 26 14.12 +13 38 57.8          23.6        568
     ALA3i0  *C2022 10 31.56060 03 26 10.49 +13 35 15.5          25.3        568
     ALA3i0  *C2022 10 31.56413 03 26 10.40 +13 35 15.0          24.9        568
     ALA3i0  *C2022 10 31.56765 03 26 10.28 +13 35 14.3          24.9        568
     ALA3jm  *C2022 10 31.56060 03 25 45.10 +13 39 57.5          24.7        568
     ALA3jm  *C2022 10 31.56413 03 25 44.91 +13 39 56.9          24.0        568
     ALA3jm  *C2022 10 31.56765 03 25 44.68 +13 39 56.2          24.4        568
     ALA3jn  *C2022 10 31.56060 03 25 52.72 +13 39 37.5          24.7        568
     ALA3jn  *C2022 10 31.56413 03 25 52.62 +13 39 37.5          24.8        568
     ALA3jn  *C2022 10 31.56765 03 25 52.48 +13 39 37.2          25.3        568
     ALA3js  *C2022 10 31.56060 03 25 23.22 +13 34 14.4          23.7        568
     ALA3js  *C2022 10 31.56413 03 25 22.94 +13 34 14.4          24.0        568
     ALA3js  *C2022 10 31.56765 03 25 22.74 +13 34 14.5          24.0        568
     ALA3Pb  *C2022 10 31.56060 03 25 16.83 +13 35 09.8          23.3        568
     ALA3Pb  *C2022 10 31.56413 03 25 16.66 +13 35 08.1          23.7        568
     ALA3Pb  *C2022 10 31.56765 03 25 16.49 +13 35 06.5          23.2        568
     ALA3PZ  *C2022 10 31.56060 03 26 13.76 +13 34 54.7          23.7        568
     ALA3PZ  *C2022 10 31.56413 03 26 13.64 +13 34 54.3          23.8        568
     ALA3PZ  *C2022 10 31.56765 03 26 13.53 +13 34 53.9          23.7        568
