     ALA34W  *C2022 10 29.43698 03 27 29.47 +14 08 14.4          23.7        568
     ALA34W  *C2022 10 29.44050 03 27 29.33 +14 08 13.9          24.0        568
     ALA34W  *C2022 10 29.44403 03 27 29.22 +14 08 13.4          24.5        568
     ALA34W  *C2022 10 29.52910 03 27 25.02 +14 07 56.5                      568
     ALA34W  *C2022 10 29.53263 03 27 24.88 +14 07 55.5                      568
     ALA34W  *C2022 10 29.53616 03 27 24.68 +14 07 54.8                      568
     ALA34W  *C2022 10 30.54741 03 26 37.06 +14 04 36.3          23.4        568
     ALA34W  *C2022 10 30.55094 03 26 36.86 +14 04 35.4          24.0        568
     ALA34W  *C2022 10 30.55448 03 26 36.70 +14 04 34.8          23.6        568
     ALA34W  *C2022 10 31.55005 03 25 48.94 +14 01 18.3          23.5        568
     ALA34W  *C2022 10 31.55355 03 25 48.78 +14 01 17.6          23.0        568
     ALA34W  *C2022 10 31.55708 03 25 48.61 +14 01 16.8          23.6        568


     ALA33j  *C2022 10 31.55708 03 26 45.56 +14 11 40.7          24.2        568
     ALA33w  *C2022 10 31.55708 03 26 35.08 +14 11 24.2          23.9        568
     ALA345  *C2022 10 31.56060 03 24 56.59 +14 10 52.9          22.8        568
     ALA345  *C2022 10 31.56413 03 24 56.40 +14 10 51.9          22.9        568
     ALA345  *C2022 10 31.56765 03 24 56.21 +14 10 50.8          22.9        568
     ALA34c  *C2022 10 31.56060 03 25 20.01 +13 56 46.4          24.3        568
     ALA34c  *C2022 10 31.56413 03 25 19.87 +13 56 45.8          24.1        568
     ALA34c  *C2022 10 31.56765 03 25 19.70 +13 56 45.0          24.0        568
     ALA34O  *C2022 10 31.55708 03 26 31.78 +14 02 15.9          23.4        568
     ALA34T  *C2022 10 31.55708 03 26 14.26 +13 57 23.9          23.5        568
     ALA34T  *C2022 10 31.56060 03 26 14.05 +13 57 23.5          23.2        568
     ALA34T  *C2022 10 31.56413 03 26 13.86 +13 57 23.2          23.4        568
     ALA34T  *C2022 10 31.56765 03 26 13.65 +13 57 22.7          23.3        568
     ALA34V  *C2022 10 31.55708 03 25 50.83 +13 56 40.6          22.9        568
     ALA34V  *C2022 10 31.56060 03 25 50.63 +13 56 40.2          22.8        568
     ALA34V  *C2022 10 31.56413 03 25 50.46 +13 56 39.7          22.8        568
     ALA34V  *C2022 10 31.56765 03 25 50.27 +13 56 39.0          22.8        568
     ALA34W  *C2022 10 31.55708 03 25 48.61 +14 01 16.8          23.6        568
     ALA363  *C2022 10 31.56060 03 23 34.20 +13 47 38.2          24.2        568
     ALA363  *C2022 10 31.56413 03 23 34.05 +13 47 37.0          25.1        568
     ALA363  *C2022 10 31.56765 03 23 33.93 +13 47 36.0          24.8        568
     ALA36D  *C2022 10 31.56060 03 23 27.58 +13 55 05.8          23.7        568
     ALA36D  *C2022 10 31.56413 03 23 27.40 +13 55 04.5          23.0        568
     ALA36D  *C2022 10 31.56765 03 23 27.27 +13 55 03.2          23.0        568
     ALA36F  *C2022 10 31.56060 03 22 42.83 +13 57 52.1          23.1        568
     ALA36F  *C2022 10 31.56413 03 22 42.64 +13 57 51.5          23.2        568
     ALA36F  *C2022 10 31.56765 03 22 42.45 +13 57 50.8          23.4        568
     ALA36H  *C2022 10 31.56060 03 22 36.22 +14 01 48.7          23.5        568
     ALA36H  *C2022 10 31.56413 03 22 36.03 +14 01 47.8          24.3        568
     ALA36H  *C2022 10 31.56765 03 22 35.88 +14 01 47.3          23.8        568
     ALA36L  *C2022 10 31.56060 03 22 05.89 +14 02 23.1          24.1        568
     ALA36L  *C2022 10 31.56413 03 22 05.65 +14 02 22.5          23.6        568
     ALA36L  *C2022 10 31.56765 03 22 05.47 +14 02 22.3          23.9        568
     ALA36m  *C2022 10 31.56060 03 23 26.33 +13 43 04.6          23.4        568
     ALA36m  *C2022 10 31.56413 03 23 26.17 +13 43 04.0          23.4        568
     ALA36m  *C2022 10 31.56765 03 23 26.02 +13 43 03.5          23.3        568
     ALA36q  *C2022 10 31.56060 03 23 04.29 +13 46 04.6          23.7        568
     ALA36q  *C2022 10 31.56413 03 23 04.13 +13 46 03.4          23.5        568
     ALA36q  *C2022 10 31.56765 03 23 03.98 +13 46 02.2          23.3        568
     ALA36Y  *C2022 10 31.56060 03 21 53.08 +13 58 10.6          23.9        568
     ALA36Y  *C2022 10 31.56413 03 21 52.97 +13 58 10.3          23.9        568
     ALA36Y  *C2022 10 31.56765 03 21 52.86 +13 58 09.9          23.9        568
     ALA37D  *C2022 10 31.56060 03 23 10.07 +13 27 47.7          23.6        568
     ALA37D  *C2022 10 31.56413 03 23 09.83 +13 27 46.1          23.1        568
     ALA37D  *C2022 10 31.56765 03 23 09.59 +13 27 44.7          23.2        568
     ALA37K  *C2022 10 31.56060 03 23 14.90 +13 40 01.9          23.2        568
     ALA37K  *C2022 10 31.56413 03 23 14.79 +13 40 01.6          22.9        568
     ALA37K  *C2022 10 31.56765 03 23 14.67 +13 40 01.3          23.0        568
     ALA3F2  *C2022 10 31.55708 03 26 29.34 +13 50 29.9          24.2        568
     ALA3FA  *C2022 10 31.56060 03 25 17.94 +13 47 24.6          23.7        568
     ALA3FA  *C2022 10 31.56413 03 25 17.76 +13 47 24.4          23.8        568
     ALA3FA  *C2022 10 31.56765 03 25 17.58 +13 47 24.4          23.8        568
     ALA3gb  *C2022 10 31.55708 03 26 38.26 +14 06 11.0          23.8        568
     ALA3ge  *C2022 10 31.55708 03 26 31.62 +14 10 04.8          25.2        568
     ALA3gk  *C2022 10 31.55708 03 26 09.55 +14 05 31.4          24.9        568
     ALA3gl  *C2022 10 31.55708 03 26 16.38 +14 07 08.7          24.1        568
     ALA3gU  *C2022 10 31.55708 03 26 55.17 +14 03 25.6          23.5        568
     ALA3gZ  *C2022 10 31.55708 03 26 33.71 +14 04 43.2          23.9        568
     ALA3H0  *C2022 10 31.56060 03 23 32.08 +13 41 35.6          22.9        568
     ALA3H0  *C2022 10 31.56413 03 23 31.88 +13 41 34.8          23.0        568
     ALA3H0  *C2022 10 31.56765 03 23 31.67 +13 41 34.0          23.1        568
     ALA3H5  *C2022 10 31.56060 03 23 23.77 +13 48 04.9          23.1        568
     ALA3H5  *C2022 10 31.56413 03 23 23.59 +13 48 04.2          23.3        568
     ALA3H5  *C2022 10 31.56765 03 23 23.44 +13 48 03.5          23.2        568
     ALA3HD  *C2022 10 31.56060 03 22 02.14 +13 49 06.3          23.1        568
     ALA3HD  *C2022 10 31.56413 03 22 01.96 +13 49 05.8          22.8        568
     ALA3HD  *C2022 10 31.56765 03 22 01.77 +13 49 05.2          23.1        568
     ALA3hS  *C2022 10 31.55708 03 26 03.67 +13 47 12.5          22.6        568
     ALA3hW  *C2022 10 31.55708 03 26 17.70 +13 58 04.9          23.5        568
     ALA3hW  *C2022 10 31.56060 03 26 17.51 +13 58 05.0          23.7        568
     ALA3hW  *C2022 10 31.56413 03 26 17.33 +13 58 04.7          23.6        568
     ALA3hW  *C2022 10 31.56765 03 26 17.11 +13 58 04.3          23.8        568
     ALA3Hy  *C2022 10 31.56060 03 23 11.10 +13 23 14.6          23.9        568
     ALA3Hy  *C2022 10 31.56413 03 23 10.87 +13 23 14.6          24.1        568
     ALA3Hy  *C2022 10 31.56765 03 23 10.62 +13 23 14.8          23.6        568
     ALA3i9  *C2022 10 31.55708 03 25 42.33 +14 09 21.9          24.4        568
     ALA3iB  *C2022 10 31.55708 03 25 45.12 +14 10 56.6          23.4        568
     ALA3iB  *C2022 10 31.56060 03 25 44.93 +14 10 55.5          23.6        568
     ALA3iB  *C2022 10 31.56413 03 25 44.76 +14 10 54.7          23.7        568
     ALA3iB  *C2022 10 31.56765 03 25 44.59 +14 10 53.9          23.3        568
     ALA3iH  *C2022 10 31.55708 03 25 45.41 +13 53 59.3          25.5        568
     ALA3in  *C2022 10 31.56060 03 23 05.03 +14 08 51.8          23.7        568
     ALA3in  *C2022 10 31.56413 03 23 04.84 +14 08 51.1          23.7        568
     ALA3in  *C2022 10 31.56765 03 23 04.68 +14 08 50.5          23.9        568
     ALA3io  *C2022 10 31.56060 03 22 59.52 +14 04 38.7          23.8        568
     ALA3io  *C2022 10 31.56413 03 22 59.36 +14 04 37.4          23.6        568
     ALA3io  *C2022 10 31.56765 03 22 59.20 +14 04 36.2          23.3        568
     ALA3iO  *C2022 10 31.56060 03 25 22.18 +14 07 49.8          24.4        568
     ALA3iO  *C2022 10 31.56413 03 25 22.01 +14 07 49.1          24.1        568
     ALA3iO  *C2022 10 31.56765 03 25 21.83 +14 07 48.5          24.3        568
     ALA3iq  *C2022 10 31.56060 03 23 06.12 +14 04 28.1          24.6        568
     ALA3iq  *C2022 10 31.56413 03 23 05.94 +14 04 26.5          24.8        568
     ALA3iq  *C2022 10 31.56765 03 23 05.77 +14 04 25.2          25.1        568
     ALA3iQ  *C2022 10 31.56060 03 25 01.54 +14 04 10.8          24.6        568
     ALA3iQ  *C2022 10 31.56413 03 25 01.41 +14 04 10.3          24.4        568
     ALA3iQ  *C2022 10 31.56765 03 25 01.24 +14 04 09.7          25.4        568
     ALA3iR  *C2022 10 31.56060 03 24 46.55 +14 06 50.4          24.8        568
     ALA3iR  *C2022 10 31.56413 03 24 46.36 +14 06 48.8          24.7        568
     ALA3iR  *C2022 10 31.56765 03 24 46.22 +14 06 47.7          25.3        568
     ALA3it  *C2022 10 31.56060 03 22 46.43 +14 12 30.1          24.5        568
     ALA3it  *C2022 10 31.56413 03 22 46.32 +14 12 29.7          24.3        568
     ALA3it  *C2022 10 31.56765 03 22 46.19 +14 12 29.0          24.9        568
     ALA3ix  *C2022 10 31.56060 03 22 13.65 +14 10 03.9          24.2        568
     ALA3ix  *C2022 10 31.56413 03 22 13.46 +14 10 02.5          24.0        568
     ALA3ix  *C2022 10 31.56765 03 22 13.29 +14 10 01.3          24.6        568
     ALA3iy  *C2022 10 31.56060 03 22 10.60 +14 11 52.4          25.3        568
     ALA3iy  *C2022 10 31.56413 03 22 10.42 +14 11 52.7          24.3        568
     ALA3iy  *C2022 10 31.56765 03 22 10.25 +14 11 52.7          24.4        568
     ALA3iz  *C2022 10 31.56060 03 22 08.19 +14 11 57.2          24.2        568
     ALA3iz  *C2022 10 31.56413 03 22 08.02 +14 11 56.2          24.1        568
     ALA3iz  *C2022 10 31.56765 03 22 07.84 +14 11 55.1          24.0        568
     ALA3j6  *C2022 10 31.56060 03 25 39.61 +13 48 13.0          24.8        568
     ALA3j6  *C2022 10 31.56413 03 25 39.47 +13 48 12.3          24.5        568
     ALA3j6  *C2022 10 31.56765 03 25 39.36 +13 48 11.7          23.9        568
     ALA3j7  *C2022 10 31.56060 03 25 46.61 +13 54 43.8          24.0        568
     ALA3j7  *C2022 10 31.56413 03 25 46.38 +13 54 42.9          24.5        568
     ALA3j7  *C2022 10 31.56765 03 25 46.19 +13 54 42.3          25.0        568
     ALA3jb  *C2022 10 31.56060 03 23 04.69 +13 51 59.2          24.4        568
     ALA3jb  *C2022 10 31.56413 03 23 04.53 +13 51 58.4          24.3        568
     ALA3jb  *C2022 10 31.56765 03 23 04.34 +13 51 57.7          23.8        568
     ALA3jB  *C2022 10 31.56060 03 25 17.35 +13 51 16.3          24.6        568
     ALA3jB  *C2022 10 31.56413 03 25 17.17 +13 51 15.7          24.2        568
     ALA3jB  *C2022 10 31.56765 03 25 17.00 +13 51 15.1          25.1        568
     ALA3jD  *C2022 10 31.56060 03 25 26.44 +13 49 28.6          25.0        568
     ALA3jD  *C2022 10 31.56413 03 25 26.28 +13 49 28.4          24.8        568
     ALA3jD  *C2022 10 31.56765 03 25 26.15 +13 49 28.3          24.8        568
     ALA3jg  *C2022 10 31.56060 03 22 39.52 +13 53 08.0          23.0        568
     ALA3jg  *C2022 10 31.56413 03 22 39.35 +13 53 06.2          23.1        568
     ALA3jg  *C2022 10 31.56765 03 22 39.19 +13 53 04.5          23.2        568
     ALA3jj  *C2022 10 31.56060 03 22 16.82 +13 57 28.6          24.1        568
     ALA3jj  *C2022 10 31.56413 03 22 16.63 +13 57 27.6          24.2        568
     ALA3jj  *C2022 10 31.56765 03 22 16.46 +13 57 26.6          23.9        568
     ALA3jl  *C2022 10 31.56060 03 22 11.40 +13 48 16.1          24.8        568
     ALA3jl  *C2022 10 31.56413 03 22 11.24 +13 48 14.6          24.7        568
     ALA3jl  *C2022 10 31.56765 03 22 11.10 +13 48 13.4          24.6        568
     ALA3jY  *C2022 10 31.56060 03 23 35.07 +13 47 48.3          23.3        568
     ALA3jY  *C2022 10 31.56413 03 23 34.82 +13 47 47.9          23.3        568
     ALA3jY  *C2022 10 31.56765 03 23 34.58 +13 47 47.6          23.6        568
     ALA3kB  *C2022 10 31.56060 03 23 30.26 +13 34 03.7          25.1        568
     ALA3kB  *C2022 10 31.56413 03 23 30.12 +13 34 03.5          25.4        568
     ALA3kB  *C2022 10 31.56765 03 23 29.94 +13 34 03.1          25.5        568
     ALA3kC  *C2022 10 31.56060 03 23 25.19 +13 42 41.0          24.0        568
     ALA3kC  *C2022 10 31.56413 03 23 25.04 +13 42 39.7          24.7        568
     ALA3kC  *C2022 10 31.56765 03 23 24.83 +13 42 37.9          24.2        568
     ALA3kD  *C2022 10 31.56060 03 22 58.90 +13 32 31.3          24.4        568
     ALA3kD  *C2022 10 31.56413 03 22 58.78 +13 32 31.0          24.4        568
     ALA3kD  *C2022 10 31.56765 03 22 58.66 +13 32 30.6          24.5        568
     ALA3kg  *C2022 10 31.56060 03 23 28.98 +13 25 06.9          24.4        568
     ALA3kg  *C2022 10 31.56413 03 23 28.79 +13 25 06.6          24.5        568
     ALA3kg  *C2022 10 31.56765 03 23 28.67 +13 25 06.7          24.8        568
     ALA3kH  *C2022 10 31.56060 03 22 56.54 +13 42 09.8          24.9        568
     ALA3kH  *C2022 10 31.56413 03 22 56.42 +13 42 09.4          24.6        568
     ALA3kH  *C2022 10 31.56765 03 22 56.30 +13 42 09.1          25.1        568
     ALA3ki  *C2022 10 31.56060 03 23 32.94 +13 27 15.9          24.7        568
     ALA3ki  *C2022 10 31.56413 03 23 32.76 +13 27 14.9          24.5        568
     ALA3ki  *C2022 10 31.56765 03 23 32.57 +13 27 14.3          24.3        568
     ALA3kI  *C2022 10 31.56060 03 23 02.03 +13 41 57.1          22.6        568
     ALA3kI  *C2022 10 31.56413 03 23 01.86 +13 41 56.7          22.7        568
     ALA3kI  *C2022 10 31.56765 03 23 01.69 +13 41 56.4          22.7        568
     ALA3kJ  *C2022 10 31.56060 03 22 44.30 +13 31 55.8          23.0        568
     ALA3kJ  *C2022 10 31.56413 03 22 44.10 +13 31 56.3          23.1        568
     ALA3kJ  *C2022 10 31.56765 03 22 43.90 +13 31 56.6          23.1        568
     ALA3kN  *C2022 10 31.56060 03 22 10.77 +13 37 37.0          24.0        568
     ALA3kN  *C2022 10 31.56413 03 22 10.60 +13 37 36.5          24.3        568
     ALA3kN  *C2022 10 31.56765 03 22 10.39 +13 37 36.1          24.3        568
     ALA3ko  *C2022 10 31.56060 03 23 03.95 +13 20 48.8          24.9        568
     ALA3ko  *C2022 10 31.56413 03 23 03.78 +13 20 47.8          24.5        568
     ALA3ko  *C2022 10 31.56765 03 23 03.58 +13 20 46.7          24.8        568
     ALA3kO  *C2022 10 31.56060 03 22 07.93 +13 37 21.3          24.4        568
     ALA3kO  *C2022 10 31.56413 03 22 07.70 +13 37 21.2          24.1        568
     ALA3kO  *C2022 10 31.56765 03 22 07.51 +13 37 21.2          24.4        568
     ALA3kp  *C2022 10 31.56060 03 23 02.19 +13 20 45.7          24.3        568
     ALA3kp  *C2022 10 31.56413 03 23 01.99 +13 20 45.6          23.9        568
     ALA3kp  *C2022 10 31.56765 03 23 01.84 +13 20 45.3          24.2        568
     ALA3kS  *C2022 10 31.56060 03 22 17.00 +13 43 10.4          23.8        568
     ALA3kS  *C2022 10 31.56413 03 22 16.78 +13 43 09.7          23.9        568
     ALA3kS  *C2022 10 31.56765 03 22 16.61 +13 43 09.2          23.7        568
     ALA3kv  *C2022 10 31.56060 03 22 30.99 +13 26 14.6          24.7        568
     ALA3kv  *C2022 10 31.56413 03 22 30.90 +13 26 14.2          24.1        568
     ALA3kv  *C2022 10 31.56765 03 22 30.80 +13 26 13.7          24.3        568
     ALA3l2  *C2022 10 31.56060 03 21 51.63 +13 51 32.1          23.8        568
     ALA3l2  *C2022 10 31.56413 03 21 51.48 +13 51 31.4          23.8        568
     ALA3l2  *C2022 10 31.56765 03 21 51.29 +13 51 30.6          23.4        568
     ALA3l4  *C2022 10 31.56060 03 21 42.89 +13 53 47.1          25.3        568
     ALA3l4  *C2022 10 31.56413 03 21 42.77 +13 53 45.8          25.6        568
     ALA3l4  *C2022 10 31.56765 03 21 42.69 +13 53 45.0          24.9        568
     ALA3l6  *C2022 10 31.56060 03 21 41.25 +13 48 23.8          24.2        568
     ALA3l6  *C2022 10 31.56413 03 21 41.10 +13 48 22.4          24.9        568
     ALA3l6  *C2022 10 31.56765 03 21 40.89 +13 48 21.1          24.6        568
     ALA3lE  *C2022 10 31.56060 03 21 46.24 +13 41 39.9          24.6        568
     ALA3lE  *C2022 10 31.56413 03 21 46.11 +13 41 38.8          25.0        568
     ALA3lE  *C2022 10 31.56765 03 21 46.02 +13 41 38.2          24.4        568
     ALA3Oe  *C2022 10 31.55708 03 25 36.99 +14 09 50.9          24.8        568
     ALA3Ox  *C2022 10 31.55708 03 26 37.29 +13 50 23.2          23.1        568
     ALA3P1  *C2022 10 31.56060 03 25 53.77 +13 52 12.4          22.9        568
     ALA3P1  *C2022 10 31.56413 03 25 53.61 +13 52 11.6          23.0        568
     ALA3P1  *C2022 10 31.56765 03 25 53.47 +13 52 10.8          22.8        568
     ALA3P5  *C2022 10 31.56060 03 25 22.62 +13 51 30.6          23.1        568
     ALA3P5  *C2022 10 31.56413 03 25 22.43 +13 51 30.8          23.2        568
     ALA3P5  *C2022 10 31.56765 03 25 22.23 +13 51 31.0          23.2        568
     ALA3Qe  *C2022 10 31.56060 03 23 32.15 +13 50 01.5          24.5        568
     ALA3Qe  *C2022 10 31.56413 03 23 31.96 +13 50 00.7          24.4        568
     ALA3Qe  *C2022 10 31.56765 03 23 31.81 +13 50 00.0          24.2        568
     ALA3QH  *C2022 10 31.56060 03 22 08.84 +14 01 48.1          23.3        568
     ALA3QH  *C2022 10 31.56413 03 22 08.66 +14 01 47.2          23.4        568
     ALA3QH  *C2022 10 31.56765 03 22 08.49 +14 01 46.4          23.4        568
     ALA3R9  *C2022 10 31.56060 03 23 27.60 +13 37 14.2          22.9        568
     ALA3R9  *C2022 10 31.56413 03 23 27.42 +13 37 13.4          22.9        568
     ALA3R9  *C2022 10 31.56765 03 23 27.24 +13 37 12.5          22.9        568
     ALA3Rk  *C2022 10 31.56060 03 23 05.22 +13 28 28.6          22.1        568
     ALA3Rk  *C2022 10 31.56413 03 23 04.99 +13 28 28.6          22.1        568
     ALA3Rk  *C2022 10 31.56765 03 23 04.78 +13 28 29.0          22.0        568
     ALA3RN  *C2022 10 31.56060 03 22 10.79 +13 40 01.8          22.9        568
     ALA3RN  *C2022 10 31.56413 03 22 10.61 +13 40 01.1          22.8        568
     ALA3RN  *C2022 10 31.56765 03 22 10.43 +13 40 00.4          22.8        568
     ALA3RT  *C2022 10 31.56060 03 21 41.65 +13 38 01.4          24.5        568
     ALA3RT  *C2022 10 31.56413 03 21 41.46 +13 38 00.7          24.2        568
     ALA3RT  *C2022 10 31.56765 03 21 41.26 +13 38 00.0          24.0        568
     ALA3RU  *C2022 10 31.56060 03 22 09.11 +13 42 49.3          23.2        568
     ALA3RU  *C2022 10 31.56413 03 22 08.99 +13 42 49.0          23.0        568
     ALA3RU  *C2022 10 31.56765 03 22 08.87 +13 42 48.7          23.1        568
     ALA3ud  *C2022 10 31.56060 03 22 17.669+13 53 27.31         24.5 g      568
     ALA3ud  *C2022 10 31.56413 03 22 17.599+13 53 26.92         24.9 g      568
     ALA3ud  *C2022 10 31.56765 03 22 17.479+13 53 26.41         24.6 g      568
     ALA3Vu  *C2022 10 31.56060 03 25 16.18 +14 13 36.6          22.4        568
     ALA3Vu  *C2022 10 31.56413 03 25 16.00 +14 13 36.4          22.2        568
     ALA3Vu  *C2022 10 31.56765 03 25 15.82 +14 13 36.4          22.3        568
     ALA3Vw  *C2022 10 31.56060 03 24 51.59 +14 06 55.7          22.9        568
     ALA3Vw  *C2022 10 31.56413 03 24 51.42 +14 06 54.7          22.8        568
     ALA3Vw  *C2022 10 31.56765 03 24 51.24 +14 06 53.7          22.9        568
     ALA3Wf  *C2022 10 31.56060 03 23 02.37 +13 47 56.0          22.7        568
     ALA3Wf  *C2022 10 31.56413 03 23 02.21 +13 47 55.3          22.8        568
     ALA3Wf  *C2022 10 31.56765 03 23 02.02 +13 47 54.6          22.9        568
     ALA3WG  *C2022 10 31.56060 03 23 04.22 +14 09 59.1          22.2        568
     ALA3WG  *C2022 10 31.56413 03 23 04.04 +14 09 57.4          22.2        568
     ALA3WG  *C2022 10 31.56765 03 23 03.87 +14 09 55.6          22.2        568
     ALA3XE  *C2022 10 31.56060 03 22 39.56 +13 37 43.1          24.2        568
     ALA3XE  *C2022 10 31.56413 03 22 39.45 +13 37 42.9          24.1        568
     ALA3XE  *C2022 10 31.56765 03 22 39.34 +13 37 42.8          23.9        568
     ALA3Xg  *C2022 10 31.56060 03 22 56.94 +13 24 56.4          23.1        568
     ALA3Xg  *C2022 10 31.56413 03 22 56.75 +13 24 55.6          22.9        568
     ALA3Xg  *C2022 10 31.56765 03 22 56.56 +13 24 55.0          23.0        568
     ALA3XJ  *C2022 10 31.56060 03 22 09.29 +13 35 43.5          22.4        568
     ALA3XJ  *C2022 10 31.56413 03 22 09.13 +13 35 41.8          22.6        568
     ALA3XJ  *C2022 10 31.56765 03 22 08.96 +13 35 40.2          22.4        568
     ALA34c  *C2022 10 31.56060 03 25 20.01 +13 56 46.4          24.3        568
     ALA34c  *C2022 10 31.56413 03 25 19.87 +13 56 45.8          24.1        568
     ALA34c  *C2022 10 31.56765 03 25 19.70 +13 56 45.0          24.0        568
     ALA34V  *C2022 10 31.56060 03 25 50.63 +13 56 40.2          22.8        568
     ALA34V  *C2022 10 31.56413 03 25 50.46 +13 56 39.7          22.8        568
     ALA34V  *C2022 10 31.56765 03 25 50.27 +13 56 39.0          22.8        568
     ALA363  *C2022 10 31.56060 03 23 34.20 +13 47 38.2          24.2        568
     ALA363  *C2022 10 31.56413 03 23 34.05 +13 47 37.0          25.1        568
     ALA363  *C2022 10 31.56765 03 23 33.93 +13 47 36.0          24.8        568
     ALA364  *C2022 10 31.56060 03 24 01.54 +13 51 49.7          24.2        568
     ALA364  *C2022 10 31.56413 03 24 01.36 +13 51 48.9          23.9        568
     ALA364  *C2022 10 31.56765 03 24 01.19 +13 51 48.3          23.7        568
     ALA36m  *C2022 10 31.56060 03 23 26.33 +13 43 04.6          23.4        568
     ALA36m  *C2022 10 31.56413 03 23 26.17 +13 43 04.0          23.4        568
     ALA36m  *C2022 10 31.56765 03 23 26.02 +13 43 03.5          23.3        568
     ALA36q  *C2022 10 31.56060 03 23 04.29 +13 46 04.6          23.7        568
     ALA36q  *C2022 10 31.56413 03 23 04.13 +13 46 03.4          23.5        568
     ALA36q  *C2022 10 31.56765 03 23 03.98 +13 46 02.2          23.3        568
     ALA37K  *C2022 10 31.56060 03 23 14.90 +13 40 01.9          23.2        568
     ALA37K  *C2022 10 31.56413 03 23 14.79 +13 40 01.6          22.9        568
     ALA37K  *C2022 10 31.56765 03 23 14.67 +13 40 01.3          23.0        568
     ALA3Gp  *C2022 10 31.56060 03 24 18.41 +13 47 52.8          23.4        568
     ALA3Gp  *C2022 10 31.56413 03 24 18.24 +13 47 52.6          23.4        568
     ALA3Gp  *C2022 10 31.56765 03 24 18.06 +13 47 52.5          23.1        568
     ALA3H0  *C2022 10 31.56060 03 23 32.08 +13 41 35.6          22.9        568
     ALA3H0  *C2022 10 31.56413 03 23 31.88 +13 41 34.8          23.0        568
     ALA3H0  *C2022 10 31.56765 03 23 31.67 +13 41 34.0          23.1        568
     ALA3H5  *C2022 10 31.56060 03 23 23.77 +13 48 04.9          23.1        568
     ALA3H5  *C2022 10 31.56413 03 23 23.59 +13 48 04.2          23.3        568
     ALA3H5  *C2022 10 31.56765 03 23 23.44 +13 48 03.5          23.2        568
     ALA3j7  *C2022 10 31.56060 03 25 46.61 +13 54 43.8          24.0        568
     ALA3j7  *C2022 10 31.56413 03 25 46.38 +13 54 42.9          24.5        568
     ALA3j7  *C2022 10 31.56765 03 25 46.19 +13 54 42.3          25.0        568
     ALA3jB  *C2022 10 31.56060 03 25 17.35 +13 51 16.3          24.6        568
     ALA3jB  *C2022 10 31.56413 03 25 17.17 +13 51 15.7          24.2        568
     ALA3jB  *C2022 10 31.56765 03 25 17.00 +13 51 15.1          25.1        568
     ALA3jR  *C2022 10 31.56060 03 23 57.58 +13 48 59.5          24.7        568
     ALA3jR  *C2022 10 31.56413 03 23 57.36 +13 48 59.5          24.2        568
     ALA3jR  *C2022 10 31.56765 03 23 57.18 +13 48 59.4          24.4        568
     ALA3jY  *C2022 10 31.56060 03 23 35.07 +13 47 48.3          23.3        568
     ALA3jY  *C2022 10 31.56413 03 23 34.82 +13 47 47.9          23.3        568
     ALA3jY  *C2022 10 31.56765 03 23 34.58 +13 47 47.6          23.6        568
     ALA3kC  *C2022 10 31.56060 03 23 25.19 +13 42 41.0          24.0        568
     ALA3kC  *C2022 10 31.56413 03 23 25.04 +13 42 39.7          24.7        568
     ALA3kC  *C2022 10 31.56765 03 23 24.83 +13 42 37.9          24.2        568
     ALA3kD  *C2022 10 31.56060 03 22 58.90 +13 32 31.3          24.4        568
     ALA3kD  *C2022 10 31.56413 03 22 58.78 +13 32 31.0          24.4        568
     ALA3kD  *C2022 10 31.56765 03 22 58.66 +13 32 30.6          24.5        568
     ALA3kH  *C2022 10 31.56060 03 22 56.54 +13 42 09.8          24.9        568
     ALA3kH  *C2022 10 31.56413 03 22 56.42 +13 42 09.4          24.6        568
     ALA3kH  *C2022 10 31.56765 03 22 56.30 +13 42 09.1          25.1        568
     ALA3kI  *C2022 10 31.56060 03 23 02.03 +13 41 57.1          22.6        568
     ALA3kI  *C2022 10 31.56413 03 23 01.86 +13 41 56.7          22.7        568
     ALA3kI  *C2022 10 31.56765 03 23 01.69 +13 41 56.4          22.7        568
     ALA3kJ  *C2022 10 31.56060 03 22 44.30 +13 31 55.8          23.0        568
     ALA3kJ  *C2022 10 31.56413 03 22 44.10 +13 31 56.3          23.1        568
     ALA3kJ  *C2022 10 31.56765 03 22 43.90 +13 31 56.6          23.1        568
     ALA3P5  *C2022 10 31.56060 03 25 22.62 +13 51 30.6          23.1        568
     ALA3P5  *C2022 10 31.56413 03 25 22.43 +13 51 30.8          23.2        568
     ALA3P5  *C2022 10 31.56765 03 25 22.23 +13 51 31.0          23.2        568
     ALA3Qe  *C2022 10 31.56060 03 23 32.15 +13 50 01.5          24.5        568
     ALA3Qe  *C2022 10 31.56413 03 23 31.96 +13 50 00.7          24.4        568
     ALA3Qe  *C2022 10 31.56765 03 23 31.81 +13 50 00.0          24.2        568
     ALA3R9  *C2022 10 31.56060 03 23 27.60 +13 37 14.2          22.9        568
     ALA3R9  *C2022 10 31.56413 03 23 27.42 +13 37 13.4          22.9        568
     ALA3R9  *C2022 10 31.56765 03 23 27.24 +13 37 12.5          22.9        568
     ALA3XE  *C2022 10 31.56060 03 22 39.56 +13 37 43.1          24.2        568
     ALA3XE  *C2022 10 31.56413 03 22 39.45 +13 37 42.9          24.1        568
     ALA3XE  *C2022 10 31.56765 03 22 39.34 +13 37 42.8          23.9        568
     ALA34c  *C2022 10 31.56060 03 25 20.01 +13 56 46.4          24.3        568
     ALA34c  *C2022 10 31.56413 03 25 19.87 +13 56 45.8          24.1        568
     ALA34c  *C2022 10 31.56765 03 25 19.70 +13 56 45.0          24.0        568
     ALA34k  *C2022 10 31.56060 03 24 28.16 +14 02 05.5          22.4        568
     ALA34k  *C2022 10 31.56413 03 24 27.99 +14 02 05.3          22.3        568
     ALA34k  *C2022 10 31.56765 03 24 27.82 +14 02 05.2          22.4        568
     ALA34V  *C2022 10 31.56060 03 25 50.63 +13 56 40.2          22.8        568
     ALA34V  *C2022 10 31.56413 03 25 50.46 +13 56 39.7          22.8        568
     ALA34V  *C2022 10 31.56765 03 25 50.27 +13 56 39.0          22.8        568
     ALA35u  *C2022 10 31.56060 03 24 02.35 +13 57 36.3          23.3        568
     ALA35u  *C2022 10 31.56413 03 24 02.17 +13 57 35.6          23.2        568
     ALA35u  *C2022 10 31.56765 03 24 01.99 +13 57 35.0          23.4        568
     ALA36D  *C2022 10 31.56060 03 23 27.58 +13 55 05.8          23.7        568
     ALA36D  *C2022 10 31.56413 03 23 27.40 +13 55 04.5          23.0        568
     ALA36D  *C2022 10 31.56765 03 23 27.27 +13 55 03.2          23.0        568
     ALA36F  *C2022 10 31.56060 03 22 42.83 +13 57 52.1          23.1        568
     ALA36F  *C2022 10 31.56413 03 22 42.64 +13 57 51.5          23.2        568
     ALA36F  *C2022 10 31.56765 03 22 42.45 +13 57 50.8          23.4        568
     ALA36H  *C2022 10 31.56060 03 22 36.22 +14 01 48.7          23.5        568
     ALA36H  *C2022 10 31.56413 03 22 36.03 +14 01 47.8          24.3        568
     ALA36H  *C2022 10 31.56765 03 22 35.88 +14 01 47.3          23.8        568
     ALA3ij  *C2022 10 31.56060 03 23 39.90 +14 03 28.7          24.4        568
     ALA3ij  *C2022 10 31.56413 03 23 39.72 +14 03 28.0          24.1        568
     ALA3ij  *C2022 10 31.56765 03 23 39.57 +14 03 27.6          24.5        568
     ALA3iQ  *C2022 10 31.56060 03 25 01.54 +14 04 10.8          24.6        568
     ALA3iQ  *C2022 10 31.56413 03 25 01.41 +14 04 10.3          24.4        568
     ALA3iQ  *C2022 10 31.56765 03 25 01.24 +14 04 09.7          25.4        568
     ALA3jb  *C2022 10 31.56060 03 23 04.69 +13 51 59.2          24.4        568
     ALA3jb  *C2022 10 31.56413 03 23 04.53 +13 51 58.4          24.3        568
     ALA3jb  *C2022 10 31.56765 03 23 04.34 +13 51 57.7          23.8        568
     ALA3jg  *C2022 10 31.56060 03 22 39.52 +13 53 08.0          23.0        568
     ALA3jg  *C2022 10 31.56413 03 22 39.35 +13 53 06.2          23.1        568
     ALA3jg  *C2022 10 31.56765 03 22 39.19 +13 53 04.5          23.2        568
     ALA3jj  *C2022 10 31.56060 03 22 16.82 +13 57 28.6          24.1        568
     ALA3jj  *C2022 10 31.56413 03 22 16.63 +13 57 27.6          24.2        568
     ALA3jj  *C2022 10 31.56765 03 22 16.46 +13 57 26.6          23.9        568
     ALA3jQ  *C2022 10 31.56060 03 23 56.23 +13 57 40.0          24.5        568
     ALA3jQ  *C2022 10 31.56413 03 23 56.01 +13 57 38.9          24.2        568
     ALA3jQ  *C2022 10 31.56765 03 23 55.84 +13 57 38.2          24.6        568
     ALA3ud  *C2022 10 31.56060 03 22 17.669+13 53 27.31         24.5 g      568
     ALA3ud  *C2022 10 31.56413 03 22 17.599+13 53 26.92         24.9 g      568
     ALA3ud  *C2022 10 31.56765 03 22 17.479+13 53 26.41         24.6 g      568
     ALA3W2  *C2022 10 31.56060 03 24 25.45 +14 02 37.2          24.1        568
     ALA3W2  *C2022 10 31.56413 03 24 25.32 +14 02 36.6          24.4        568
     ALA3W2  *C2022 10 31.56765 03 24 25.14 +14 02 35.8          24.1        568
