     cap2      1999 08 08.85318 21 06 26.09 -09 14 20.8          18.5 V      094
     cap2      1999 08 08.90631 21 06 25.25 -09 14 28.7          18.5 V      094
     cap2      1999 08 08.99982 21 06 23.58 -09 14 41.2          18.5 V      094
     cap2      1999 08 09.03878 21 06 22.53 -09 14 46.7          18.5 V      094
     cap2   *3C2009 07 28.84321 19 48 57.08 -07 23 53.1                      094
     cap2    3C2009 07 28.87380 19 48 53.05 -07 23 48.3                      094
     cap2    3C2009 07 28.92455 19 48 50.35 -07 23 45.0                      094
     cap2    3C2009 07 28.97525 19 48 47.57 -07 23 41.9                      094
     cap2    3C2009 07 29.00556 19 48 46.03 -07 23 40.0                      094


     cap2    3C2009 07 29.00556 19 48 46.03 -07 23 40.0                      094
