     ALA31E  *C2022 10 29.41583 03 34 46.20 +14 40 20.8                      568
     ALA31E  *C2022 10 29.41935 03 34 45.98 +14 40 20.3                      568
     ALA31E  *C2022 10 29.42288 03 34 45.85 +14 40 19.6                      568
     ALA31E  *C2022 10 29.50791 03 34 41.41 +14 40 06.0                      568
     ALA31E  *C2022 10 29.51142 03 34 41.22 +14 40 05.4                      568
     ALA31E  *C2022 10 29.51495 03 34 41.06 +14 40 04.9                      568
     ALA31E  *C2022 10 30.52601 03 33 50.47 +14 37 22.7          24.5        568
     ALA31E  *C2022 10 30.52955 03 33 50.28 +14 37 21.8          24.2        568
     ALA31E  *C2022 10 30.53308 03 33 50.12 +14 37 21.3          24.3        568
     ALA31E  *C2022 10 30.62310 03 33 45.37 +14 37 06.2          24.3        568
     ALA31E  *C2022 10 30.62663 03 33 45.20 +14 37 05.6          24.1        568
     ALA31E  *C2022 10 30.63015 03 33 44.99 +14 37 05.0          23.6        568
     ALA31E  *C2022 10 30.63385 03 33 44.73 +14 37 03.9          24.3        568
     ALA31E  *C2022 10 30.63738 03 33 44.57 +14 37 03.2          24.2        568
     ALA31E  *C2022 10 30.64089 03 33 44.39 +14 37 02.6          24.7        568
     ALA31E  *C2022 10 31.53946 03 32 58.49 +14 34 37.2          23.8        568
     ALA31E  *C2022 10 31.54299 03 32 58.33 +14 34 36.6          23.9        568
     ALA31E  *C2022 10 31.54652 03 32 58.13 +14 34 36.1          24.2        568


     ALA2zN  *C2022 10 31.54652 03 33 15.22 +14 35 42.1          23.7        568
     ALA2zt  *C2022 10 31.54652 03 33 15.69 +14 38 18.8          23.9        568
     ALA30W  *C2022 10 31.54652 03 32 20.29 +14 23 45.8          24.1        568
     ALA31D  *C2022 10 31.54652 03 31 59.76 +14 27 02.0          24.3        568
     ALA31E  *C2022 10 31.54652 03 32 58.13 +14 34 36.1          24.2        568
     ALA31J  *C2022 10 31.54652 03 31 50.54 +14 35 25.3          23.4        568
     ALA31v  *C2022 10 31.54652 03 30 05.61 +14 23 21.4          23.3        568
     ALA31y  *C2022 10 31.54652 03 30 28.39 +14 19 54.2          24.6        568
     ALA321  *C2022 10 31.54652 03 29 59.390+14 11 30.08                     568
     ALA32a  *C2022 10 31.55005 03 29 42.64 +13 58 04.8          24.5        568
     ALA32a  *C2022 10 31.55355 03 29 42.52 +13 58 04.2          24.2        568
     ALA32a  *C2022 10 31.55708 03 29 42.41 +13 58 03.8          24.1        568
     ALA32b  *C2022 10 31.55005 03 28 19.29 +13 56 14.4          24.6        568
     ALA32b  *C2022 10 31.55355 03 28 19.12 +13 56 13.0          24.5        568
     ALA32b  *C2022 10 31.55708 03 28 18.92 +13 56 11.2          25.0        568
     ALA32c  *C2022 10 31.55005 03 28 19.17 +14 03 31.1          23.9        568
     ALA32c  *C2022 10 31.55355 03 28 18.95 +14 03 30.3          23.9        568
     ALA32c  *C2022 10 31.55708 03 28 18.78 +14 03 29.8          24.2        568
     ALA32Q  *C2022 10 31.55005 03 30 18.09 +14 05 05.2          23.7        568
     ALA32Q  *C2022 10 31.55355 03 30 17.92 +14 05 05.2          23.8        568
     ALA32Q  *C2022 10 31.55708 03 30 17.74 +14 05 05.3          24.0        568
     ALA32R  *C2022 10 31.54652 03 30 16.95 +14 07 21.2          23.7        568
     ALA32R  *C2022 10 31.55005 03 30 16.74 +14 07 20.1          24.0        568
     ALA32R  *C2022 10 31.55355 03 30 16.57 +14 07 19.6          23.8        568
     ALA32R  *C2022 10 31.55708 03 30 16.40 +14 07 18.8          23.5        568
     ALA32T  *C2022 10 31.54652 03 29 51.40 +14 04 49.8          24.2        568
     ALA32T  *C2022 10 31.55005 03 29 51.15 +14 04 49.7          23.6        568
     ALA32T  *C2022 10 31.55355 03 29 50.96 +14 04 49.9          23.6        568
     ALA32T  *C2022 10 31.55708 03 29 50.77 +14 04 50.0          23.5        568
     ALA32W  *C2022 10 31.55005 03 28 24.44 +14 02 29.3          22.9        568
     ALA32W  *C2022 10 31.55355 03 28 24.22 +14 02 29.2          22.9        568
     ALA32W  *C2022 10 31.55708 03 28 23.97 +14 02 29.2          22.9        568
     ALA32X  *C2022 10 31.55005 03 28 49.09 +14 03 07.8          24.5        568
     ALA32X  *C2022 10 31.55355 03 28 48.87 +14 03 06.8          23.8        568
     ALA32X  *C2022 10 31.55708 03 28 48.69 +14 03 06.1          23.9        568
     ALA33I  *C2022 10 31.55005 03 28 06.36 +14 20 13.1          24.2        568
     ALA33I  *C2022 10 31.55355 03 28 06.15 +14 20 12.3          24.4        568
     ALA33I  *C2022 10 31.55708 03 28 05.97 +14 20 11.7          24.1        568
     ALA34I  *C2022 10 31.55005 03 28 24.24 +14 04 26.2          23.1        568
     ALA34I  *C2022 10 31.55355 03 28 24.13 +14 04 26.0          23.0        568
     ALA34I  *C2022 10 31.55708 03 28 24.03 +14 04 25.7          23.1        568
     ALA35t  *C2022 10 31.55005 03 28 29.88 +13 52 49.7          24.1        568
     ALA35t  *C2022 10 31.55355 03 28 29.72 +13 52 49.1          24.4        568
     ALA35t  *C2022 10 31.55708 03 28 29.50 +13 52 48.0          24.8        568
     ALA38d  *C2022 10 31.54652 03 32 34.55 +14 41 22.3          22.8        568
     ALA3AR  *C2022 10 31.54652 03 32 08.34 +14 42 23.6          23.0        568
     ALA3Ax  *C2022 10 31.55005 03 29 25.57 +14 24 32.7          22.7        568
     ALA3Ax  *C2022 10 31.55355 03 29 25.39 +14 24 31.5          22.7        568
     ALA3Ax  *C2022 10 31.55708 03 29 25.22 +14 24 30.4          22.7        568
     ALA3cy  *C2022 10 31.54652 03 33 42.56 +14 37 48.4          24.2        568
     ALA3d3  *C2022 10 31.54652 03 32 45.72 +14 34 56.7          24.9        568
     ALA3d4  *C2022 10 31.54652 03 32 43.85 +14 35 18.1          24.7        568
     ALA3d5  *C2022 10 31.54652 03 32 52.09 +14 37 25.7          25.0        568
     ALA3d6  *C2022 10 31.54652 03 32 45.39 +14 42 47.8          23.6        568
     ALA3dA  *C2022 10 31.54652 03 32 34.03 +14 36 42.4          24.9        568
     ALA3dB  *C2022 10 31.54652 03 32 27.52 +14 40 17.4          24.6        568
     ALA3dc  *C2022 10 31.54652 03 33 27.08 +14 23 44.2          24.3        568
     ALA3DC  *C2022 10 31.55005 03 27 30.40 +14 12 11.2          23.6        568
     ALA3DC  *C2022 10 31.55355 03 27 30.19 +14 12 10.4          24.1        568
     ALA3DC  *C2022 10 31.55708 03 27 30.03 +14 12 09.8          23.7        568
     ALA3dD  *C2022 10 31.54652 03 32 17.35 +14 40 50.5          23.2        568
     ALA3df  *C2022 10 31.54652 03 32 56.22 +14 19 13.4          23.6        568
     ALA3dg  *C2022 10 31.54652 03 33 00.18 +14 23 54.6          23.0        568
     ALA3dj  *C2022 10 31.54652 03 32 54.60 +14 24 49.3          23.7        568
     ALA3dm  *C2022 10 31.54652 03 32 31.16 +14 19 53.7          24.2        568
     ALA3dn  *C2022 10 31.54652 03 32 18.62 +14 22 47.6          24.8        568
     ALA3ds  *C2022 10 31.54652 03 31 58.04 +14 28 22.5          24.5        568
     ALA3dv  *C2022 10 31.54652 03 31 55.58 +14 27 39.2          23.0        568
     ALA3dW  *C2022 10 31.54652 03 30 09.43 +14 43 46.8          24.6        568
     ALA3dY  *C2022 10 31.54652 03 30 10.13 +14 42 18.1          24.2        568
     ALA3dZ  *C2022 10 31.54652 03 33 47.76 +14 23 53.1          25.2        568
     ALA3E3  *C2022 10 31.55005 03 28 25.98 +14 03 45.8          24.5        568
     ALA3E3  *C2022 10 31.55355 03 28 25.80 +14 03 45.2          24.6        568
     ALA3E3  *C2022 10 31.55708 03 28 25.61 +14 03 44.4          24.9        568
     ALA3E4  *C2022 10 31.55005 03 28 08.39 +14 06 24.5          23.3        568
     ALA3E4  *C2022 10 31.55355 03 28 08.19 +14 06 23.8          23.3        568
     ALA3E4  *C2022 10 31.55708 03 28 07.98 +14 06 23.1          23.4        568
     ALA3e7  *C2022 10 31.54652 03 30 36.16 +14 20 29.1          24.5        568
     ALA3eE  *C2022 10 31.54652 03 30 13.23 +14 21 51.6          24.1        568
     ALA3eu  *C2022 10 31.54652 03 30 04.57 +14 04 13.3          23.8        568
     ALA3fg  *C2022 10 31.54652 03 29 36.47 +14 06 41.4          24.9        568
     ALA3fi  *C2022 10 31.55005 03 29 42.39 +14 24 44.5          23.9        568
     ALA3fi  *C2022 10 31.55355 03 29 42.22 +14 24 43.9          24.3        568
     ALA3fi  *C2022 10 31.55708 03 29 42.05 +14 24 43.2          23.9        568
     ALA3fo  *C2022 10 31.55005 03 27 59.71 +14 28 40.1          22.0        568
     ALA3fo  *C2022 10 31.55355 03 27 59.59 +14 28 39.6          22.1        568
     ALA3fo  *C2022 10 31.55708 03 27 59.49 +14 28 39.0          22.1        568
     ALA3fU  *C2022 10 31.54652 03 29 35.46 +14 17 34.7          23.9        568
     ALA3fv  *C2022 10 31.55005 03 27 00.35 +14 25 09.4          24.6        568
     ALA3fv  *C2022 10 31.55355 03 27 00.08 +14 25 08.2          23.9        568
     ALA3fv  *C2022 10 31.55708 03 26 59.83 +14 25 07.1          23.7        568
     ALA3fw  *C2022 10 31.55005 03 27 04.01 +14 27 03.6          24.4        568
     ALA3fw  *C2022 10 31.55355 03 27 03.77 +14 27 02.9          24.4        568
     ALA3fw  *C2022 10 31.55708 03 27 03.54 +14 27 02.0          24.4        568
     ALA3fX  *C2022 10 31.54652 03 29 45.51 +14 26 51.9          24.5        568
     ALA3fY  *C2022 10 31.54652 03 29 51.18 +14 16 35.7          24.2        568
     ALA3Fz  *C2022 10 31.55005 03 28 46.30 +14 02 01.3          22.9        568
     ALA3Fz  *C2022 10 31.55355 03 28 46.15 +14 02 00.8          22.9        568
     ALA3Fz  *C2022 10 31.55708 03 28 45.97 +14 02 00.0          23.1        568
     ALA3g8  *C2022 10 31.55005 03 29 17.62 +14 09 29.4          24.6        568
     ALA3g8  *C2022 10 31.55355 03 29 17.51 +14 09 28.4          24.6        568
     ALA3g8  *C2022 10 31.55708 03 29 17.38 +14 09 27.2          24.5        568
     ALA3gA  *C2022 10 31.55005 03 28 54.70 +14 06 06.2          24.2        568
     ALA3gA  *C2022 10 31.55355 03 28 54.50 +14 06 05.3          23.5        568
     ALA3gA  *C2022 10 31.55708 03 28 54.24 +14 06 04.2          24.4        568
     ALA3gK   C2022 10 31.55005 03 27 53.611+14 03 52.88         23.4 G      T14
     ALA3gK   C2022 10 31.55355 03 27 53.400+14 03 47.20         23.9 G      T14
     ALA3gK   C2022 10 31.55708 03 27 53.170+14 03 40.61         24.5 G      T14
     ALA3gN  *C2022 10 31.55005 03 28 01.87 +14 04 14.7          24.7        568
     ALA3gN  *C2022 10 31.55355 03 28 01.70 +14 04 14.0          24.0        568
     ALA3gN  *C2022 10 31.55708 03 28 01.53 +14 04 13.3          24.0        568
     ALA3gR  *C2022 10 31.55005 03 27 25.67 +14 05 38.1          24.0        568
     ALA3gR  *C2022 10 31.55355 03 27 25.54 +14 05 37.6          24.2        568
     ALA3gR  *C2022 10 31.55708 03 27 25.39 +14 05 37.1          24.9        568
     ALA3gw  *C2022 10 31.55005 03 28 44.62 +13 53 38.6          24.5        568
     ALA3gw  *C2022 10 31.55355 03 28 44.39 +13 53 38.8          24.2        568
     ALA3gw  *C2022 10 31.55708 03 28 44.20 +13 53 38.9          24.6        568
     ALA3gW  *C2022 10 31.55005 03 27 06.38 +14 08 14.8          25.5        568
     ALA3gW  *C2022 10 31.55355 03 27 06.24 +14 08 14.1          24.7        568
     ALA3gW  *C2022 10 31.55708 03 27 06.12 +14 08 13.4          24.5        568
     ALA3h3  *C2022 10 31.55005 03 28 20.81 +13 51 43.0          24.1        568
     ALA3h3  *C2022 10 31.55355 03 28 20.64 +13 51 42.1          24.1        568
     ALA3h3  *C2022 10 31.55708 03 28 20.42 +13 51 41.2          24.4        568
     ALA3h8  *C2022 10 31.55005 03 28 06.05 +13 52 57.4          23.9        568
     ALA3h8  *C2022 10 31.55355 03 28 05.87 +13 52 56.4          23.7        568
     ALA3h8  *C2022 10 31.55708 03 28 05.68 +13 52 55.5          23.6        568
     ALA3h9  *C2022 10 31.55005 03 28 01.03 +13 52 21.0          25.3        568
     ALA3h9  *C2022 10 31.55355 03 28 00.81 +13 52 20.1          25.2        568
     ALA3h9  *C2022 10 31.55708 03 28 00.64 +13 52 19.4          24.3        568
     ALA3hA  *C2022 10 31.55005 03 28 02.85 +13 50 26.1          24.0        568
     ALA3hA  *C2022 10 31.55355 03 28 02.64 +13 50 25.1          23.9        568
     ALA3hA  *C2022 10 31.55708 03 28 02.50 +13 50 24.3          24.6        568
     ALA3Ju  *C2022 10 31.54652 03 33 15.44 +14 36 42.4          23.8        568
     ALA3MB  *C2022 10 31.54652 03 29 42.60 +14 24 45.5          24.3        568
     ALA3MC  #C2022 10 31.55005 03 29 32.959+13 58 05.41                     T14
     ALA3MC  #C2022 10 31.55355 03 29 32.779+13 58 00.80                     T14
     ALA3MC  #C2022 10 31.55708 03 29 32.570+13 57 56.02                     T14
     ALA3Ni  *C2022 10 31.55005 03 28 02.39 +14 26 31.1          23.4        568
     ALA3Ni  *C2022 10 31.55355 03 28 02.19 +14 26 30.6          23.4        568
     ALA3Ni  *C2022 10 31.55708 03 28 01.99 +14 26 30.0          23.4        568
     ALA3NJ  *C2022 10 31.54652 03 29 44.61 +14 02 07.5          22.3        568
     ALA3NJ  *C2022 10 31.55005 03 29 44.41 +14 02 08.7          22.3        568
     ALA3NJ  *C2022 10 31.55355 03 29 44.19 +14 02 09.5          22.2        568
     ALA3NJ  *C2022 10 31.55708 03 29 43.97 +14 02 10.6          22.3        568
     ALA3uc  *C2022 10 31.55005 03 28 08.090+14 09 12.31         25.2 g      568
     ALA3uc  *C2022 10 31.55355 03 28 07.980+14 09 11.99         25.8 g      568
     ALA3uc  *C2022 10 31.55708 03 28 07.870+14 09 11.59         24.6 g      568
