     ALA34k  *C2022 10 29.43698 03 26 08.05 +14 03 12.8          22.5        568
     ALA34k  *C2022 10 29.44050 03 26 07.88 +14 03 12.6          22.3        568
     ALA34k  *C2022 10 29.44403 03 26 07.72 +14 03 12.5          22.5        568
     ALA34k  *C2022 10 29.52910 03 26 03.66 +14 03 11.4                      568
     ALA34k  *C2022 10 29.53263 03 26 03.47 +14 03 11.4                      568
     ALA34k  *C2022 10 29.53616 03 26 03.30 +14 03 12.2                      568
     ALA34k  *C2022 10 30.55806 03 25 15.64 +14 02 37.6          22.6        568
     ALA34k  *C2022 10 30.56161 03 25 15.47 +14 02 37.4          22.5        568
     ALA34k  *C2022 10 30.56513 03 25 15.31 +14 02 37.4          22.4        568
     ALA34k  *C2022 10 31.56060 03 24 28.16 +14 02 05.5          22.4        568
     ALA34k  *C2022 10 31.56413 03 24 27.99 +14 02 05.3          22.3        568
     ALA34k  *C2022 10 31.56765 03 24 27.82 +14 02 05.2          22.4        568


     ALA345  *C2022 10 31.56765 03 24 56.21 +14 10 50.8          22.9        568
     ALA34A  *C2022 10 31.56765 03 24 34.01 +14 11 13.1          23.8        568
     ALA34c  *C2022 10 31.56765 03 25 19.70 +13 56 45.0          24.0        568
     ALA34k  *C2022 10 31.56765 03 24 27.82 +14 02 05.2          22.4        568
     ALA35u  *C2022 10 31.56765 03 24 01.99 +13 57 35.0          23.4        568
     ALA364  *C2022 10 31.56765 03 24 01.19 +13 51 48.3          23.7        568
     ALA36D  *C2022 10 31.56765 03 23 27.27 +13 55 03.2          23.0        568
     ALA36L  *C2022 10 31.56765 03 22 05.47 +14 02 22.3          23.9        568
     ALA36Y  *C2022 10 31.56765 03 21 52.86 +13 58 09.9          23.9        568
     ALA3GH  *C2022 10 31.56765 03 24 16.59 +14 07 56.9          22.9        568
     ALA3GN  *C2022 10 31.56765 03 23 59.46 +14 06 13.5          25.3        568
     ALA3Gp  *C2022 10 31.56765 03 24 18.06 +13 47 52.5          23.1        568
     ALA3HD  *C2022 10 31.56765 03 22 01.77 +13 49 05.2          23.1        568
     ALA3ih  *C2022 10 31.56765 03 23 40.62 +14 05 46.6          23.7        568
     ALA3ij  *C2022 10 31.56765 03 23 39.57 +14 03 27.6          24.5        568
     ALA3iO  *C2022 10 31.56765 03 25 21.83 +14 07 48.5          24.3        568
     ALA3iQ  *C2022 10 31.56765 03 25 01.24 +14 04 09.7          25.4        568
     ALA3iR  *C2022 10 31.56765 03 24 46.22 +14 06 47.7          25.3        568
     ALA3iy  *C2022 10 31.56765 03 22 10.25 +14 11 52.7          24.4        568
     ALA3iz  *C2022 10 31.56765 03 22 07.84 +14 11 55.1          24.0        568
     ALA3jB  *C2022 10 31.56765 03 25 17.00 +13 51 15.1          25.1        568
     ALA3jl  *C2022 10 31.56765 03 22 11.10 +13 48 13.4          24.6        568
     ALA3jQ  *C2022 10 31.56765 03 23 55.84 +13 57 38.2          24.6        568
     ALA3jR  *C2022 10 31.56765 03 23 57.18 +13 48 59.4          24.4        568
     ALA3l2  *C2022 10 31.56765 03 21 51.29 +13 51 30.6          23.4        568
     ALA3l4  *C2022 10 31.56765 03 21 42.69 +13 53 45.0          24.9        568
     ALA3l6  *C2022 10 31.56765 03 21 40.89 +13 48 21.1          24.6        568
     ALA3lE  *C2022 10 31.56765 03 21 46.02 +13 41 38.2          24.4        568
     ALA3P5  *C2022 10 31.56765 03 25 22.23 +13 51 31.0          23.2        568
     ALA3Py  *C2022 10 31.56765 03 24 06.94 +14 11 43.8          22.9        568
     ALA3Q0  *C2022 10 31.56765 03 23 28.00 +14 11 25.5          22.9        568
     ALA3QH  *C2022 10 31.56765 03 22 08.49 +14 01 46.4          23.4        568
     ALA3RT  *C2022 10 31.56765 03 21 41.26 +13 38 00.0          24.0        568
     ALA3RU  *C2022 10 31.56765 03 22 08.87 +13 42 48.7          23.1        568
     ALA3Vu  *C2022 10 31.56765 03 25 15.82 +14 13 36.4          22.3        568
     ALA3Vw  *C2022 10 31.56765 03 24 51.24 +14 06 53.7          22.9        568
     ALA3W2  *C2022 10 31.56765 03 24 25.14 +14 02 35.8          24.1        568
     ALA3W5  *C2022 10 31.56765 03 24 16.51 +14 11 50.7          23.5        568
     ALA3W9  *C2022 10 31.56765 03 23 53.58 +14 10 24.4          22.3        568
