     ALA36I  *C2022 10 29.44756 03 24 30.01 +14 10 28.5          23.8        568
     ALA36I  *C2022 10 29.45109 03 24 29.85 +14 10 28.0          24.8        568
     ALA36I  *C2022 10 29.45463 03 24 29.64 +14 10 27.0          24.2        568
     ALA36I  *C2022 10 29.53968 03 24 25.51 +14 10 09.0                      568
     ALA36I  *C2022 10 30.55806 03 23 37.18 +14 06 37.8          24.6        568
     ALA36I  *C2022 10 30.56161 03 23 36.98 +14 06 36.9          24.5        568
     ALA36I  *C2022 10 30.56513 03 23 36.83 +14 06 36.1          24.2        568
     ALA36I  *C2022 10 31.35170 03 22 59.38 +14 03 53.0          24.4        568
     ALA36I  *C2022 10 31.35523 03 22 59.19 +14 03 52.4          23.8        568
     ALA36I  *C2022 10 31.35875 03 22 59.01 +14 03 51.5          23.7        568


     ALA35u  *C2022 10 31.56060 03 24 02.35 +13 57 36.3          23.3        568
     ALA35u  *C2022 10 31.56413 03 24 02.17 +13 57 35.6          23.2        568
     ALA35u  *C2022 10 31.56765 03 24 01.99 +13 57 35.0          23.4        568
     ALA36D  *C2022 10 31.35875 03 23 36.68 +13 56 12.3          23.6        568
     ALA36D  *C2022 10 31.56060 03 23 27.58 +13 55 05.8          23.7        568
     ALA36D  *C2022 10 31.56413 03 23 27.40 +13 55 04.5          23.0        568
     ALA36D  *C2022 10 31.56765 03 23 27.27 +13 55 03.2          23.0        568
     ALA36F  *C2022 10 31.56060 03 22 42.83 +13 57 52.1          23.1        568
     ALA36F  *C2022 10 31.56413 03 22 42.64 +13 57 51.5          23.2        568
     ALA36F  *C2022 10 31.56765 03 22 42.45 +13 57 50.8          23.4        568
     ALA36H  *C2022 10 31.56060 03 22 36.22 +14 01 48.7          23.5        568
     ALA36H  *C2022 10 31.56413 03 22 36.03 +14 01 47.8          24.3        568
     ALA36H  *C2022 10 31.56765 03 22 35.88 +14 01 47.3          23.8        568
     ALA36I  *C2022 10 31.35875 03 22 59.01 +14 03 51.5          23.7        568
     ALA36L  *C2022 10 31.56060 03 22 05.89 +14 02 23.1          24.1        568
     ALA36L  *C2022 10 31.56413 03 22 05.65 +14 02 22.5          23.6        568
     ALA36L  *C2022 10 31.56765 03 22 05.47 +14 02 22.3          23.9        568
     ALA36q  *C2022 10 31.35875 03 23 13.34 +13 47 11.0          23.6        568
     ALA36q  *C2022 10 31.56060 03 23 04.29 +13 46 04.6          23.7        568
     ALA36q  *C2022 10 31.56413 03 23 04.13 +13 46 03.4          23.5        568
     ALA36q  *C2022 10 31.56765 03 23 03.98 +13 46 02.2          23.3        568
     ALA36Y  *C2022 10 31.56060 03 21 53.08 +13 58 10.6          23.9        568
     ALA36Y  *C2022 10 31.56413 03 21 52.97 +13 58 10.3          23.9        568
     ALA36Y  *C2022 10 31.56765 03 21 52.86 +13 58 09.9          23.9        568
     ALA3GN  *C2022 10 31.56060 03 23 59.76 +14 06 14.7          24.8        568
     ALA3GN  *C2022 10 31.56413 03 23 59.59 +14 06 14.0          24.9        568
     ALA3GN  *C2022 10 31.56765 03 23 59.46 +14 06 13.5          25.3        568
     ALA3GZ  *C2022 10 31.35875 03 22 20.15 +13 56 54.1          23.5        568
     ALA3H5  *C2022 10 31.56060 03 23 23.77 +13 48 04.9          23.1        568
     ALA3H5  *C2022 10 31.56413 03 23 23.59 +13 48 04.2          23.3        568
     ALA3H5  *C2022 10 31.56765 03 23 23.44 +13 48 03.5          23.2        568
     ALA3ih  *C2022 10 31.56060 03 23 40.84 +14 05 48.6          23.6        568
     ALA3ih  *C2022 10 31.56413 03 23 40.73 +14 05 47.6          23.5        568
     ALA3ih  *C2022 10 31.56765 03 23 40.62 +14 05 46.6          23.7        568
     ALA3ij  *C2022 10 31.56060 03 23 39.90 +14 03 28.7          24.4        568
     ALA3ij  *C2022 10 31.56413 03 23 39.72 +14 03 28.0          24.1        568
     ALA3ij  *C2022 10 31.56765 03 23 39.57 +14 03 27.6          24.5        568
     ALA3in  *C2022 10 31.56060 03 23 05.03 +14 08 51.8          23.7        568
     ALA3in  *C2022 10 31.56413 03 23 04.84 +14 08 51.1          23.7        568
     ALA3in  *C2022 10 31.56765 03 23 04.68 +14 08 50.5          23.9        568
     ALA3io  *C2022 10 31.56060 03 22 59.52 +14 04 38.7          23.8        568
     ALA3io  *C2022 10 31.56413 03 22 59.36 +14 04 37.4          23.6        568
     ALA3io  *C2022 10 31.56765 03 22 59.20 +14 04 36.2          23.3        568
     ALA3iq  *C2022 10 31.56060 03 23 06.12 +14 04 28.1          24.6        568
     ALA3iq  *C2022 10 31.56413 03 23 05.94 +14 04 26.5          24.8        568
     ALA3iq  *C2022 10 31.56765 03 23 05.77 +14 04 25.2          25.1        568
     ALA3it  *C2022 10 31.56060 03 22 46.43 +14 12 30.1          24.5        568
     ALA3it  *C2022 10 31.56413 03 22 46.32 +14 12 29.7          24.3        568
     ALA3it  *C2022 10 31.56765 03 22 46.19 +14 12 29.0          24.9        568
     ALA3ix  *C2022 10 31.56060 03 22 13.65 +14 10 03.9          24.2        568
     ALA3ix  *C2022 10 31.56413 03 22 13.46 +14 10 02.5          24.0        568
     ALA3ix  *C2022 10 31.56765 03 22 13.29 +14 10 01.3          24.6        568
     ALA3iy  *C2022 10 31.56060 03 22 10.60 +14 11 52.4          25.3        568
     ALA3iy  *C2022 10 31.56413 03 22 10.42 +14 11 52.7          24.3        568
     ALA3iy  *C2022 10 31.56765 03 22 10.25 +14 11 52.7          24.4        568
     ALA3iz  *C2022 10 31.56060 03 22 08.19 +14 11 57.2          24.2        568
     ALA3iz  *C2022 10 31.56413 03 22 08.02 +14 11 56.2          24.1        568
     ALA3iz  *C2022 10 31.56765 03 22 07.84 +14 11 55.1          24.0        568
     ALA3jb  *C2022 10 31.56060 03 23 04.69 +13 51 59.2          24.4        568
     ALA3jb  *C2022 10 31.56413 03 23 04.53 +13 51 58.4          24.3        568
     ALA3jb  *C2022 10 31.56765 03 23 04.34 +13 51 57.7          23.8        568
     ALA3jg  *C2022 10 31.56060 03 22 39.52 +13 53 08.0          23.0        568
     ALA3jg  *C2022 10 31.56413 03 22 39.35 +13 53 06.2          23.1        568
     ALA3jg  *C2022 10 31.56765 03 22 39.19 +13 53 04.5          23.2        568
     ALA3jj  *C2022 10 31.56060 03 22 16.82 +13 57 28.6          24.1        568
     ALA3jj  *C2022 10 31.56413 03 22 16.63 +13 57 27.6          24.2        568
     ALA3jj  *C2022 10 31.56765 03 22 16.46 +13 57 26.6          23.9        568
     ALA3jQ  *C2022 10 31.56060 03 23 56.23 +13 57 40.0          24.5        568
     ALA3jQ  *C2022 10 31.56413 03 23 56.01 +13 57 38.9          24.2        568
     ALA3jQ  *C2022 10 31.56765 03 23 55.84 +13 57 38.2          24.6        568
     ALA3Q0  *C2022 10 31.56060 03 23 28.44 +14 11 26.6          23.0        568
     ALA3Q0  *C2022 10 31.56413 03 23 28.22 +14 11 26.0          23.0        568
     ALA3Q0  *C2022 10 31.56765 03 23 28.00 +14 11 25.5          22.9        568
     ALA3Qe  *C2022 10 31.56060 03 23 32.15 +13 50 01.5          24.5        568
     ALA3Qe  *C2022 10 31.56413 03 23 31.96 +13 50 00.7          24.4        568
     ALA3Qe  *C2022 10 31.56765 03 23 31.81 +13 50 00.0          24.2        568
     ALA3QH  *C2022 10 31.56060 03 22 08.84 +14 01 48.1          23.3        568
     ALA3QH  *C2022 10 31.56413 03 22 08.66 +14 01 47.2          23.4        568
     ALA3QH  *C2022 10 31.56765 03 22 08.49 +14 01 46.4          23.4        568
     ALA3QI  *C2022 10 31.35875 03 22 35.64 +14 08 43.1          23.2        568
     ALA3ud  *C2022 10 31.56060 03 22 17.669+13 53 27.31         24.5 g      568
     ALA3ud  *C2022 10 31.56413 03 22 17.599+13 53 26.92         24.9 g      568
     ALA3ud  *C2022 10 31.56765 03 22 17.479+13 53 26.41         24.6 g      568
     ALA3W9  *C2022 10 31.35875 03 24 03.69 +14 10 48.8          22.2        568
     ALA3W9  *C2022 10 31.56060 03 23 53.93 +14 10 25.3          22.4        568
     ALA3W9  *C2022 10 31.56413 03 23 53.76 +14 10 24.9          22.3        568
     ALA3W9  *C2022 10 31.56765 03 23 53.58 +14 10 24.4          22.3        568
     ALA3Wf  *C2022 10 31.35875 03 23 12.57 +13 48 36.6          22.5        568
     ALA3Wf  *C2022 10 31.56060 03 23 02.37 +13 47 56.0          22.7        568
     ALA3Wf  *C2022 10 31.56413 03 23 02.21 +13 47 55.3          22.8        568
     ALA3Wf  *C2022 10 31.56765 03 23 02.02 +13 47 54.6          22.9        568
     ALA3WF  *C2022 10 31.35875 03 23 10.69 +14 03 03.6          24.1        568
     ALA3WG  *C2022 10 31.35875 03 23 13.97 +14 11 37.3          22.2        568
     ALA3WG  *C2022 10 31.56060 03 23 04.22 +14 09 59.1          22.2        568
     ALA3WG  *C2022 10 31.56413 03 23 04.04 +14 09 57.4          22.2        568
     ALA3WG  *C2022 10 31.56765 03 23 03.87 +14 09 55.6          22.2        568
     ALA3WK  *C2022 10 31.35875 03 22 06.21 +14 03 48.4          23.8        568
     ALA3WL  *C2022 10 31.35875 03 22 11.23 +14 08 50.0          22.9        568
     ALA3WM  *C2022 10 31.35875 03 22 18.52 +14 12 58.8          24.4        568
     ALA36F  *C2022 10 31.56060 03 22 42.83 +13 57 52.1          23.1        568
     ALA36F  *C2022 10 31.56413 03 22 42.64 +13 57 51.5          23.2        568
     ALA36F  *C2022 10 31.56765 03 22 42.45 +13 57 50.8          23.4        568
     ALA36H  *C2022 10 31.56060 03 22 36.22 +14 01 48.7          23.5        568
     ALA36H  *C2022 10 31.56413 03 22 36.03 +14 01 47.8          24.3        568
     ALA36H  *C2022 10 31.56765 03 22 35.88 +14 01 47.3          23.8        568
     ALA36L  *C2022 10 31.56060 03 22 05.89 +14 02 23.1          24.1        568
     ALA36L  *C2022 10 31.56413 03 22 05.65 +14 02 22.5          23.6        568
     ALA36L  *C2022 10 31.56765 03 22 05.47 +14 02 22.3          23.9        568
     ALA36Y  *C2022 10 31.56060 03 21 53.08 +13 58 10.6          23.9        568
     ALA36Y  *C2022 10 31.56413 03 21 52.97 +13 58 10.3          23.9        568
     ALA36Y  *C2022 10 31.56765 03 21 52.86 +13 58 09.9          23.9        568
     ALA3in  *C2022 10 31.56060 03 23 05.03 +14 08 51.8          23.7        568
     ALA3in  *C2022 10 31.56413 03 23 04.84 +14 08 51.1          23.7        568
     ALA3in  *C2022 10 31.56765 03 23 04.68 +14 08 50.5          23.9        568
     ALA3io  *C2022 10 31.56060 03 22 59.52 +14 04 38.7          23.8        568
     ALA3io  *C2022 10 31.56413 03 22 59.36 +14 04 37.4          23.6        568
     ALA3io  *C2022 10 31.56765 03 22 59.20 +14 04 36.2          23.3        568
     ALA3iq  *C2022 10 31.56060 03 23 06.12 +14 04 28.1          24.6        568
     ALA3iq  *C2022 10 31.56413 03 23 05.94 +14 04 26.5          24.8        568
     ALA3iq  *C2022 10 31.56765 03 23 05.77 +14 04 25.2          25.1        568
     ALA3jj  *C2022 10 31.56060 03 22 16.82 +13 57 28.6          24.1        568
     ALA3jj  *C2022 10 31.56413 03 22 16.63 +13 57 27.6          24.2        568
     ALA3jj  *C2022 10 31.56765 03 22 16.46 +13 57 26.6          23.9        568
     ALA3l2  *C2022 10 31.56060 03 21 51.63 +13 51 32.1          23.8        568
     ALA3l2  *C2022 10 31.56413 03 21 51.48 +13 51 31.4          23.8        568
     ALA3l2  *C2022 10 31.56765 03 21 51.29 +13 51 30.6          23.4        568
     ALA3l4  *C2022 10 31.56060 03 21 42.89 +13 53 47.1          25.3        568
     ALA3l4  *C2022 10 31.56413 03 21 42.77 +13 53 45.8          25.6        568
     ALA3l4  *C2022 10 31.56765 03 21 42.69 +13 53 45.0          24.9        568
     ALA3QH  *C2022 10 31.56060 03 22 08.84 +14 01 48.1          23.3        568
     ALA3QH  *C2022 10 31.56413 03 22 08.66 +14 01 47.2          23.4        568
     ALA3QH  *C2022 10 31.56765 03 22 08.49 +14 01 46.4          23.4        568
     ALA3ud  *C2022 10 31.56060 03 22 17.669+13 53 27.31         24.5 g      568
     ALA3ud  *C2022 10 31.56413 03 22 17.599+13 53 26.92         24.9 g      568
     ALA3ud  *C2022 10 31.56765 03 22 17.479+13 53 26.41         24.6 g      568
     ALA36F  *C2022 10 31.56060 03 22 42.83 +13 57 52.1          23.1        568
     ALA36F  *C2022 10 31.56413 03 22 42.64 +13 57 51.5          23.2        568
     ALA36F  *C2022 10 31.56765 03 22 42.45 +13 57 50.8          23.4        568
     ALA36H  *C2022 10 31.56060 03 22 36.22 +14 01 48.7          23.5        568
     ALA36H  *C2022 10 31.56413 03 22 36.03 +14 01 47.8          24.3        568
     ALA36H  *C2022 10 31.56765 03 22 35.88 +14 01 47.3          23.8        568
     ALA36L  *C2022 10 31.56060 03 22 05.89 +14 02 23.1          24.1        568
     ALA36L  *C2022 10 31.56413 03 22 05.65 +14 02 22.5          23.6        568
     ALA36L  *C2022 10 31.56765 03 22 05.47 +14 02 22.3          23.9        568
     ALA36Y  *C2022 10 31.56060 03 21 53.08 +13 58 10.6          23.9        568
     ALA36Y  *C2022 10 31.56413 03 21 52.97 +13 58 10.3          23.9        568
     ALA36Y  *C2022 10 31.56765 03 21 52.86 +13 58 09.9          23.9        568
     ALA3in  *C2022 10 31.56060 03 23 05.03 +14 08 51.8          23.7        568
     ALA3in  *C2022 10 31.56413 03 23 04.84 +14 08 51.1          23.7        568
     ALA3in  *C2022 10 31.56765 03 23 04.68 +14 08 50.5          23.9        568
     ALA3io  *C2022 10 31.56060 03 22 59.52 +14 04 38.7          23.8        568
     ALA3io  *C2022 10 31.56413 03 22 59.36 +14 04 37.4          23.6        568
     ALA3io  *C2022 10 31.56765 03 22 59.20 +14 04 36.2          23.3        568
     ALA3iq  *C2022 10 31.56060 03 23 06.12 +14 04 28.1          24.6        568
     ALA3iq  *C2022 10 31.56413 03 23 05.94 +14 04 26.5          24.8        568
     ALA3iq  *C2022 10 31.56765 03 23 05.77 +14 04 25.2          25.1        568
     ALA3jj  *C2022 10 31.56060 03 22 16.82 +13 57 28.6          24.1        568
     ALA3jj  *C2022 10 31.56413 03 22 16.63 +13 57 27.6          24.2        568
     ALA3jj  *C2022 10 31.56765 03 22 16.46 +13 57 26.6          23.9        568
     ALA3QH  *C2022 10 31.56060 03 22 08.84 +14 01 48.1          23.3        568
     ALA3QH  *C2022 10 31.56413 03 22 08.66 +14 01 47.2          23.4        568
     ALA3QH  *C2022 10 31.56765 03 22 08.49 +14 01 46.4          23.4        568
