     ALA31B  *C2022 10 29.41583 03 33 40.25 +14 18 28.0          24.1        568
     ALA31B  *C2022 10 29.41935 03 33 40.10 +14 18 27.4          24.3        568
     ALA31B  *C2022 10 29.42288 03 33 39.91 +14 18 26.5          24.0        568
     ALA31B  *C2022 10 29.42640 03 33 39.74 +14 18 25.7          24.1        568
     ALA31B  *C2022 10 29.42993 03 33 39.56 +14 18 24.7          24.1        568
     ALA31B  *C2022 10 29.43345 03 33 39.42 +14 18 23.9          23.9        568
     ALA31B  *C2022 10 29.50791 03 33 35.75 +14 18 03.6          24.9        568
     ALA31B  *C2022 10 29.51142 03 33 35.58 +14 18 02.7          24.1        568
     ALA31B  *C2022 10 29.51495 03 33 35.40 +14 18 01.8          24.0        568
     ALA31B  *C2022 10 29.51851 03 33 35.28 +14 18 03.1                      568
     ALA31B  *C2022 10 29.52205 03 33 35.07 +14 18 02.3                      568
     ALA31B  *C2022 10 30.53674 03 32 46.85 +14 13 30.2          24.9        568
     ALA31B  *C2022 10 30.54031 03 32 46.65 +14 13 28.9          24.0        568
     ALA31B  *C2022 10 30.54384 03 32 46.43 +14 13 27.8          23.9        568
     ALA31B  *C2022 10 31.53946 03 31 58.33 +14 09 02.2          24.2        568
     ALA31B  *C2022 10 31.54299 03 31 58.15 +14 09 01.2          24.5        568
     ALA31B  *C2022 10 31.54652 03 31 57.98 +14 09 00.2          24.1        568


     ALA30W  *C2022 10 31.54652 03 32 20.29 +14 23 45.8          24.1        568
     ALA30Y  *C2022 10 31.54652 03 32 20.64 +14 12 45.3          23.7        568
     ALA31B  *C2022 10 31.54652 03 31 57.98 +14 09 00.2          24.1        568
     ALA31f  *C2022 10 31.54652 03 32 26.141+14 14 16.51                     568
     ALA31j  *C2022 10 31.54652 03 31 08.80 +14 11 15.2          24.5        568
     ALA31r  *C2022 10 31.54652 03 30 56.24 +14 11 13.5          24.0        568
     ALA31t  *C2022 10 31.54652 03 31 03.69 +14 16 01.2          24.2        568
     ALA32b  *C2022 10 31.55005 03 28 19.29 +13 56 14.4          24.6        568
     ALA32b  *C2022 10 31.55355 03 28 19.12 +13 56 13.0          24.5        568
     ALA32b  *C2022 10 31.55708 03 28 18.92 +13 56 11.2          25.0        568
     ALA32c  *C2022 10 31.55005 03 28 19.17 +14 03 31.1          23.9        568
     ALA32c  *C2022 10 31.55355 03 28 18.95 +14 03 30.3          23.9        568
     ALA32c  *C2022 10 31.55708 03 28 18.78 +14 03 29.8          24.2        568
     ALA32u  *C2022 10 31.55005 03 29 44.44 +13 47 31.2          22.5        568
     ALA32u  *C2022 10 31.55355 03 29 44.25 +13 47 30.1          22.6        568
     ALA32u  *C2022 10 31.55708 03 29 44.05 +13 47 28.9          22.1        568
     ALA32W  *C2022 10 31.55005 03 28 24.44 +14 02 29.3          22.9        568
     ALA32W  *C2022 10 31.55355 03 28 24.22 +14 02 29.2          22.9        568
     ALA32W  *C2022 10 31.55708 03 28 23.97 +14 02 29.2          22.9        568
     ALA32X  *C2022 10 31.55005 03 28 49.09 +14 03 07.8          24.5        568
     ALA32X  *C2022 10 31.55355 03 28 48.87 +14 03 06.8          23.8        568
     ALA32X  *C2022 10 31.55708 03 28 48.69 +14 03 06.1          23.9        568
     ALA32z  *C2022 10 31.55005 03 29 19.50 +13 47 21.0          24.1        568
     ALA32z  *C2022 10 31.55355 03 29 19.32 +13 47 21.1          24.5        568
     ALA32z  *C2022 10 31.55708 03 29 19.13 +13 47 21.1          24.0        568
     ALA335  *C2022 10 31.55005 03 28 28.83 +13 39 35.5          23.1        568
     ALA335  *C2022 10 31.55355 03 28 28.65 +13 39 34.5          23.2        568
     ALA335  *C2022 10 31.55708 03 28 28.47 +13 39 33.3          23.2        568
     ALA33j  *C2022 10 31.55005 03 26 45.91 +14 11 42.1          24.2        568
     ALA33j  *C2022 10 31.55355 03 26 45.75 +14 11 41.4          24.5        568
     ALA33j  *C2022 10 31.55708 03 26 45.56 +14 11 40.7          24.2        568
     ALA33w  *C2022 10 31.55005 03 26 35.29 +14 11 25.3          23.9        568
     ALA33w  *C2022 10 31.55355 03 26 35.19 +14 11 24.8          23.8        568
     ALA33w  *C2022 10 31.55708 03 26 35.08 +14 11 24.2          23.9        568
     ALA34I  *C2022 10 31.55005 03 28 24.24 +14 04 26.2          23.1        568
     ALA34I  *C2022 10 31.55355 03 28 24.13 +14 04 26.0          23.0        568
     ALA34I  *C2022 10 31.55708 03 28 24.03 +14 04 25.7          23.1        568
     ALA34J  *C2022 10 31.55005 03 27 03.92 +14 04 50.2          22.8        568
     ALA34J  *C2022 10 31.55355 03 27 03.73 +14 04 49.9          22.9        568
     ALA34J  *C2022 10 31.55708 03 27 03.53 +14 04 49.7          22.8        568
     ALA34O  *C2022 10 31.55005 03 26 32.17 +14 02 17.0          23.5        568
     ALA34O  *C2022 10 31.55355 03 26 31.98 +14 02 16.4          23.4        568
     ALA34O  *C2022 10 31.55708 03 26 31.78 +14 02 15.9          23.4        568
     ALA34T  *C2022 10 31.55005 03 26 14.65 +13 57 24.8          23.3        568
     ALA34T  *C2022 10 31.55355 03 26 14.46 +13 57 24.3          23.2        568
     ALA34T  *C2022 10 31.55708 03 26 14.26 +13 57 23.9          23.5        568
     ALA34T  *C2022 10 31.56060 03 26 14.05 +13 57 23.5          23.2        568
     ALA34T  *C2022 10 31.56413 03 26 13.86 +13 57 23.2          23.4        568
     ALA34T  *C2022 10 31.56765 03 26 13.65 +13 57 22.7          23.3        568
     ALA34V  *C2022 10 31.55005 03 25 51.18 +13 56 41.8          23.1        568
     ALA34V  *C2022 10 31.55355 03 25 51.00 +13 56 41.2          22.9        568
     ALA34V  *C2022 10 31.55708 03 25 50.83 +13 56 40.6          22.9        568
     ALA34V  *C2022 10 31.56060 03 25 50.63 +13 56 40.2          22.8        568
     ALA34V  *C2022 10 31.56413 03 25 50.46 +13 56 39.7          22.8        568
     ALA34V  *C2022 10 31.56765 03 25 50.27 +13 56 39.0          22.8        568
     ALA34W  *C2022 10 31.55005 03 25 48.94 +14 01 18.3          23.5        568
     ALA34W  *C2022 10 31.55355 03 25 48.78 +14 01 17.6          23.0        568
     ALA34W  *C2022 10 31.55708 03 25 48.61 +14 01 16.8          23.6        568
     ALA34z  *C2022 10 31.55005 03 27 10.88 +13 42 50.2          24.2        568
     ALA34z  *C2022 10 31.55355 03 27 10.68 +13 42 49.5          24.0        568
     ALA34z  *C2022 10 31.55708 03 27 10.50 +13 42 49.0          24.3        568
     ALA35t  *C2022 10 31.55005 03 28 29.88 +13 52 49.7          24.1        568
     ALA35t  *C2022 10 31.55355 03 28 29.72 +13 52 49.1          24.4        568
     ALA35t  *C2022 10 31.55708 03 28 29.50 +13 52 48.0          24.8        568
     ALA35T  *C2022 10 31.55005 03 26 56.11 +13 32 27.4          24.3        568
     ALA35T  *C2022 10 31.55355 03 26 56.03 +13 32 27.2          24.8        568
     ALA35T  *C2022 10 31.55708 03 26 55.89 +13 32 26.8          24.8        568
     ALA362  *C2022 10 31.55005 03 28 31.09 +13 48 54.3          22.9        568
     ALA362  *C2022 10 31.55355 03 28 30.92 +13 48 53.4          22.9        568
     ALA362  *C2022 10 31.55708 03 28 30.74 +13 48 52.3          22.8        568
     ALA3Cf  *C2022 10 31.55005 03 28 51.85 +13 51 44.3          22.5        568
     ALA3Cf  *C2022 10 31.55355 03 28 51.65 +13 51 43.9          22.5        568
     ALA3Cf  *C2022 10 31.55708 03 28 51.44 +13 51 43.4          22.5        568
     ALA3CT  *C2022 10 31.54652 03 31 24.09 +13 54 13.1          24.9        568
     ALA3DC  *C2022 10 31.55005 03 27 30.40 +14 12 11.2          23.6        568
     ALA3DC  *C2022 10 31.55355 03 27 30.19 +14 12 10.4          24.1        568
     ALA3DC  *C2022 10 31.55708 03 27 30.03 +14 12 09.8          23.7        568
     ALA3df  *C2022 10 31.54652 03 32 56.22 +14 19 13.4          23.6        568
     ALA3dl  *C2022 10 31.54652 03 32 57.17 +14 16 20.3          24.3        568
     ALA3dm  *C2022 10 31.54652 03 32 31.16 +14 19 53.7          24.2        568
     ALA3dn  *C2022 10 31.54652 03 32 18.62 +14 22 47.6          24.8        568
     ALA3dw  *C2022 10 31.54652 03 31 49.33 +14 16 09.3          22.6        568
     ALA3E3  *C2022 10 31.55005 03 28 25.98 +14 03 45.8          24.5        568
     ALA3E3  *C2022 10 31.55355 03 28 25.80 +14 03 45.2          24.6        568
     ALA3E3  *C2022 10 31.55708 03 28 25.61 +14 03 44.4          24.9        568
     ALA3E4  *C2022 10 31.55005 03 28 08.39 +14 06 24.5          23.3        568
     ALA3E4  *C2022 10 31.55355 03 28 08.19 +14 06 23.8          23.3        568
     ALA3E4  *C2022 10 31.55708 03 28 07.98 +14 06 23.1          23.4        568
     ALA3E8  *C2022 10 31.55005 03 28 00.23 +13 47 58.5          22.4        568
     ALA3E8  *C2022 10 31.55355 03 28 00.07 +13 47 56.2          22.3        568
     ALA3E8  *C2022 10 31.55708 03 27 59.90 +13 47 53.9          22.4        568
     ALA3eh  *C2022 10 31.54652 03 31 13.70 +14 02 05.6          23.9        568
     ALA3el  *C2022 10 31.54652 03 30 58.86 +14 11 09.2          23.1        568
     ALA3em  *C2022 10 31.54652 03 31 13.73 +14 09 44.8          24.3        568
     ALA3en  *C2022 10 31.54652 03 31 10.65 +14 04 20.7          25.3        568
     ALA3eR  *C2022 10 31.54652 03 33 01.23 +14 12 06.9          24.5        568
     ALA3eT  *C2022 10 31.54652 03 32 50.09 +14 05 01.8          25.1        568
     ALA3eW  *C2022 10 31.54652 03 31 56.93 +14 02 10.1          24.6        568
     ALA3Ew  *C2022 10 31.55005 03 27 00.20 +13 46 57.1          22.9        568
     ALA3Ew  *C2022 10 31.55355 03 27 00.03 +13 46 57.0          22.7        568
     ALA3Ew  *C2022 10 31.55708 03 26 59.86 +13 46 56.8          22.7        568
     ALA3eX  *C2022 10 31.54652 03 31 56.31 +14 13 02.0          24.7        568
     ALA3eZ  *C2022 10 31.54652 03 32 03.96 +14 07 51.9          24.9        568
     ALA3F2  *C2022 10 31.55005 03 26 29.63 +13 50 31.2          24.1        568
     ALA3F2  *C2022 10 31.55355 03 26 29.49 +13 50 30.5          24.1        568
     ALA3F2  *C2022 10 31.55708 03 26 29.34 +13 50 29.9          24.2        568
     ALA3f6  *C2022 10 31.54652 03 32 00.10 +13 54 14.9          24.5        568
     ALA3Fc  *C2022 10 31.55005 03 27 05.55 +13 31 33.7          24.7        568
     ALA3Fc  *C2022 10 31.55355 03 27 05.45 +13 31 33.1          24.6        568
     ALA3Fc  *C2022 10 31.55708 03 27 05.33 +13 31 32.3          24.8        568
     ALA3FT  *C2022 10 31.55005 03 27 14.49 +13 35 28.2          23.5        568
     ALA3FT  *C2022 10 31.55355 03 27 14.28 +13 35 27.9          23.8        568
     ALA3FT  *C2022 10 31.55708 03 27 14.10 +13 35 27.6          23.8        568
     ALA3Fz  *C2022 10 31.55005 03 28 46.30 +14 02 01.3          22.9        568
     ALA3Fz  *C2022 10 31.55355 03 28 46.15 +14 02 00.8          22.9        568
     ALA3Fz  *C2022 10 31.55708 03 28 45.97 +14 02 00.0          23.1        568
     ALA3g8  *C2022 10 31.55005 03 29 17.62 +14 09 29.4          24.6        568
     ALA3g8  *C2022 10 31.55355 03 29 17.51 +14 09 28.4          24.6        568
     ALA3g8  *C2022 10 31.55708 03 29 17.38 +14 09 27.2          24.5        568
     ALA3gA  *C2022 10 31.55005 03 28 54.70 +14 06 06.2          24.2        568
     ALA3gA  *C2022 10 31.55355 03 28 54.50 +14 06 05.3          23.5        568
     ALA3gA  *C2022 10 31.55708 03 28 54.24 +14 06 04.2          24.4        568
     ALA3gb  *C2022 10 31.55005 03 26 38.50 +14 06 11.4          24.0        568
     ALA3gb  *C2022 10 31.55355 03 26 38.38 +14 06 11.2          23.7        568
     ALA3gb  *C2022 10 31.55708 03 26 38.26 +14 06 11.0          23.8        568
     ALA3ge  *C2022 10 31.55005 03 26 31.87 +14 10 05.9          24.2        568
     ALA3ge  *C2022 10 31.55355 03 26 31.71 +14 10 05.3          24.9        568
     ALA3ge  *C2022 10 31.55708 03 26 31.62 +14 10 04.8          25.2        568
     ALA3gk  *C2022 10 31.55005 03 26 09.74 +14 05 33.1          25.1        568
     ALA3gk  *C2022 10 31.55355 03 26 09.66 +14 05 32.2          25.1        568
     ALA3gk  *C2022 10 31.55708 03 26 09.55 +14 05 31.4          24.9        568
     ALA3gK   C2022 10 31.55005 03 27 53.611+14 03 52.88         23.4 G      T14
     ALA3gK   C2022 10 31.55355 03 27 53.400+14 03 47.20         23.9 G      T14
     ALA3gK   C2022 10 31.55708 03 27 53.170+14 03 40.61         24.5 G      T14
     ALA3gl  *C2022 10 31.55005 03 26 16.69 +14 07 10.3          24.3        568
     ALA3gl  *C2022 10 31.55355 03 26 16.53 +14 07 09.4          24.5        568
     ALA3gl  *C2022 10 31.55708 03 26 16.38 +14 07 08.7          24.1        568
     ALA3gN  *C2022 10 31.55005 03 28 01.87 +14 04 14.7          24.7        568
     ALA3gN  *C2022 10 31.55355 03 28 01.70 +14 04 14.0          24.0        568
     ALA3gN  *C2022 10 31.55708 03 28 01.53 +14 04 13.3          24.0        568
     ALA3gR  *C2022 10 31.55005 03 27 25.67 +14 05 38.1          24.0        568
     ALA3gR  *C2022 10 31.55355 03 27 25.54 +14 05 37.6          24.2        568
     ALA3gR  *C2022 10 31.55708 03 27 25.39 +14 05 37.1          24.9        568
     ALA3gu  *C2022 10 31.55005 03 28 45.74 +13 47 31.3          25.2        568
     ALA3gu  *C2022 10 31.55355 03 28 45.61 +13 47 31.1          25.2        568
     ALA3gu  *C2022 10 31.55708 03 28 45.49 +13 47 30.9          25.2        568
     ALA3gU  *C2022 10 31.55005 03 26 55.56 +14 03 28.1          24.4        568
     ALA3gU  *C2022 10 31.55355 03 26 55.35 +14 03 26.7          23.6        568
     ALA3gU  *C2022 10 31.55708 03 26 55.17 +14 03 25.6          23.5        568
     ALA3gV  *C2022 10 31.55005 03 26 57.87 +14 07 21.8          23.9        568
     ALA3gV  *C2022 10 31.55355 03 26 57.70 +14 07 21.0          23.6        568
     ALA3gV  *C2022 10 31.55708 03 26 57.54 +14 07 20.1          24.6        568
     ALA3gw  *C2022 10 31.55005 03 28 44.62 +13 53 38.6          24.5        568
     ALA3gw  *C2022 10 31.55355 03 28 44.39 +13 53 38.8          24.2        568
     ALA3gw  *C2022 10 31.55708 03 28 44.20 +13 53 38.9          24.6        568
     ALA3gW  *C2022 10 31.55005 03 27 06.38 +14 08 14.8          25.5        568
     ALA3gW  *C2022 10 31.55355 03 27 06.24 +14 08 14.1          24.7        568
     ALA3gW  *C2022 10 31.55708 03 27 06.12 +14 08 13.4          24.5        568
     ALA3gY  *C2022 10 31.55005 03 27 00.69 +14 10 03.6          22.6        568
     ALA3gY  *C2022 10 31.55355 03 27 00.51 +14 10 02.3          22.5        568
     ALA3gY  *C2022 10 31.55708 03 27 00.33 +14 10 01.0          22.6        568
     ALA3gZ  *C2022 10 31.55005 03 26 34.05 +14 04 45.1          23.3        568
     ALA3gZ  *C2022 10 31.55355 03 26 33.87 +14 04 44.1          23.5        568
     ALA3gZ  *C2022 10 31.55708 03 26 33.71 +14 04 43.2          23.9        568
     ALA3h3  *C2022 10 31.55005 03 28 20.81 +13 51 43.0          24.1        568
     ALA3h3  *C2022 10 31.55355 03 28 20.64 +13 51 42.1          24.1        568
     ALA3h3  *C2022 10 31.55708 03 28 20.42 +13 51 41.2          24.4        568
     ALA3h8  *C2022 10 31.55005 03 28 06.05 +13 52 57.4          23.9        568
     ALA3h8  *C2022 10 31.55355 03 28 05.87 +13 52 56.4          23.7        568
     ALA3h8  *C2022 10 31.55708 03 28 05.68 +13 52 55.5          23.6        568
     ALA3h9  *C2022 10 31.55005 03 28 01.03 +13 52 21.0          25.3        568
     ALA3h9  *C2022 10 31.55355 03 28 00.81 +13 52 20.1          25.2        568
     ALA3h9  *C2022 10 31.55708 03 28 00.64 +13 52 19.4          24.3        568
     ALA3ha  *C2022 10 31.55005 03 29 13.35 +13 39 27.8          24.2        568
     ALA3ha  *C2022 10 31.55355 03 29 13.17 +13 39 26.6          24.1        568
     ALA3ha  *C2022 10 31.55708 03 29 13.00 +13 39 25.5          24.1        568
     ALA3hA  *C2022 10 31.55005 03 28 02.85 +13 50 26.1          24.0        568
     ALA3hA  *C2022 10 31.55355 03 28 02.64 +13 50 25.1          23.9        568
     ALA3hA  *C2022 10 31.55708 03 28 02.50 +13 50 24.3          24.6        568
     ALA3hb  *C2022 10 31.55005 03 29 29.05 +13 38 00.3          23.5        568
     ALA3hb  *C2022 10 31.55355 03 29 28.85 +13 37 58.6          23.6        568
     ALA3hb  *C2022 10 31.55708 03 29 28.66 +13 37 57.1          23.8        568
     ALA3he  *C2022 10 31.55005 03 28 59.80 +13 34 51.0          24.0        568
     ALA3he  *C2022 10 31.55355 03 28 59.63 +13 34 50.2          24.4        568
     ALA3he  *C2022 10 31.55708 03 28 59.49 +13 34 49.4          24.6        568
     ALA3hE  *C2022 10 31.55005 03 27 24.55 +13 53 09.7          24.2        568
     ALA3hE  *C2022 10 31.55355 03 27 24.37 +13 53 09.5          24.6        568
     ALA3hE  *C2022 10 31.55708 03 27 24.18 +13 53 09.4          24.4        568
     ALA3hI  *C2022 10 31.55005 03 27 03.63 +13 54 39.4          23.1        568
     ALA3hI  *C2022 10 31.55355 03 27 03.45 +13 54 39.1          23.6        568
     ALA3hI  *C2022 10 31.55708 03 27 03.28 +13 54 38.8          23.7        568
     ALA3hj  *C2022 10 31.55005 03 28 17.37 +13 36 31.4          24.1        568
     ALA3hj  *C2022 10 31.55355 03 28 17.18 +13 36 30.5          24.2        568
     ALA3hj  *C2022 10 31.55708 03 28 17.00 +13 36 29.5          24.0        568
     ALA3hl  *C2022 10 31.55005 03 27 53.50 +13 40 39.7          23.3        568
     ALA3hl  *C2022 10 31.55355 03 27 53.31 +13 40 38.7          23.1        568
     ALA3hl  *C2022 10 31.55708 03 27 53.14 +13 40 37.8          23.3        568
     ALA3hn  *C2022 10 31.55005 03 28 06.71 +13 41 08.6          24.9        568
     ALA3hn  *C2022 10 31.55355 03 28 06.61 +13 41 07.9          25.6        568
     ALA3hn  *C2022 10 31.55708 03 28 06.51 +13 41 07.5          25.3        568
     ALA3hp  *C2022 10 31.55005 03 27 38.85 +13 38 54.4          23.9        568
     ALA3hp  *C2022 10 31.55355 03 27 38.65 +13 38 53.5          24.3        568
     ALA3hp  *C2022 10 31.55708 03 27 38.44 +13 38 52.8          23.6        568
     ALA3hP  *C2022 10 31.55005 03 26 45.70 +13 47 41.7          23.7        568
     ALA3hP  *C2022 10 31.55355 03 26 45.51 +13 47 41.2          24.1        568
     ALA3hP  *C2022 10 31.55708 03 26 45.33 +13 47 40.6          24.1        568
     ALA3hQ  *C2022 10 31.55005 03 26 46.81 +13 50 24.5          24.5        568
     ALA3hQ  *C2022 10 31.55355 03 26 46.63 +13 50 24.2          24.8        568
     ALA3hQ  *C2022 10 31.55708 03 26 46.40 +13 50 24.2          25.0        568
     ALA3hS  *C2022 10 31.55005 03 26 04.00 +13 47 15.2          22.5        568
     ALA3hS  *C2022 10 31.55355 03 26 03.83 +13 47 13.9          22.6        568
     ALA3hS  *C2022 10 31.55708 03 26 03.67 +13 47 12.5          22.6        568
     ALA3hW  *C2022 10 31.55005 03 26 18.11 +13 58 05.6          23.6        568
     ALA3hW  *C2022 10 31.55355 03 26 17.91 +13 58 05.1          23.5        568
     ALA3hW  *C2022 10 31.55708 03 26 17.70 +13 58 04.9          23.5        568
     ALA3hW  *C2022 10 31.56060 03 26 17.51 +13 58 05.0          23.7        568
     ALA3hW  *C2022 10 31.56413 03 26 17.33 +13 58 04.7          23.6        568
     ALA3hW  *C2022 10 31.56765 03 26 17.11 +13 58 04.3          23.8        568
     ALA3hx  *C2022 10 31.55005 03 26 48.11 +13 31 43.4          24.6        568
     ALA3hx  *C2022 10 31.55355 03 26 47.95 +13 31 42.7          23.7        568
     ALA3hx  *C2022 10 31.55708 03 26 47.82 +13 31 42.1          24.6        568
     ALA3hZ  *C2022 10 31.55005 03 29 12.96 +13 32 05.5          21.9        568
     ALA3hZ  *C2022 10 31.55355 03 29 12.70 +13 32 05.5          21.8        568
     ALA3hZ  *C2022 10 31.55708 03 29 12.46 +13 32 05.4          22.0        568
     ALA3iH  *C2022 10 31.55005 03 25 45.84 +13 53 59.6          24.7        568
     ALA3iH  *C2022 10 31.55355 03 25 45.64 +13 53 59.6          24.6        568
     ALA3iH  *C2022 10 31.55708 03 25 45.41 +13 53 59.3          25.5        568
     ALA3j7  *C2022 10 31.56060 03 25 46.61 +13 54 43.8          24.0        568
     ALA3j7  *C2022 10 31.56413 03 25 46.38 +13 54 42.9          24.5        568
     ALA3j7  *C2022 10 31.56765 03 25 46.19 +13 54 42.3          25.0        568
     ALA3MM  *C2022 10 31.54652 03 32 55.79 +14 10 35.4          23.8        568
     ALA3MQ  *C2022 10 31.54652 03 32 48.27 +14 11 15.5          23.6        568
     ALA3MR  *C2022 10 31.54652 03 32 05.60 +14 03 49.9          24.0        568
     ALA3MV  *C2022 10 31.54652 03 32 04.40 +14 04 18.1          24.4        568
     ALA3Ox  *C2022 10 31.55005 03 26 37.64 +13 50 24.3          22.9        568
     ALA3Ox  *C2022 10 31.55355 03 26 37.47 +13 50 23.7          23.1        568
     ALA3Ox  *C2022 10 31.55708 03 26 37.29 +13 50 23.2          23.1        568
     ALA3P1  *C2022 10 31.56060 03 25 53.77 +13 52 12.4          22.9        568
     ALA3P1  *C2022 10 31.56413 03 25 53.61 +13 52 11.6          23.0        568
     ALA3P1  *C2022 10 31.56765 03 25 53.47 +13 52 10.8          22.8        568
     ALA3P9  *C2022 10 31.55005 03 28 18.17 +13 38 03.2          22.6        568
     ALA3P9  *C2022 10 31.55355 03 28 17.97 +13 38 03.1          22.6        568
     ALA3P9  *C2022 10 31.55708 03 28 17.76 +13 38 03.0          22.5        568
     ALA3PE  *C2022 10 31.55005 03 27 59.18 +13 33 09.9          22.4        568
     ALA3PE  *C2022 10 31.55355 03 27 58.98 +13 33 09.3          22.4        568
     ALA3PE  *C2022 10 31.55708 03 27 58.76 +13 33 08.6          22.5        568
     ALA3PL  *C2022 10 31.55005 03 27 14.43 +13 33 49.9          23.3        568
     ALA3PL  *C2022 10 31.55355 03 27 14.24 +13 33 49.0          23.6        568
     ALA3PL  *C2022 10 31.55708 03 27 14.07 +13 33 48.1          23.7        568
     ALA3uc  *C2022 10 31.55005 03 28 08.090+14 09 12.31         25.2 g      568
     ALA3uc  *C2022 10 31.55355 03 28 07.980+14 09 11.99         25.8 g      568
     ALA3uc  *C2022 10 31.55708 03 28 07.870+14 09 11.59         24.6 g      568
     P21Bn3J  C2022 11 01.34526303 29 08.269+13 25 13.30         21.50wU     F52
     P21Bn3J  C2022 11 01.36676703 29 07.395+13 24 56.94         21.70wU     F52
     P21Bn3J  C2022 11 01.37758903 29 06.974+13 24 48.11         21.48wU     F52
     ALA32u  *C2022 10 31.55005 03 29 44.44 +13 47 31.2          22.5        568
     ALA32u  *C2022 10 31.55355 03 29 44.25 +13 47 30.1          22.6        568
     ALA32u  *C2022 10 31.55708 03 29 44.05 +13 47 28.9          22.1        568
     ALA32z  *C2022 10 31.55005 03 29 19.50 +13 47 21.0          24.1        568
     ALA32z  *C2022 10 31.55355 03 29 19.32 +13 47 21.1          24.5        568
     ALA32z  *C2022 10 31.55708 03 29 19.13 +13 47 21.1          24.0        568
     ALA335  *C2022 10 31.55005 03 28 28.83 +13 39 35.5          23.1        568
     ALA335  *C2022 10 31.55355 03 28 28.65 +13 39 34.5          23.2        568
     ALA335  *C2022 10 31.55708 03 28 28.47 +13 39 33.3          23.2        568
     ALA3ha  *C2022 10 31.55005 03 29 13.35 +13 39 27.8          24.2        568
     ALA3ha  *C2022 10 31.55355 03 29 13.17 +13 39 26.6          24.1        568
     ALA3ha  *C2022 10 31.55708 03 29 13.00 +13 39 25.5          24.1        568
     ALA3iE  *C2022 10 31.55005 03 30 13.61 +13 59 04.8          23.9        568
     ALA3iE  *C2022 10 31.55355 03 30 13.46 +13 59 03.7          24.2        568
     ALA3iE  *C2022 10 31.55708 03 30 13.31 +13 59 02.8          23.8        568
     ALA32a  *C2022 10 31.55005 03 29 42.64 +13 58 04.8          24.5        568
     ALA32a  *C2022 10 31.55355 03 29 42.52 +13 58 04.2          24.2        568
     ALA32a  *C2022 10 31.55708 03 29 42.41 +13 58 03.8          24.1        568
     ALA32b  *C2022 10 31.55005 03 28 19.29 +13 56 14.4          24.6        568
     ALA32b  *C2022 10 31.55355 03 28 19.12 +13 56 13.0          24.5        568
     ALA32b  *C2022 10 31.55708 03 28 18.92 +13 56 11.2          25.0        568
     ALA32c  *C2022 10 31.55005 03 28 19.17 +14 03 31.1          23.9        568
     ALA32c  *C2022 10 31.55355 03 28 18.95 +14 03 30.3          23.9        568
     ALA32c  *C2022 10 31.55708 03 28 18.78 +14 03 29.8          24.2        568
     ALA32Q  *C2022 10 31.55005 03 30 18.09 +14 05 05.2          23.7        568
     ALA32Q  *C2022 10 31.55355 03 30 17.92 +14 05 05.2          23.8        568
     ALA32Q  *C2022 10 31.55708 03 30 17.74 +14 05 05.3          24.0        568
     ALA32R  *C2022 10 31.55005 03 30 16.74 +14 07 20.1          24.0        568
     ALA32R  *C2022 10 31.55355 03 30 16.57 +14 07 19.6          23.8        568
     ALA32R  *C2022 10 31.55708 03 30 16.40 +14 07 18.8          23.5        568
     ALA32T  *C2022 10 31.55005 03 29 51.15 +14 04 49.7          23.6        568
     ALA32T  *C2022 10 31.55355 03 29 50.96 +14 04 49.9          23.6        568
     ALA32T  *C2022 10 31.55708 03 29 50.77 +14 04 50.0          23.5        568
     ALA32W  *C2022 10 31.55005 03 28 24.44 +14 02 29.3          22.9        568
     ALA32W  *C2022 10 31.55355 03 28 24.22 +14 02 29.2          22.9        568
     ALA32W  *C2022 10 31.55708 03 28 23.97 +14 02 29.2          22.9        568
     ALA32X  *C2022 10 31.55005 03 28 49.09 +14 03 07.8          24.5        568
     ALA32X  *C2022 10 31.55355 03 28 48.87 +14 03 06.8          23.8        568
     ALA32X  *C2022 10 31.55708 03 28 48.69 +14 03 06.1          23.9        568
     ALA34I  *C2022 10 31.55005 03 28 24.24 +14 04 26.2          23.1        568
     ALA34I  *C2022 10 31.55355 03 28 24.13 +14 04 26.0          23.0        568
     ALA34I  *C2022 10 31.55708 03 28 24.03 +14 04 25.7          23.1        568
     ALA3E3  *C2022 10 31.55005 03 28 25.98 +14 03 45.8          24.5        568
     ALA3E3  *C2022 10 31.55355 03 28 25.80 +14 03 45.2          24.6        568
     ALA3E3  *C2022 10 31.55708 03 28 25.61 +14 03 44.4          24.9        568
     ALA3Fz  *C2022 10 31.55005 03 28 46.30 +14 02 01.3          22.9        568
     ALA3Fz  *C2022 10 31.55355 03 28 46.15 +14 02 00.8          22.9        568
     ALA3Fz  *C2022 10 31.55708 03 28 45.97 +14 02 00.0          23.1        568
     ALA3gA  *C2022 10 31.55005 03 28 54.70 +14 06 06.2          24.2        568
     ALA3gA  *C2022 10 31.55355 03 28 54.50 +14 06 05.3          23.5        568
     ALA3gA  *C2022 10 31.55708 03 28 54.24 +14 06 04.2          24.4        568
     ALA3gN  *C2022 10 31.55005 03 28 01.87 +14 04 14.7          24.7        568
     ALA3gN  *C2022 10 31.55355 03 28 01.70 +14 04 14.0          24.0        568
     ALA3gN  *C2022 10 31.55708 03 28 01.53 +14 04 13.3          24.0        568
     ALA3iE  *C2022 10 31.55005 03 30 13.61 +13 59 04.8          23.9        568
     ALA3iE  *C2022 10 31.55355 03 30 13.46 +13 59 03.7          24.2        568
     ALA3iE  *C2022 10 31.55708 03 30 13.31 +13 59 02.8          23.8        568
     ALA3MC  #C2022 10 31.55005 03 29 32.959+13 58 05.41                     T14
     ALA3MC  #C2022 10 31.55355 03 29 32.779+13 58 00.80                     T14
     ALA3MC  #C2022 10 31.55708 03 29 32.570+13 57 56.02                     T14
     ALA3NJ  *C2022 10 31.55005 03 29 44.41 +14 02 08.7          22.3        568
     ALA3NJ  *C2022 10 31.55355 03 29 44.19 +14 02 09.5          22.2        568
     ALA3NJ  *C2022 10 31.55708 03 29 43.97 +14 02 10.6          22.3        568
