     ALA3FF  *C2022 10 29.52910 03 26 44.08 +13 50 20.3          22.7        568
     ALA3FF  *C2022 10 29.53263 03 26 43.87 +13 50 20.8          22.6        568
     ALA3FF  *C2022 10 29.53616 03 26 43.66 +13 50 21.3          22.4        568
     ALA3FF  *C2022 10 30.54741 03 25 45.01 +13 52 35.6          22.7        568
     ALA3FF  *C2022 10 30.55094 03 25 44.80 +13 52 36.0          22.3        568
     ALA3FF  *C2022 10 30.55448 03 25 44.58 +13 52 36.4          22.8        568
     ALA3FF  *C2022 10 30.55806 03 25 44.33 +13 52 36.7          22.5        568
     ALA3FF  *C2022 10 30.56161 03 25 44.11 +13 52 37.1          22.5        568
     ALA3FF  *C2022 10 30.56513 03 25 43.89 +13 52 37.7          22.2        568
     ALA3FF  *C2022 10 31.35170 03 24 57.88 +13 54 22.4          22.5        568
     ALA3FF  *C2022 10 31.35523 03 24 57.66 +13 54 23.0          22.6        568
     ALA3FF  *C2022 10 31.35875 03 24 57.44 +13 54 23.4          22.4        568


     ALA345  *C2022 10 31.56060 03 24 56.59 +14 10 52.9          22.8        568
     ALA345  *C2022 10 31.56413 03 24 56.40 +14 10 51.9          22.9        568
     ALA345  *C2022 10 31.56765 03 24 56.21 +14 10 50.8          22.9        568
     ALA349  *C2022 10 31.35875 03 24 27.73 +14 03 38.8          24.0        568
     ALA34A  *C2022 10 31.35875 03 24 44.58 +14 11 58.5          23.9        568
     ALA34A  *C2022 10 31.56060 03 24 34.37 +14 11 14.7          23.5        568
     ALA34A  *C2022 10 31.56413 03 24 34.18 +14 11 13.9          23.8        568
     ALA34A  *C2022 10 31.56765 03 24 34.01 +14 11 13.1          23.8        568
     ALA34c  *C2022 10 31.56060 03 25 20.01 +13 56 46.4          24.3        568
     ALA34c  *C2022 10 31.56413 03 25 19.87 +13 56 45.8          24.1        568
     ALA34c  *C2022 10 31.56765 03 25 19.70 +13 56 45.0          24.0        568
     ALA34h  *C2022 10 31.35875 03 25 15.67 +13 57 45.8          22.6        568
     ALA34k  *C2022 10 31.56060 03 24 28.16 +14 02 05.5          22.4        568
     ALA34k  *C2022 10 31.56413 03 24 27.99 +14 02 05.3          22.3        568
     ALA34k  *C2022 10 31.56765 03 24 27.82 +14 02 05.2          22.4        568
     ALA34V  *C2022 10 31.55005 03 25 51.18 +13 56 41.8          23.1        568
     ALA34V  *C2022 10 31.55355 03 25 51.00 +13 56 41.2          22.9        568
     ALA34V  *C2022 10 31.55708 03 25 50.83 +13 56 40.6          22.9        568
     ALA34V  *C2022 10 31.56060 03 25 50.63 +13 56 40.2          22.8        568
     ALA34V  *C2022 10 31.56413 03 25 50.46 +13 56 39.7          22.8        568
     ALA34V  *C2022 10 31.56765 03 25 50.27 +13 56 39.0          22.8        568
     ALA34W  *C2022 10 31.55005 03 25 48.94 +14 01 18.3          23.5        568
     ALA34W  *C2022 10 31.55355 03 25 48.78 +14 01 17.6          23.0        568
     ALA34W  *C2022 10 31.55708 03 25 48.61 +14 01 16.8          23.6        568
     ALA356  *C2022 10 31.56060 03 25 38.29 +13 41 21.8          23.3        568
     ALA356  *C2022 10 31.56413 03 25 38.12 +13 41 20.5          23.3        568
     ALA356  *C2022 10 31.56765 03 25 37.96 +13 41 19.1          23.1        568
     ALA35u  *C2022 10 31.56060 03 24 02.35 +13 57 36.3          23.3        568
     ALA35u  *C2022 10 31.56413 03 24 02.17 +13 57 35.6          23.2        568
     ALA35u  *C2022 10 31.56765 03 24 01.99 +13 57 35.0          23.4        568
     ALA364  *C2022 10 31.56060 03 24 01.54 +13 51 49.7          24.2        568
     ALA364  *C2022 10 31.56413 03 24 01.36 +13 51 48.9          23.9        568
     ALA364  *C2022 10 31.56765 03 24 01.19 +13 51 48.3          23.7        568
     ALA367  *C2022 10 31.56060 03 24 47.95 +13 40 07.6          23.4        568
     ALA367  *C2022 10 31.56413 03 24 47.83 +13 40 04.2          23.6        568
     ALA367  *C2022 10 31.56765 03 24 47.73 +13 40 01.3          23.3        568
     ALA3Ei  *C2022 10 31.35875 03 24 52.83 +14 05 30.2          22.4        568
     ALA3FA  *C2022 10 31.56060 03 25 17.94 +13 47 24.6          23.7        568
     ALA3FA  *C2022 10 31.56413 03 25 17.76 +13 47 24.4          23.8        568
     ALA3FA  *C2022 10 31.56765 03 25 17.58 +13 47 24.4          23.8        568
     ALA3FF  *C2022 10 31.35875 03 24 57.44 +13 54 23.4          22.4        568
     ALA3GH  *C2022 10 31.35875 03 24 27.29 +14 08 32.8          22.9        568
     ALA3GH  *C2022 10 31.56060 03 24 16.96 +14 07 58.1          23.1        568
     ALA3GH  *C2022 10 31.56413 03 24 16.77 +14 07 57.6          22.8        568
     ALA3GH  *C2022 10 31.56765 03 24 16.59 +14 07 56.9          22.9        568
     ALA3Gp  *C2022 10 31.35875 03 24 28.54 +13 47 59.3          24.1        568
     ALA3Gp  *C2022 10 31.56060 03 24 18.41 +13 47 52.8          23.4        568
     ALA3Gp  *C2022 10 31.56413 03 24 18.24 +13 47 52.6          23.4        568
     ALA3Gp  *C2022 10 31.56765 03 24 18.06 +13 47 52.5          23.1        568
     ALA3H1  *C2022 10 31.35875 03 23 58.95 +13 50 04.7          24.0        568
     ALA3iH  *C2022 10 31.55005 03 25 45.84 +13 53 59.6          24.7        568
     ALA3iH  *C2022 10 31.55355 03 25 45.64 +13 53 59.6          24.6        568
     ALA3iH  *C2022 10 31.55708 03 25 45.41 +13 53 59.3          25.5        568
     ALA3iO  *C2022 10 31.56060 03 25 22.18 +14 07 49.8          24.4        568
     ALA3iO  *C2022 10 31.56413 03 25 22.01 +14 07 49.1          24.1        568
     ALA3iO  *C2022 10 31.56765 03 25 21.83 +14 07 48.5          24.3        568
     ALA3iQ  *C2022 10 31.56060 03 25 01.54 +14 04 10.8          24.6        568
     ALA3iQ  *C2022 10 31.56413 03 25 01.41 +14 04 10.3          24.4        568
     ALA3iQ  *C2022 10 31.56765 03 25 01.24 +14 04 09.7          25.4        568
     ALA3iR  *C2022 10 31.56060 03 24 46.55 +14 06 50.4          24.8        568
     ALA3iR  *C2022 10 31.56413 03 24 46.36 +14 06 48.8          24.7        568
     ALA3iR  *C2022 10 31.56765 03 24 46.22 +14 06 47.7          25.3        568
     ALA3j6  *C2022 10 31.56060 03 25 39.61 +13 48 13.0          24.8        568
     ALA3j6  *C2022 10 31.56413 03 25 39.47 +13 48 12.3          24.5        568
     ALA3j6  *C2022 10 31.56765 03 25 39.36 +13 48 11.7          23.9        568
     ALA3j7  *C2022 10 31.56060 03 25 46.61 +13 54 43.8          24.0        568
     ALA3j7  *C2022 10 31.56413 03 25 46.38 +13 54 42.9          24.5        568
     ALA3j7  *C2022 10 31.56765 03 25 46.19 +13 54 42.3          25.0        568
     ALA3jB  *C2022 10 31.56060 03 25 17.35 +13 51 16.3          24.6        568
     ALA3jB  *C2022 10 31.56413 03 25 17.17 +13 51 15.7          24.2        568
     ALA3jB  *C2022 10 31.56765 03 25 17.00 +13 51 15.1          25.1        568
     ALA3jD  *C2022 10 31.56060 03 25 26.44 +13 49 28.6          25.0        568
     ALA3jD  *C2022 10 31.56413 03 25 26.28 +13 49 28.4          24.8        568
     ALA3jD  *C2022 10 31.56765 03 25 26.15 +13 49 28.3          24.8        568
     ALA3jq  *C2022 10 31.56060 03 25 14.75 +13 38 52.9          24.6        568
     ALA3jq  *C2022 10 31.56413 03 25 14.52 +13 38 52.0          24.2        568
     ALA3jq  *C2022 10 31.56765 03 25 14.33 +13 38 51.5          24.5        568
     ALA3jQ  *C2022 10 31.56060 03 23 56.23 +13 57 40.0          24.5        568
     ALA3jQ  *C2022 10 31.56413 03 23 56.01 +13 57 38.9          24.2        568
     ALA3jQ  *C2022 10 31.56765 03 23 55.84 +13 57 38.2          24.6        568
     ALA3jR  *C2022 10 31.56060 03 23 57.58 +13 48 59.5          24.7        568
     ALA3jR  *C2022 10 31.56413 03 23 57.36 +13 48 59.5          24.2        568
     ALA3jR  *C2022 10 31.56765 03 23 57.18 +13 48 59.4          24.4        568
     ALA3jy  *C2022 10 31.56060 03 24 31.95 +13 39 10.8          25.3        568
     ALA3jy  *C2022 10 31.56413 03 24 31.77 +13 39 10.3          24.4        568
     ALA3jy  *C2022 10 31.56765 03 24 31.56 +13 39 09.9          24.7        568
     ALA3P1  *C2022 10 31.56060 03 25 53.77 +13 52 12.4          22.9        568
     ALA3P1  *C2022 10 31.56413 03 25 53.61 +13 52 11.6          23.0        568
     ALA3P1  *C2022 10 31.56765 03 25 53.47 +13 52 10.8          22.8        568
     ALA3P5  *C2022 10 31.56060 03 25 22.62 +13 51 30.6          23.1        568
     ALA3P5  *C2022 10 31.56413 03 25 22.43 +13 51 30.8          23.2        568
     ALA3P5  *C2022 10 31.56765 03 25 22.23 +13 51 31.0          23.2        568
     ALA3Pw  *C2022 10 31.35875 03 24 48.85 +14 09 49.2          24.0        568
     ALA3Pz  *C2022 10 31.35875 03 24 22.85 +14 05 20.9          24.8        568
     ALA3Vw  *C2022 10 31.35875 03 25 01.82 +14 07 50.1          22.8        568
     ALA3Vw  *C2022 10 31.56060 03 24 51.59 +14 06 55.7          22.9        568
     ALA3Vw  *C2022 10 31.56413 03 24 51.42 +14 06 54.7          22.8        568
     ALA3Vw  *C2022 10 31.56765 03 24 51.24 +14 06 53.7          22.9        568
     ALA3Vx  *C2022 10 31.35875 03 24 51.18 +14 08 30.9          25.2        568
     ALA3W2  *C2022 10 31.35875 03 24 34.50 +14 03 20.6          23.9        568
     ALA3W2  *C2022 10 31.56060 03 24 25.45 +14 02 37.2          24.1        568
     ALA3W2  *C2022 10 31.56413 03 24 25.32 +14 02 36.6          24.4        568
     ALA3W2  *C2022 10 31.56765 03 24 25.14 +14 02 35.8          24.1        568
     ALA3WW  *C2022 10 31.35875 03 25 20.29 +13 57 42.8          24.3        568
     ALA3WX  *C2022 10 31.35875 03 25 19.20 +13 57 44.0          24.8        568
     ALA35u  *C2022 10 31.56060 03 24 02.35 +13 57 36.3          23.3        568
     ALA35u  *C2022 10 31.56413 03 24 02.17 +13 57 35.6          23.2        568
     ALA35u  *C2022 10 31.56765 03 24 01.99 +13 57 35.0          23.4        568
     ALA364  *C2022 10 31.56060 03 24 01.54 +13 51 49.7          24.2        568
     ALA364  *C2022 10 31.56413 03 24 01.36 +13 51 48.9          23.9        568
     ALA364  *C2022 10 31.56765 03 24 01.19 +13 51 48.3          23.7        568
     ALA36D  *C2022 10 31.56060 03 23 27.58 +13 55 05.8          23.7        568
     ALA36D  *C2022 10 31.56413 03 23 27.40 +13 55 04.5          23.0        568
     ALA36D  *C2022 10 31.56765 03 23 27.27 +13 55 03.2          23.0        568
     ALA36F  *C2022 10 31.56060 03 22 42.83 +13 57 52.1          23.1        568
     ALA36F  *C2022 10 31.56413 03 22 42.64 +13 57 51.5          23.2        568
     ALA36F  *C2022 10 31.56765 03 22 42.45 +13 57 50.8          23.4        568
     ALA36Y  *C2022 10 31.56060 03 21 53.08 +13 58 10.6          23.9        568
     ALA36Y  *C2022 10 31.56413 03 21 52.97 +13 58 10.3          23.9        568
     ALA36Y  *C2022 10 31.56765 03 21 52.86 +13 58 09.9          23.9        568
     ALA3HD  *C2022 10 31.56060 03 22 02.14 +13 49 06.3          23.1        568
     ALA3HD  *C2022 10 31.56413 03 22 01.96 +13 49 05.8          22.8        568
     ALA3HD  *C2022 10 31.56765 03 22 01.77 +13 49 05.2          23.1        568
     ALA3jb  *C2022 10 31.56060 03 23 04.69 +13 51 59.2          24.4        568
     ALA3jb  *C2022 10 31.56413 03 23 04.53 +13 51 58.4          24.3        568
     ALA3jb  *C2022 10 31.56765 03 23 04.34 +13 51 57.7          23.8        568
     ALA3jB  *C2022 10 31.56060 03 25 17.35 +13 51 16.3          24.6        568
     ALA3jB  *C2022 10 31.56413 03 25 17.17 +13 51 15.7          24.2        568
     ALA3jB  *C2022 10 31.56765 03 25 17.00 +13 51 15.1          25.1        568
     ALA3jg  *C2022 10 31.56060 03 22 39.52 +13 53 08.0          23.0        568
     ALA3jg  *C2022 10 31.56413 03 22 39.35 +13 53 06.2          23.1        568
     ALA3jg  *C2022 10 31.56765 03 22 39.19 +13 53 04.5          23.2        568
     ALA3jj  *C2022 10 31.56060 03 22 16.82 +13 57 28.6          24.1        568
     ALA3jj  *C2022 10 31.56413 03 22 16.63 +13 57 27.6          24.2        568
     ALA3jj  *C2022 10 31.56765 03 22 16.46 +13 57 26.6          23.9        568
     ALA3jQ  *C2022 10 31.56060 03 23 56.23 +13 57 40.0          24.5        568
     ALA3jQ  *C2022 10 31.56413 03 23 56.01 +13 57 38.9          24.2        568
     ALA3jQ  *C2022 10 31.56765 03 23 55.84 +13 57 38.2          24.6        568
     ALA3jR  *C2022 10 31.56060 03 23 57.58 +13 48 59.5          24.7        568
     ALA3jR  *C2022 10 31.56413 03 23 57.36 +13 48 59.5          24.2        568
     ALA3jR  *C2022 10 31.56765 03 23 57.18 +13 48 59.4          24.4        568
     ALA3l2  *C2022 10 31.56060 03 21 51.63 +13 51 32.1          23.8        568
     ALA3l2  *C2022 10 31.56413 03 21 51.48 +13 51 31.4          23.8        568
     ALA3l2  *C2022 10 31.56765 03 21 51.29 +13 51 30.6          23.4        568
     ALA3l4  *C2022 10 31.56060 03 21 42.89 +13 53 47.1          25.3        568
     ALA3l4  *C2022 10 31.56413 03 21 42.77 +13 53 45.8          25.6        568
     ALA3l4  *C2022 10 31.56765 03 21 42.69 +13 53 45.0          24.9        568
     ALA3Qe  *C2022 10 31.56060 03 23 32.15 +13 50 01.5          24.5        568
     ALA3Qe  *C2022 10 31.56413 03 23 31.96 +13 50 00.7          24.4        568
     ALA3Qe  *C2022 10 31.56765 03 23 31.81 +13 50 00.0          24.2        568
     ALA3ud  *C2022 10 31.56060 03 22 17.669+13 53 27.31         24.5 g      568
     ALA3ud  *C2022 10 31.56413 03 22 17.599+13 53 26.92         24.9 g      568
     ALA3ud  *C2022 10 31.56765 03 22 17.479+13 53 26.41         24.6 g      568
     ALA34k  *C2022 10 31.56060 03 24 28.16 +14 02 05.5          22.4        568
     ALA34k  *C2022 10 31.56413 03 24 27.99 +14 02 05.3          22.3        568
     ALA34k  *C2022 10 31.56765 03 24 27.82 +14 02 05.2          22.4        568
     ALA35u  *C2022 10 31.56060 03 24 02.35 +13 57 36.3          23.3        568
     ALA35u  *C2022 10 31.56413 03 24 02.17 +13 57 35.6          23.2        568
     ALA35u  *C2022 10 31.56765 03 24 01.99 +13 57 35.0          23.4        568
     ALA36D  *C2022 10 31.56060 03 23 27.58 +13 55 05.8          23.7        568
     ALA36D  *C2022 10 31.56413 03 23 27.40 +13 55 04.5          23.0        568
     ALA36D  *C2022 10 31.56765 03 23 27.27 +13 55 03.2          23.0        568
     ALA36H  *C2022 10 31.56060 03 22 36.22 +14 01 48.7          23.5        568
     ALA36H  *C2022 10 31.56413 03 22 36.03 +14 01 47.8          24.3        568
     ALA36H  *C2022 10 31.56765 03 22 35.88 +14 01 47.3          23.8        568
     ALA36L  *C2022 10 31.56060 03 22 05.89 +14 02 23.1          24.1        568
     ALA36L  *C2022 10 31.56413 03 22 05.65 +14 02 22.5          23.6        568
     ALA36L  *C2022 10 31.56765 03 22 05.47 +14 02 22.3          23.9        568
     ALA3ih  *C2022 10 31.56060 03 23 40.84 +14 05 48.6          23.6        568
     ALA3ih  *C2022 10 31.56413 03 23 40.73 +14 05 47.6          23.5        568
     ALA3ih  *C2022 10 31.56765 03 23 40.62 +14 05 46.6          23.7        568
     ALA3ij  *C2022 10 31.56060 03 23 39.90 +14 03 28.7          24.4        568
     ALA3ij  *C2022 10 31.56413 03 23 39.72 +14 03 28.0          24.1        568
     ALA3ij  *C2022 10 31.56765 03 23 39.57 +14 03 27.6          24.5        568
     ALA3io  *C2022 10 31.56060 03 22 59.52 +14 04 38.7          23.8        568
     ALA3io  *C2022 10 31.56413 03 22 59.36 +14 04 37.4          23.6        568
     ALA3io  *C2022 10 31.56765 03 22 59.20 +14 04 36.2          23.3        568
     ALA3iq  *C2022 10 31.56060 03 23 06.12 +14 04 28.1          24.6        568
     ALA3iq  *C2022 10 31.56413 03 23 05.94 +14 04 26.5          24.8        568
     ALA3iq  *C2022 10 31.56765 03 23 05.77 +14 04 25.2          25.1        568
     ALA3ix  *C2022 10 31.56060 03 22 13.65 +14 10 03.9          24.2        568
     ALA3ix  *C2022 10 31.56413 03 22 13.46 +14 10 02.5          24.0        568
     ALA3ix  *C2022 10 31.56765 03 22 13.29 +14 10 01.3          24.6        568
     ALA3iy  *C2022 10 31.56060 03 22 10.60 +14 11 52.4          25.3        568
     ALA3iy  *C2022 10 31.56413 03 22 10.42 +14 11 52.7          24.3        568
     ALA3iy  *C2022 10 31.56765 03 22 10.25 +14 11 52.7          24.4        568
     ALA3iz  *C2022 10 31.56060 03 22 08.19 +14 11 57.2          24.2        568
     ALA3iz  *C2022 10 31.56413 03 22 08.02 +14 11 56.2          24.1        568
     ALA3iz  *C2022 10 31.56765 03 22 07.84 +14 11 55.1          24.0        568
     ALA3jB  *C2022 10 31.56060 03 25 17.35 +13 51 16.3          24.6        568
     ALA3jB  *C2022 10 31.56413 03 25 17.17 +13 51 15.7          24.2        568
     ALA3jB  *C2022 10 31.56765 03 25 17.00 +13 51 15.1          25.1        568
     ALA3jQ  *C2022 10 31.56060 03 23 56.23 +13 57 40.0          24.5        568
     ALA3jQ  *C2022 10 31.56413 03 23 56.01 +13 57 38.9          24.2        568
     ALA3jQ  *C2022 10 31.56765 03 23 55.84 +13 57 38.2          24.6        568
     ALA3QH  *C2022 10 31.56060 03 22 08.84 +14 01 48.1          23.3        568
     ALA3QH  *C2022 10 31.56413 03 22 08.66 +14 01 47.2          23.4        568
     ALA3QH  *C2022 10 31.56765 03 22 08.49 +14 01 46.4          23.4        568
     ALA3W2  *C2022 10 31.56060 03 24 25.45 +14 02 37.2          24.1        568
     ALA3W2  *C2022 10 31.56413 03 24 25.32 +14 02 36.6          24.4        568
     ALA3W2  *C2022 10 31.56765 03 24 25.14 +14 02 35.8          24.1        568
