     ALA36w  *C2022 10 29.44756 03 23 27.25 +13 52 33.1          24.1        568
     ALA36w  *C2022 10 29.45109 03 23 27.05 +13 52 30.6          23.9        568
     ALA36w  *C2022 10 29.45463 03 23 26.90 +13 52 28.6          24.0        568
     ALA36w  *C2022 10 29.53968 03 23 23.17 +13 51 42.9          24.4        568
     ALA36w  *C2022 10 30.55806 03 22 40.70 +13 42 30.8          23.7        568
     ALA36w  *C2022 10 30.56161 03 22 40.60 +13 42 29.4          23.5        568
     ALA36w  *C2022 10 30.56513 03 22 40.45 +13 42 27.8          24.0        568
     ALA36w  *C2022 10 31.35170 03 22 07.62 +13 35 20.4          24.2        568
     ALA36w  *C2022 10 31.35523 03 22 07.47 +13 35 18.8          24.6        568
     ALA36w  *C2022 10 31.35875 03 22 07.28 +13 35 16.5          23.9        568


     ALA36q  *C2022 10 31.56060 03 23 04.29 +13 46 04.6          23.7        568
     ALA36q  *C2022 10 31.56413 03 23 04.13 +13 46 03.4          23.5        568
     ALA36q  *C2022 10 31.56765 03 23 03.98 +13 46 02.2          23.3        568
     ALA36u  *C2022 10 31.35875 03 21 39.31 +13 46 24.8          23.1        568
     ALA36w  *C2022 10 31.35875 03 22 07.28 +13 35 16.5          23.9        568
     ALA37D  *C2022 10 31.56060 03 23 10.07 +13 27 47.7          23.6        568
     ALA37D  *C2022 10 31.56413 03 23 09.83 +13 27 46.1          23.1        568
     ALA37D  *C2022 10 31.56765 03 23 09.59 +13 27 44.7          23.2        568
     ALA37K  *C2022 10 31.56060 03 23 14.90 +13 40 01.9          23.2        568
     ALA37K  *C2022 10 31.56413 03 23 14.79 +13 40 01.6          22.9        568
     ALA37K  *C2022 10 31.56765 03 23 14.67 +13 40 01.3          23.0        568
     ALA3HD  *C2022 10 31.56060 03 22 02.14 +13 49 06.3          23.1        568
     ALA3HD  *C2022 10 31.56413 03 22 01.96 +13 49 05.8          22.8        568
     ALA3HD  *C2022 10 31.56765 03 22 01.77 +13 49 05.2          23.1        568
     ALA3jl  *C2022 10 31.56060 03 22 11.40 +13 48 16.1          24.8        568
     ALA3jl  *C2022 10 31.56413 03 22 11.24 +13 48 14.6          24.7        568
     ALA3jl  *C2022 10 31.56765 03 22 11.10 +13 48 13.4          24.6        568
     ALA3kD  *C2022 10 31.56060 03 22 58.90 +13 32 31.3          24.4        568
     ALA3kD  *C2022 10 31.56413 03 22 58.78 +13 32 31.0          24.4        568
     ALA3kD  *C2022 10 31.56765 03 22 58.66 +13 32 30.6          24.5        568
     ALA3kH  *C2022 10 31.56060 03 22 56.54 +13 42 09.8          24.9        568
     ALA3kH  *C2022 10 31.56413 03 22 56.42 +13 42 09.4          24.6        568
     ALA3kH  *C2022 10 31.56765 03 22 56.30 +13 42 09.1          25.1        568
     ALA3kI  *C2022 10 31.56060 03 23 02.03 +13 41 57.1          22.6        568
     ALA3kI  *C2022 10 31.56413 03 23 01.86 +13 41 56.7          22.7        568
     ALA3kI  *C2022 10 31.56765 03 23 01.69 +13 41 56.4          22.7        568
     ALA3kJ  *C2022 10 31.56060 03 22 44.30 +13 31 55.8          23.0        568
     ALA3kJ  *C2022 10 31.56413 03 22 44.10 +13 31 56.3          23.1        568
     ALA3kJ  *C2022 10 31.56765 03 22 43.90 +13 31 56.6          23.1        568
     ALA3kN  *C2022 10 31.56060 03 22 10.77 +13 37 37.0          24.0        568
     ALA3kN  *C2022 10 31.56413 03 22 10.60 +13 37 36.5          24.3        568
     ALA3kN  *C2022 10 31.56765 03 22 10.39 +13 37 36.1          24.3        568
     ALA3kO  *C2022 10 31.56060 03 22 07.93 +13 37 21.3          24.4        568
     ALA3kO  *C2022 10 31.56413 03 22 07.70 +13 37 21.2          24.1        568
     ALA3kO  *C2022 10 31.56765 03 22 07.51 +13 37 21.2          24.4        568
     ALA3kS  *C2022 10 31.56060 03 22 17.00 +13 43 10.4          23.8        568
     ALA3kS  *C2022 10 31.56413 03 22 16.78 +13 43 09.7          23.9        568
     ALA3kS  *C2022 10 31.56765 03 22 16.61 +13 43 09.2          23.7        568
     ALA3kv  *C2022 10 31.56060 03 22 30.99 +13 26 14.6          24.7        568
     ALA3kv  *C2022 10 31.56413 03 22 30.90 +13 26 14.2          24.1        568
     ALA3kv  *C2022 10 31.56765 03 22 30.80 +13 26 13.7          24.3        568
     ALA3l2  *C2022 10 31.56060 03 21 51.63 +13 51 32.1          23.8        568
     ALA3l2  *C2022 10 31.56413 03 21 51.48 +13 51 31.4          23.8        568
     ALA3l2  *C2022 10 31.56765 03 21 51.29 +13 51 30.6          23.4        568
     ALA3l6  *C2022 10 31.56060 03 21 41.25 +13 48 23.8          24.2        568
     ALA3l6  *C2022 10 31.56413 03 21 41.10 +13 48 22.4          24.9        568
     ALA3l6  *C2022 10 31.56765 03 21 40.89 +13 48 21.1          24.6        568
     ALA3lE  *C2022 10 31.56060 03 21 46.24 +13 41 39.9          24.6        568
     ALA3lE  *C2022 10 31.56413 03 21 46.11 +13 41 38.8          25.0        568
     ALA3lE  *C2022 10 31.56765 03 21 46.02 +13 41 38.2          24.4        568
     ALA3Rk  *C2022 10 31.56060 03 23 05.22 +13 28 28.6          22.1        568
     ALA3Rk  *C2022 10 31.56413 03 23 04.99 +13 28 28.6          22.1        568
     ALA3Rk  *C2022 10 31.56765 03 23 04.78 +13 28 29.0          22.0        568
     ALA3RN  *C2022 10 31.56060 03 22 10.79 +13 40 01.8          22.9        568
     ALA3RN  *C2022 10 31.56413 03 22 10.61 +13 40 01.1          22.8        568
     ALA3RN  *C2022 10 31.56765 03 22 10.43 +13 40 00.4          22.8        568
     ALA3RT  *C2022 10 31.56060 03 21 41.65 +13 38 01.4          24.5        568
     ALA3RT  *C2022 10 31.56413 03 21 41.46 +13 38 00.7          24.2        568
     ALA3RT  *C2022 10 31.56765 03 21 41.26 +13 38 00.0          24.0        568
     ALA3RU  *C2022 10 31.35875 03 22 15.73 +13 43 05.3          23.1        568
     ALA3RU  *C2022 10 31.56060 03 22 09.11 +13 42 49.3          23.2        568
     ALA3RU  *C2022 10 31.56413 03 22 08.99 +13 42 49.0          23.0        568
     ALA3RU  *C2022 10 31.56765 03 22 08.87 +13 42 48.7          23.1        568
     ALA3uZ  *C2022 10 31.35875 03 22 32.059+13 20 42.22         24.9 g      568
     ALA3X8  *C2022 10 31.35875 03 22 59.38 +13 40 42.6          23.3        568
     ALA3XB  *C2022 10 31.35875 03 23 00.77 +13 36 58.4          23.8        568
     ALA3XE  *C2022 10 31.35875 03 22 46.19 +13 37 51.9          23.5        568
     ALA3XE  *C2022 10 31.56060 03 22 39.56 +13 37 43.1          24.2        568
     ALA3XE  *C2022 10 31.56413 03 22 39.45 +13 37 42.9          24.1        568
     ALA3XE  *C2022 10 31.56765 03 22 39.34 +13 37 42.8          23.9        568
     ALA3XF  *C2022 10 31.35875 03 22 35.28 +13 35 58.3          23.5        568
     ALA3Xg  *C2022 10 31.35875 03 23 07.26 +13 25 33.8          22.8        568
     ALA3Xg  *C2022 10 31.56060 03 22 56.94 +13 24 56.4          23.1        568
     ALA3Xg  *C2022 10 31.56413 03 22 56.75 +13 24 55.6          22.9        568
     ALA3Xg  *C2022 10 31.56765 03 22 56.56 +13 24 55.0          23.0        568
     ALA3XI  *C2022 10 31.35875 03 22 36.51 +13 35 03.9          23.3        568
     ALA3XJ  *C2022 10 31.35875 03 22 18.82 +13 37 17.4          22.5        568
     ALA3XJ  *C2022 10 31.56060 03 22 09.29 +13 35 43.5          22.4        568
     ALA3XJ  *C2022 10 31.56413 03 22 09.13 +13 35 41.8          22.6        568
     ALA3XJ  *C2022 10 31.56765 03 22 08.96 +13 35 40.2          22.4        568
     P21Bn5x  C2022 11 01.34337303 18 40.758+12 52 12.85         21.55wU     F52
     P21Bn5x  C2022 11 01.36487603 18 39.895+12 52 09.64         21.94wU     F52
     P21Bn5x  C2022 11 01.37569903 18 39.494+12 52 07.22         21.93wU     F52
     ALA3kN  *C2022 10 31.56060 03 22 10.77 +13 37 37.0          24.0        568
     ALA3kN  *C2022 10 31.56413 03 22 10.60 +13 37 36.5          24.3        568
     ALA3kN  *C2022 10 31.56765 03 22 10.39 +13 37 36.1          24.3        568
     ALA3kO  *C2022 10 31.56060 03 22 07.93 +13 37 21.3          24.4        568
     ALA3kO  *C2022 10 31.56413 03 22 07.70 +13 37 21.2          24.1        568
     ALA3kO  *C2022 10 31.56765 03 22 07.51 +13 37 21.2          24.4        568
     ALA3RN  *C2022 10 31.56060 03 22 10.79 +13 40 01.8          22.9        568
     ALA3RN  *C2022 10 31.56413 03 22 10.61 +13 40 01.1          22.8        568
     ALA3RN  *C2022 10 31.56765 03 22 10.43 +13 40 00.4          22.8        568
     ALA3XJ  *C2022 10 31.56060 03 22 09.29 +13 35 43.5          22.4        568
     ALA3XJ  *C2022 10 31.56413 03 22 09.13 +13 35 41.8          22.6        568
     ALA3XJ  *C2022 10 31.56765 03 22 08.96 +13 35 40.2          22.4        568
     ALA3kN  *C2022 10 31.56060 03 22 10.77 +13 37 37.0          24.0        568
     ALA3kN  *C2022 10 31.56413 03 22 10.60 +13 37 36.5          24.3        568
     ALA3kN  *C2022 10 31.56765 03 22 10.39 +13 37 36.1          24.3        568
     ALA3kO  *C2022 10 31.56060 03 22 07.93 +13 37 21.3          24.4        568
     ALA3kO  *C2022 10 31.56413 03 22 07.70 +13 37 21.2          24.1        568
     ALA3kO  *C2022 10 31.56765 03 22 07.51 +13 37 21.2          24.4        568
     ALA3RN  *C2022 10 31.56060 03 22 10.79 +13 40 01.8          22.9        568
     ALA3RN  *C2022 10 31.56413 03 22 10.61 +13 40 01.1          22.8        568
     ALA3RN  *C2022 10 31.56765 03 22 10.43 +13 40 00.4          22.8        568
     ALA3RT  *C2022 10 31.56060 03 21 41.65 +13 38 01.4          24.5        568
     ALA3RT  *C2022 10 31.56413 03 21 41.46 +13 38 00.7          24.2        568
     ALA3RT  *C2022 10 31.56765 03 21 41.26 +13 38 00.0          24.0        568
     ALA3XJ  *C2022 10 31.56060 03 22 09.29 +13 35 43.5          22.4        568
     ALA3XJ  *C2022 10 31.56413 03 22 09.13 +13 35 41.8          22.6        568
     ALA3XJ  *C2022 10 31.56765 03 22 08.96 +13 35 40.2          22.4        568
