     AST045 * C2017 05 23.68196 11 43 27.06 -04 31 51.7          18.1 Vq     C97
     AST045   C2017 05 23.72331 11 43 26.72 -04 32 14.1          17.8 Vq     C97
     AST045   C2017 10 28.65902 00 02 26.87 +01 53 32.6          17.1 Vq     C97
     AST045   C2017 10 28.72484 00 02 27.17 +01 53 27.2          17.1 Vq     C97
     AST045  2S2022 12 03.85169 23 06 28.94 -05 03 07.0          24.2 V      274
     AST045  2S2022 12 03.86759 23 06 29.59 -05 02 59.4          24.2 V      274
     AST045  2S2022 12 03.88349 23 06 30.25 -05 02 51.7          24.2 V      274


     AST044  2S2022 12 03.88349 23 06 33.78 -05 03 06.4          26.6 V      274
     AST045  2S2022 12 03.88349 23 06 30.25 -05 02 51.7          24.2 V      274
     AST046  2S2022 12 03.89168 23 06 29.38 -05 03 46.2          26.3 V      274
     AST046  2S2022 12 03.90758 23 06 29.92 -05 03 42.7          26.3 V      274
     AST046  2S2022 12 03.89168 23 06 29.38 -05 03 46.2          26.3 V      274
     AST046  2S2022 12 03.90758 23 06 29.92 -05 03 42.7          26.3 V      274
     AST046  2S2022 12 03.89168 23 06 29.38 -05 03 46.2          26.3 V      274
     AST046  2S2022 12 03.90758 23 06 29.92 -05 03 42.7          26.3 V      274
