     ALA35V  *C2022 10 29.43698 03 27 58.82 +13 40 55.7          23.9        568
     ALA35V  *C2022 10 29.44050 03 27 58.61 +13 40 54.7          23.8        568
     ALA35V  *C2022 10 29.44403 03 27 58.46 +13 40 53.7          24.6        568
     ALA35V  *C2022 10 29.52910 03 27 54.06 +13 40 32.2          23.1        568
     ALA35V  *C2022 10 30.54741 03 27 03.94 +13 36 10.9          24.3        568
     ALA35V  *C2022 10 30.55094 03 27 03.76 +13 36 09.8          24.5        568
     ALA35V  *C2022 10 30.55448 03 27 03.60 +13 36 09.2          24.4        568
     ALA35V  *C2022 10 31.56060 03 26 13.13 +13 31 49.1          24.1        568
     ALA35V  *C2022 10 31.56413 03 26 12.98 +13 31 48.5          24.2        568
     ALA35V  *C2022 10 31.56765 03 26 12.77 +13 31 47.5          24.0        568


     ALA356  *C2022 10 31.56765 03 25 37.96 +13 41 19.1          23.1        568
     ALA35V  *C2022 10 31.56765 03 26 12.77 +13 31 47.5          24.0        568
     ALA37D  *C2022 10 31.56765 03 23 09.59 +13 27 44.7          23.2        568
     ALA3Ff  *C2022 10 31.56765 03 26 14.12 +13 38 57.8          23.6        568
     ALA3Hy  *C2022 10 31.56765 03 23 10.62 +13 23 14.8          23.6        568
     ALA3i0  *C2022 10 31.56765 03 26 10.28 +13 35 14.3          24.9        568
     ALA3jm  *C2022 10 31.56765 03 25 44.68 +13 39 56.2          24.4        568
     ALA3jn  *C2022 10 31.56765 03 25 52.48 +13 39 37.2          25.3        568
     ALA3jq  *C2022 10 31.56765 03 25 14.33 +13 38 51.5          24.5        568
     ALA3js  *C2022 10 31.56765 03 25 22.74 +13 34 14.5          24.0        568
     ALA3kB  *C2022 10 31.56765 03 23 29.94 +13 34 03.1          25.5        568
     ALA3kD  *C2022 10 31.56765 03 22 58.66 +13 32 30.6          24.5        568
     ALA3kg  *C2022 10 31.56765 03 23 28.67 +13 25 06.7          24.8        568
     ALA3kH  *C2022 10 31.56765 03 22 56.30 +13 42 09.1          25.1        568
     ALA3ki  *C2022 10 31.56765 03 23 32.57 +13 27 14.3          24.3        568
     ALA3kI  *C2022 10 31.56765 03 23 01.69 +13 41 56.4          22.7        568
     ALA3kJ  *C2022 10 31.56765 03 22 43.90 +13 31 56.6          23.1        568
     ALA3kN  *C2022 10 31.56765 03 22 10.39 +13 37 36.1          24.3        568
     ALA3ko  *C2022 10 31.56765 03 23 03.58 +13 20 46.7          24.8        568
     ALA3kO  *C2022 10 31.56765 03 22 07.51 +13 37 21.2          24.4        568
     ALA3kp  *C2022 10 31.56765 03 23 01.84 +13 20 45.3          24.2        568
     ALA3kS  *C2022 10 31.56765 03 22 16.61 +13 43 09.2          23.7        568
     ALA3kU  *C2022 10 31.56765 03 25 46.43 +13 22 09.1          23.0        568
     ALA3kv  *C2022 10 31.56765 03 22 30.80 +13 26 13.7          24.3        568
     ALA3Pb  *C2022 10 31.56765 03 25 16.49 +13 35 06.5          23.2        568
     ALA3PZ  *C2022 10 31.56765 03 26 13.53 +13 34 53.9          23.7        568
     ALA3Qz  *C2022 10 31.56765 03 25 02.57 +13 34 04.3          23.1        568
     ALA3Rk  *C2022 10 31.56765 03 23 04.78 +13 28 29.0          22.0        568
     ALA3RN  *C2022 10 31.56765 03 22 10.43 +13 40 00.4          22.8        568
     ALA3RT  *C2022 10 31.56765 03 21 41.26 +13 38 00.0          24.0        568
     ALA3RU  *C2022 10 31.56765 03 22 08.87 +13 42 48.7          23.1        568
     ALA3XE  *C2022 10 31.56765 03 22 39.34 +13 37 42.8          23.9        568
     ALA3Xg  *C2022 10 31.56765 03 22 56.56 +13 24 55.0          23.0        568
     ALA3XJ  *C2022 10 31.56765 03 22 08.96 +13 35 40.2          22.4        568
