     ALA32T  *C2022 10 29.42640 03 31 36.75 +14 02 52.6          24.0        568
     ALA32T  *C2022 10 29.42993 03 31 36.59 +14 02 52.9          23.6        568
     ALA32T  *C2022 10 29.43345 03 31 36.43 +14 02 53.1          23.7        568
     ALA32T  *C2022 10 29.51851 03 31 32.11 +14 02 57.7          23.6        568
     ALA32T  *C2022 10 29.52205 03 31 31.94 +14 02 57.9          23.9        568
     ALA32T  *C2022 10 29.52558 03 31 31.76 +14 02 58.2          23.7        568
     ALA32T  *C2022 10 30.53674 03 30 42.01 +14 03 54.2          23.5        568
     ALA32T  *C2022 10 30.54031 03 30 41.82 +14 03 54.4          23.4        568
     ALA32T  *C2022 10 30.54384 03 30 41.65 +14 03 54.6          23.3        568
     ALA32T  *C2022 10 31.53946 03 29 51.71 +14 04 49.5          23.3        568
     ALA32T  *C2022 10 31.54299 03 29 51.53 +14 04 49.7          23.6        568
     ALA32T  *C2022 10 31.54652 03 29 51.40 +14 04 49.8          24.2        568
     ALA32T  *C2022 10 31.55005 03 29 51.15 +14 04 49.7          23.6        568
     ALA32T  *C2022 10 31.55355 03 29 50.96 +14 04 49.9          23.6        568
     ALA32T  *C2022 10 31.55708 03 29 50.77 +14 04 50.0          23.5        568


     ALA32a  *C2022 10 31.55708 03 29 42.41 +13 58 03.8          24.1        568
     ALA32Q  *C2022 10 31.55708 03 30 17.74 +14 05 05.3          24.0        568
     ALA32R  *C2022 10 31.55708 03 30 16.40 +14 07 18.8          23.5        568
     ALA32T  *C2022 10 31.55708 03 29 50.77 +14 04 50.0          23.5        568
     ALA32u  *C2022 10 31.55708 03 29 44.05 +13 47 28.9          22.1        568
     ALA32X  *C2022 10 31.55708 03 28 48.69 +14 03 06.1          23.9        568
     ALA33j  *C2022 10 31.55708 03 26 45.56 +14 11 40.7          24.2        568
     ALA33q  *C2022 10 31.55708 03 26 16.60 +14 19 44.8          23.5        568
     ALA33w  *C2022 10 31.55708 03 26 35.08 +14 11 24.2          23.9        568
     ALA345  *C2022 10 31.56060 03 24 56.59 +14 10 52.9          22.8        568
     ALA345  *C2022 10 31.56413 03 24 56.40 +14 10 51.9          22.9        568
     ALA345  *C2022 10 31.56765 03 24 56.21 +14 10 50.8          22.9        568
     ALA34A  *C2022 10 31.56060 03 24 34.37 +14 11 14.7          23.5        568
     ALA34A  *C2022 10 31.56413 03 24 34.18 +14 11 13.9          23.8        568
     ALA34A  *C2022 10 31.56765 03 24 34.01 +14 11 13.1          23.8        568
     ALA34c  *C2022 10 31.56060 03 25 20.01 +13 56 46.4          24.3        568
     ALA34c  *C2022 10 31.56413 03 25 19.87 +13 56 45.8          24.1        568
     ALA34c  *C2022 10 31.56765 03 25 19.70 +13 56 45.0          24.0        568
     ALA34k  *C2022 10 31.56060 03 24 28.16 +14 02 05.5          22.4        568
     ALA34k  *C2022 10 31.56413 03 24 27.99 +14 02 05.3          22.3        568
     ALA34k  *C2022 10 31.56765 03 24 27.82 +14 02 05.2          22.4        568
     ALA34O  *C2022 10 31.55708 03 26 31.78 +14 02 15.9          23.4        568
     ALA34T  *C2022 10 31.55708 03 26 14.26 +13 57 23.9          23.5        568
     ALA34T  *C2022 10 31.56060 03 26 14.05 +13 57 23.5          23.2        568
     ALA34T  *C2022 10 31.56413 03 26 13.86 +13 57 23.2          23.4        568
     ALA34T  *C2022 10 31.56765 03 26 13.65 +13 57 22.7          23.3        568
     ALA34V  *C2022 10 31.55708 03 25 50.83 +13 56 40.6          22.9        568
     ALA34V  *C2022 10 31.56060 03 25 50.63 +13 56 40.2          22.8        568
     ALA34V  *C2022 10 31.56413 03 25 50.46 +13 56 39.7          22.8        568
     ALA34V  *C2022 10 31.56765 03 25 50.27 +13 56 39.0          22.8        568
     ALA34W  *C2022 10 31.55708 03 25 48.61 +14 01 16.8          23.6        568
     ALA35u  *C2022 10 31.56060 03 24 02.35 +13 57 36.3          23.3        568
     ALA35u  *C2022 10 31.56413 03 24 02.17 +13 57 35.6          23.2        568
     ALA35u  *C2022 10 31.56765 03 24 01.99 +13 57 35.0          23.4        568
     ALA3FA  *C2022 10 31.56060 03 25 17.94 +13 47 24.6          23.7        568
     ALA3FA  *C2022 10 31.56413 03 25 17.76 +13 47 24.4          23.8        568
     ALA3FA  *C2022 10 31.56765 03 25 17.58 +13 47 24.4          23.8        568
     ALA3Fz  *C2022 10 31.55708 03 28 45.97 +14 02 00.0          23.1        568
     ALA3g3  *C2022 10 31.55708 03 26 09.58 +14 20 28.8          24.5        568
     ALA3g8  *C2022 10 31.55708 03 29 17.38 +14 09 27.2          24.5        568
     ALA3gA  *C2022 10 31.55708 03 28 54.24 +14 06 04.2          24.4        568
     ALA3gb  *C2022 10 31.55708 03 26 38.26 +14 06 11.0          23.8        568
     ALA3ge  *C2022 10 31.55708 03 26 31.62 +14 10 04.8          25.2        568
     ALA3GH  *C2022 10 31.56060 03 24 16.96 +14 07 58.1          23.1        568
     ALA3GH  *C2022 10 31.56413 03 24 16.77 +14 07 57.6          22.8        568
     ALA3GH  *C2022 10 31.56765 03 24 16.59 +14 07 56.9          22.9        568
     ALA3gk  *C2022 10 31.55708 03 26 09.55 +14 05 31.4          24.9        568
     ALA3gl  *C2022 10 31.55708 03 26 16.38 +14 07 08.7          24.1        568
     ALA3GN  *C2022 10 31.56060 03 23 59.76 +14 06 14.7          24.8        568
     ALA3GN  *C2022 10 31.56413 03 23 59.59 +14 06 14.0          24.9        568
     ALA3GN  *C2022 10 31.56765 03 23 59.46 +14 06 13.5          25.3        568
     ALA3gZ  *C2022 10 31.55708 03 26 33.71 +14 04 43.2          23.9        568
     ALA3hS  *C2022 10 31.55708 03 26 03.67 +13 47 12.5          22.6        568
     ALA3hW  *C2022 10 31.55708 03 26 17.70 +13 58 04.9          23.5        568
     ALA3hW  *C2022 10 31.56060 03 26 17.51 +13 58 05.0          23.7        568
     ALA3hW  *C2022 10 31.56413 03 26 17.33 +13 58 04.7          23.6        568
     ALA3hW  *C2022 10 31.56765 03 26 17.11 +13 58 04.3          23.8        568
     ALA3i9  *C2022 10 31.55708 03 25 42.33 +14 09 21.9          24.4        568
     ALA3iB  *C2022 10 31.55708 03 25 45.12 +14 10 56.6          23.4        568
     ALA3iB  *C2022 10 31.56060 03 25 44.93 +14 10 55.5          23.6        568
     ALA3iB  *C2022 10 31.56413 03 25 44.76 +14 10 54.7          23.7        568
     ALA3iB  *C2022 10 31.56765 03 25 44.59 +14 10 53.9          23.3        568
     ALA3iE  *C2022 10 31.55708 03 30 13.31 +13 59 02.8          23.8        568
     ALA3iH  *C2022 10 31.55708 03 25 45.41 +13 53 59.3          25.5        568
     ALA3iO  *C2022 10 31.56060 03 25 22.18 +14 07 49.8          24.4        568
     ALA3iO  *C2022 10 31.56413 03 25 22.01 +14 07 49.1          24.1        568
     ALA3iO  *C2022 10 31.56765 03 25 21.83 +14 07 48.5          24.3        568
     ALA3iQ  *C2022 10 31.56060 03 25 01.54 +14 04 10.8          24.6        568
     ALA3iQ  *C2022 10 31.56413 03 25 01.41 +14 04 10.3          24.4        568
     ALA3iQ  *C2022 10 31.56765 03 25 01.24 +14 04 09.7          25.4        568
     ALA3iR  *C2022 10 31.56060 03 24 46.55 +14 06 50.4          24.8        568
     ALA3iR  *C2022 10 31.56413 03 24 46.36 +14 06 48.8          24.7        568
     ALA3iR  *C2022 10 31.56765 03 24 46.22 +14 06 47.7          25.3        568
     ALA3j6  *C2022 10 31.56060 03 25 39.61 +13 48 13.0          24.8        568
     ALA3j6  *C2022 10 31.56413 03 25 39.47 +13 48 12.3          24.5        568
     ALA3j6  *C2022 10 31.56765 03 25 39.36 +13 48 11.7          23.9        568
     ALA3j7  *C2022 10 31.56060 03 25 46.61 +13 54 43.8          24.0        568
     ALA3j7  *C2022 10 31.56413 03 25 46.38 +13 54 42.9          24.5        568
     ALA3j7  *C2022 10 31.56765 03 25 46.19 +13 54 42.3          25.0        568
     ALA3jB  *C2022 10 31.56060 03 25 17.35 +13 51 16.3          24.6        568
     ALA3jB  *C2022 10 31.56413 03 25 17.17 +13 51 15.7          24.2        568
     ALA3jB  *C2022 10 31.56765 03 25 17.00 +13 51 15.1          25.1        568
     ALA3jD  *C2022 10 31.56060 03 25 26.44 +13 49 28.6          25.0        568
     ALA3jD  *C2022 10 31.56413 03 25 26.28 +13 49 28.4          24.8        568
     ALA3jD  *C2022 10 31.56765 03 25 26.15 +13 49 28.3          24.8        568
     ALA3MC  #C2022 10 31.55708 03 29 32.570+13 57 56.02                     T14
     ALA3NJ  *C2022 10 31.55708 03 29 43.97 +14 02 10.6          22.3        568
     ALA3Oe  *C2022 10 31.55708 03 25 36.99 +14 09 50.9          24.8        568
     ALA3P1  *C2022 10 31.56060 03 25 53.77 +13 52 12.4          22.9        568
     ALA3P1  *C2022 10 31.56413 03 25 53.61 +13 52 11.6          23.0        568
     ALA3P1  *C2022 10 31.56765 03 25 53.47 +13 52 10.8          22.8        568
     ALA3P5  *C2022 10 31.56060 03 25 22.62 +13 51 30.6          23.1        568
     ALA3P5  *C2022 10 31.56413 03 25 22.43 +13 51 30.8          23.2        568
     ALA3P5  *C2022 10 31.56765 03 25 22.23 +13 51 31.0          23.2        568
     ALA3Py  *C2022 10 31.56060 03 24 07.29 +14 11 44.6          22.8        568
     ALA3Py  *C2022 10 31.56413 03 24 07.12 +14 11 44.2          22.8        568
     ALA3Py  *C2022 10 31.56765 03 24 06.94 +14 11 43.8          22.9        568
     ALA3Vu  *C2022 10 31.56060 03 25 16.18 +14 13 36.6          22.4        568
     ALA3Vu  *C2022 10 31.56413 03 25 16.00 +14 13 36.4          22.2        568
     ALA3Vu  *C2022 10 31.56765 03 25 15.82 +14 13 36.4          22.3        568
     ALA3Vw  *C2022 10 31.56060 03 24 51.59 +14 06 55.7          22.9        568
     ALA3Vw  *C2022 10 31.56413 03 24 51.42 +14 06 54.7          22.8        568
     ALA3Vw  *C2022 10 31.56765 03 24 51.24 +14 06 53.7          22.9        568
     ALA3W2  *C2022 10 31.56060 03 24 25.45 +14 02 37.2          24.1        568
     ALA3W2  *C2022 10 31.56413 03 24 25.32 +14 02 36.6          24.4        568
     ALA3W2  *C2022 10 31.56765 03 24 25.14 +14 02 35.8          24.1        568
     ALA3W5  *C2022 10 31.56060 03 24 16.87 +14 11 52.2          23.4        568
     ALA3W5  *C2022 10 31.56413 03 24 16.69 +14 11 51.5          23.4        568
     ALA3W5  *C2022 10 31.56765 03 24 16.51 +14 11 50.7          23.5        568
     ALA3hW  *C2022 10 31.56060 03 26 17.51 +13 58 05.0          23.7        568
     ALA3hW  *C2022 10 31.56413 03 26 17.33 +13 58 04.7          23.6        568
     ALA3hW  *C2022 10 31.56765 03 26 17.11 +13 58 04.3          23.8        568
     ALA3iO  *C2022 10 31.56060 03 25 22.18 +14 07 49.8          24.4        568
     ALA3iO  *C2022 10 31.56413 03 25 22.01 +14 07 49.1          24.1        568
     ALA3iO  *C2022 10 31.56765 03 25 21.83 +14 07 48.5          24.3        568
     ALA3iB  *C2022 10 31.56060 03 25 44.93 +14 10 55.5          23.6        568
     ALA3iB  *C2022 10 31.56413 03 25 44.76 +14 10 54.7          23.7        568
     ALA3iB  *C2022 10 31.56765 03 25 44.59 +14 10 53.9          23.3        568
     ALA3iO  *C2022 10 31.56060 03 25 22.18 +14 07 49.8          24.4        568
     ALA3iO  *C2022 10 31.56413 03 25 22.01 +14 07 49.1          24.1        568
     ALA3iO  *C2022 10 31.56765 03 25 21.83 +14 07 48.5          24.3        568
