     AST044 * C2017 05 23.68196 11 43 26.07 -04 33 51.0          17.7 Vq     C97
     AST044   C2017 05 23.72331 11 43 25.42 -04 33 56.3          18.0 Vq     C97
     AST044   C2017 10 28.64344 00 25 46.23 +00 17 02.4          17.1 Vq     C97
     AST044   C2017 10 28.70692 00 25 46.30 +00 17 15.7          17.1 Vq     C97
     AST044  2S2022 12 03.85169 23 06 32.21 -05 03 17.1          26.6 V      274
     AST044  2S2022 12 03.86759 23 06 33.00 -05 03 11.7          26.6 V      274
     AST044  2S2022 12 03.88349 23 06 33.78 -05 03 06.4          26.6 V      274


     AST044  2S2022 12 03.88349 23 06 33.78 -05 03 06.4          26.6 V      274
     AST045  2S2022 12 03.88349 23 06 30.25 -05 02 51.7          24.2 V      274
     AST046  2S2022 12 03.89168 23 06 29.38 -05 03 46.2          26.3 V      274
     AST046  2S2022 12 03.90758 23 06 29.92 -05 03 42.7          26.3 V      274
     AST046  2S2022 12 03.89168 23 06 29.38 -05 03 46.2          26.3 V      274
     AST046  2S2022 12 03.90758 23 06 29.92 -05 03 42.7          26.3 V      274
     AST046  2S2022 12 03.89168 23 06 29.38 -05 03 46.2          26.3 V      274
     AST046  2S2022 12 03.90758 23 06 29.92 -05 03 42.7          26.3 V      274
