     AST015 * C2017 04 15.67987 11 29 06.68 +04 02 47.5          17.0 Vq     C97
     AST015   C2017 04 15.72446 11 29 03.65 +04 02 44.1          18.1 Vq     C97
     AST015   C2018 03 22.71839 09 01 18.25 +10 32 40.4          18.4 Vq     C97
     AST015   C2018 03 22.78129 09 01 19.39 +10 32 31.7          17.7 Vq     C97
     AST015  2S2022 11 12.73091 23 06 29.69 -05 03 51.1          26.4 V      274
     AST015  2S2022 11 12.74680 23 06 30.38 -05 03 47.5          26.4 V      274
     AST015  2S2022 11 12.76270 23 06 31.07 -05 03 43.8          26.4 V      274


     AST012  2S2022 11 12.81931 23 06 31.04 -05 03 26.6          27.2 V      274
     AST014  2S2022 11 12.76270 23 06 31.87 -05 03 51.0          24.6 V      274
     AST015  2S2022 11 12.76270 23 06 31.07 -05 03 43.8          26.4 V      274
     AST012  2S2022 11 12.81931 23 06 31.04 -05 03 26.6          27.2 V      274
     AST012  2S2022 11 12.81931 23 06 31.04 -05 03 26.6          27.2 V      274
