     ALA3AR  *C2022 10 29.50791 03 33 50.93 +14 38 14.5          23.0        568
     ALA3AR  *C2022 10 29.51142 03 33 50.75 +14 38 14.9          23.1        568
     ALA3AR  *C2022 10 29.51495 03 33 50.57 +14 38 15.3          23.2        568
     ALA3AR  *C2022 10 29.51851 03 33 50.36 +14 38 15.5          23.3        568
     ALA3AR  *C2022 10 29.52205 03 33 50.18 +14 38 15.8          23.1        568
     ALA3AR  *C2022 10 29.52558 03 33 50.00 +14 38 16.2          23.2        568
     ALA3AR  *C2022 10 30.53674 03 32 59.72 +14 40 19.7          23.5        568
     ALA3AR  *C2022 10 30.54031 03 32 59.49 +14 40 20.2          23.2        568
     ALA3AR  *C2022 10 30.54384 03 32 59.31 +14 40 20.7          23.3        568
     ALA3AR  *C2022 10 30.63385 03 32 54.64 +14 40 31.2          23.2        568
     ALA3AR  *C2022 10 30.63738 03 32 54.44 +14 40 31.6          23.3        568
     ALA3AR  *C2022 10 30.64089 03 32 54.27 +14 40 32.0          23.2        568
     ALA3AR  *C2022 10 31.53946 03 32 08.72 +14 42 22.8          23.0        568
     ALA3AR  *C2022 10 31.54299 03 32 08.53 +14 42 23.4          23.0        568
     ALA3AR  *C2022 10 31.54652 03 32 08.34 +14 42 23.6          23.0        568


     ALA2zt  *C2022 10 31.54652 03 33 15.69 +14 38 18.8          23.9        568
     ALA31D  *C2022 10 31.54652 03 31 59.76 +14 27 02.0          24.3        568
     ALA31E  *C2022 10 31.54652 03 32 58.13 +14 34 36.1          24.2        568
     ALA31J  *C2022 10 31.54652 03 31 50.54 +14 35 25.3          23.4        568
     ALA38d  *C2022 10 31.54652 03 32 34.55 +14 41 22.3          22.8        568
     ALA3AR  *C2022 10 31.54652 03 32 08.34 +14 42 23.6          23.0        568
     ALA3d3  *C2022 10 31.54652 03 32 45.72 +14 34 56.7          24.9        568
     ALA3d4  *C2022 10 31.54652 03 32 43.85 +14 35 18.1          24.7        568
     ALA3d5  *C2022 10 31.54652 03 32 52.09 +14 37 25.7          25.0        568
     ALA3d6  *C2022 10 31.54652 03 32 45.39 +14 42 47.8          23.6        568
     ALA3dA  *C2022 10 31.54652 03 32 34.03 +14 36 42.4          24.9        568
     ALA3dB  *C2022 10 31.54652 03 32 27.52 +14 40 17.4          24.6        568
     ALA3dD  *C2022 10 31.54652 03 32 17.35 +14 40 50.5          23.2        568
     ALA3dM  *C2022 10 31.54652 03 31 29.63 +14 33 59.9          24.4        568
     ALA3ds  *C2022 10 31.54652 03 31 58.04 +14 28 22.5          24.5        568
     ALA3dv  *C2022 10 31.54652 03 31 55.58 +14 27 39.2          23.0        568
     ALA3fo  *C2022 10 31.55005 03 27 59.71 +14 28 40.1          22.0        568
     ALA3fo  *C2022 10 31.55355 03 27 59.59 +14 28 39.6          22.1        568
     ALA3fo  *C2022 10 31.55708 03 27 59.49 +14 28 39.0          22.1        568
     ALA3fv  *C2022 10 31.55005 03 27 00.35 +14 25 09.4          24.6        568
     ALA3fv  *C2022 10 31.55355 03 27 00.08 +14 25 08.2          23.9        568
     ALA3fv  *C2022 10 31.55708 03 26 59.83 +14 25 07.1          23.7        568
     ALA3fw  *C2022 10 31.55005 03 27 04.01 +14 27 03.6          24.4        568
     ALA3fw  *C2022 10 31.55355 03 27 03.77 +14 27 02.9          24.4        568
     ALA3fw  *C2022 10 31.55708 03 27 03.54 +14 27 02.0          24.4        568
     ALA3fz  *C2022 10 31.55005 03 26 41.77 +14 27 34.8          23.8        568
     ALA3fz  *C2022 10 31.55355 03 26 41.56 +14 27 33.5          23.9        568
     ALA3fz  *C2022 10 31.55708 03 26 41.30 +14 27 32.1          24.4        568
     ALA3g0  *C2022 10 31.55005 03 26 40.78 +14 28 16.4          22.8        568
     ALA3g0  *C2022 10 31.55355 03 26 40.62 +14 28 15.0          22.8        568
     ALA3g0  *C2022 10 31.55708 03 26 40.47 +14 28 13.4          22.9        568
     ALA3g1  *C2022 10 31.55005 03 26 12.06 +14 28 23.1          24.6        568
     ALA3g1  *C2022 10 31.55355 03 26 11.89 +14 28 22.9          24.3        568
     ALA3g1  *C2022 10 31.55708 03 26 11.73 +14 28 22.2          24.4        568
     ALA3Ju  *C2022 10 31.54652 03 33 15.44 +14 36 42.4          23.8        568
     ALA3Ni  *C2022 10 31.55005 03 28 02.39 +14 26 31.1          23.4        568
     ALA3Ni  *C2022 10 31.55355 03 28 02.19 +14 26 30.6          23.4        568
     ALA3Ni  *C2022 10 31.55708 03 28 01.99 +14 26 30.0          23.4        568
     ALA3ub  *C2022 10 31.55005 03 26 35.119+14 25 40.58         24.7 g      568
     ALA3ub  *C2022 10 31.55355 03 26 35.191+14 25 40.19         25.0 g      568
     ALA3ub  *C2022 10 31.55708 03 26 35.280+14 25 40.12         24.5 g      568
     P21Bn8f  C2022 11 01.34778403 31 48.757+14 53 09.48         21.75wU     F52
     P21Bn8f  C2022 11 01.35854303 31 48.246+14 53 05.50         21.51wU     F52
     P21Bn8f  C2022 11 01.38010903 31 47.181+14 52 56.22         21.67wU     F52
