     bi860B *KC2016 12 03.93739 04 39 10.12 +26 27 13.0                S     621
     bi860B  KC2016 12 04.01935 04 39 04.59 +26 27 00.1                S     621
     bi860B  KC2016 12 04.05451 04 39 02.28 +26 26 54.5          22.1 VS     621
     bi860B  KC2016 12 04.96499 04 38 03.25 +26 24 22.4                S     621
     bi860B  KC2016 12 05.01072 04 38 00.03 +26 24 14.9                S     621
     bi860B  KC2016 12 05.04588 04 37 57.71 +26 24 09.2          22.1 VS     621


     bi856B  KC2016 12 05.04588 04 38 40.79 +26 17 04.3          22.1 VS     621
     bi860B  KC2016 12 05.04588 04 37 57.71 +26 24 09.2          22.1 VS     621
     XXB8A01* C2016 12 08.35740 04 38 53.58 +26 26 28.7          20.6 Vq     G96
     XXB8A01  C2016 12 08.37305 04 38 52.71 +26 26 26.6          20.2 Vq     G96
     XXB8A01  C2016 12 08.37861 04 38 52.41 +26 26 24.4          20.1 Vq     G96
     XXB8A01  C2016 12 08.38290 04 38 52.08 +26 26 24.0          20.9 Vq     G96
     XXB8A79* C2016 12 08.35740 04 37 33.90 +26 27 29.5          19.7 Vq     G96
     XXB8A79  C2016 12 08.37305 04 37 32.91 +26 27 24.9          19.6 Vq     G96
     XXB8A79  C2016 12 08.37861 04 37 32.54 +26 27 23.4          19.8 Vq     G96
     XXB8A79  C2016 12 08.38290 04 37 32.26 +26 27 22.5          20.0 Vq     G96
     XXB8AAA* C2016 12 08.37305 04 37 39.87 +26 26 54.0          18.6 Vq     G96
     XXB8AAA  C2016 12 08.37861 04 37 39.60 +26 26 53.3          18.5 Vq     G96
     XXB8AAA  C2016 12 08.38290 04 37 39.44 +26 26 52.7          18.6 Vq     G96
     bi928B *KC2016 12 05.89942 04 34 11.95 +26 14 47.4                S     621
     bi928B  KC2016 12 05.93456 04 34 09.30 +26 14 48.3                S     621
     bi928B  KC2016 12 05.99172 04 34 05.06 +26 14 49.2          21.9 VS     621
     XXB8A79* C2016 12 08.35740 04 37 33.90 +26 27 29.5          19.7 Vq     G96
     XXB8A79  C2016 12 08.37305 04 37 32.91 +26 27 24.9          19.6 Vq     G96
     XXB8A79  C2016 12 08.37861 04 37 32.54 +26 27 23.4          19.8 Vq     G96
     XXB8A79  C2016 12 08.38290 04 37 32.26 +26 27 22.5          20.0 Vq     G96
     XXB8AAA* C2016 12 08.37305 04 37 39.87 +26 26 54.0          18.6 Vq     G96
     XXB8AAA  C2016 12 08.37861 04 37 39.60 +26 26 53.3          18.5 Vq     G96
     XXB8AAA  C2016 12 08.38290 04 37 39.44 +26 26 52.7          18.6 Vq     G96
     XXB8AC0* C2016 12 08.35740 04 34 50.39 +26 20 17.1          21.3 Vq     G96
     XXB8AC0  C2016 12 08.37305 04 34 49.47 +26 20 15.3          20.5 Vq     G96
     XXB8AC0  C2016 12 08.37861 04 34 49.26 +26 20 14.4          20.1 Vq     G96
     XXB8AC0  C2016 12 08.38290 04 34 49.01 +26 20 14.3          20.2 Vq     G96
     bi928B *KC2016 12 05.89942 04 34 11.95 +26 14 47.4                S     621
     bi928B  KC2016 12 05.93456 04 34 09.30 +26 14 48.3                S     621
     bi928B  KC2016 12 05.99172 04 34 05.06 +26 14 49.2          21.9 VS     621
     XXB8A79* C2016 12 08.35740 04 37 33.90 +26 27 29.5          19.7 Vq     G96
     XXB8A79  C2016 12 08.37305 04 37 32.91 +26 27 24.9          19.6 Vq     G96
     XXB8A79  C2016 12 08.37861 04 37 32.54 +26 27 23.4          19.8 Vq     G96
     XXB8A79  C2016 12 08.38290 04 37 32.26 +26 27 22.5          20.0 Vq     G96
     XXB8AAA* C2016 12 08.37305 04 37 39.87 +26 26 54.0          18.6 Vq     G96
     XXB8AAA  C2016 12 08.37861 04 37 39.60 +26 26 53.3          18.5 Vq     G96
     XXB8AAA  C2016 12 08.38290 04 37 39.44 +26 26 52.7          18.6 Vq     G96
     XXB8AC0* C2016 12 08.35740 04 34 50.39 +26 20 17.1          21.3 Vq     G96
     XXB8AC0  C2016 12 08.37305 04 34 49.47 +26 20 15.3          20.5 Vq     G96
     XXB8AC0  C2016 12 08.37861 04 34 49.26 +26 20 14.4          20.1 Vq     G96
     XXB8AC0  C2016 12 08.38290 04 34 49.01 +26 20 14.3          20.2 Vq     G96
