     AST030 * C2017 04 27.69815 11 13 01.03 +14 12 01.3          17.6 Vq     C97
     AST030   C2017 04 27.73325 11 13 00.43 +14 11 57.3          17.7 Vq     C97
     AST030   C2017 10 24.70800 22 54 47.52 +02 12 13.4          18.4 Vq     C97
     AST030   C2017 10 24.75837 22 54 47.88 +02 12 07.7          18.2 Vq     C97
     AST030   C2018 04 19.65476 09 18 21.64 +18 14 42.4          17.5 Vq     C97
     AST030   C2018 04 19.70165 09 18 23.49 +18 15 17.2          17.8 Vq     C97
     AST030  2S2022 11 20.37960 23 06 27.69 -05 03 14.0          25.6 V      274
     AST030  2S2022 11 20.38924 23 06 27.97 -05 03 13.7          25.6 V      274
     AST030  2S2022 11 20.39887 23 06 28.25 -05 03 13.5          25.6 V      274


     AST029  2S2022 11 20.39887 23 06 34.03 -05 03 00.8          24.8 V      274
     AST030  2S2022 11 20.39887 23 06 28.25 -05 03 13.5          25.6 V      274
     AST031  2S2022 11 24.78444 23 06 30.65 -05 03 26.6          25.0 V      274
     AST031  2S2022 11 24.80034 23 06 31.26 -05 03 23.5          25.0 V      274
     AST031  2S2022 11 24.81624 23 06 31.88 -05 03 20.4          25.0 V      274
     AST032  2S2022 11 24.79456 23 06 31.78 -05 03 15.7          25.2 V      274
     AST032  2S2022 11 24.80660 23 06 32.12 -05 03 15.0          25.2 V      274
     AST032  2S2022 11 24.81841 23 06 32.46 -05 03 14.4          25.2 V      274
     AST033  2S2022 11 24.83262 23 06 28.25 -05 03 17.9          25.5 V      274
     AST033  2S2022 11 24.84852 23 06 28.81 -05 03 14.8          25.5 V      274
     AST033  2S2022 11 24.86442 23 06 29.37 -05 03 11.7          25.5 V      274
     AST034  2S2022 11 24.83262 23 06 28.03 -05 03 21.8          26.5 V      274
     AST034  2S2022 11 24.84852 23 06 28.43 -05 03 18.2          26.5 V      274
     AST034  2S2022 11 24.86442 23 06 28.83 -05 03 14.5          26.5 V      274
     AST035  2S2022 11 24.83262 23 06 27.97 -05 03 18.6          25.9 V      274
     AST035  2S2022 11 24.84852 23 06 28.22 -05 03 17.1          25.9 V      274
     AST035  2S2022 11 24.86442 23 06 28.46 -05 03 15.7          25.9 V      274
     AST036  2S2022 11 24.83262 23 06 30.43 -05 02 58.8          24.7 V      274
     AST036  2S2022 11 24.84852 23 06 30.65 -05 02 55.9          24.7 V      274
     AST036  2S2022 11 24.86442 23 06 30.87 -05 02 53.0          24.7 V      274
     AST037  2S2022 11 24.91500 23 06 28.06 -05 03 08.0          26.7 V      274
     AST037  2S2022 11 24.92705 23 06 28.54 -05 03 02.6          26.7 V      274
     AST037  2S2022 11 24.93885 23 06 29.00 -05 02 57.2          26.7 V      274
     AST038  2S2022 11 24.91500 23 06 27.94 -05 03 25.6          24.9 V      274
     AST038  2S2022 11 24.92705 23 06 28.43 -05 03 22.5          24.9 V      274
     AST038  2S2022 11 24.93885 23 06 28.91 -05 03 19.3          24.9 V      274
     AST039  2S2022 11 24.78444 23 06 29.79 -05 03 07.6          25.9 V      274
     AST039  2S2022 11 24.80034 23 06 30.00 -05 03 04.7          25.9 V      274
     AST039  2S2022 11 24.81624 23 06 30.22 -05 03 01.8          25.9 V      274
     AST040  2S2022 11 24.78444 23 06 32.43 -05 03 20.4          26.9 V      274
     AST040  2S2022 11 24.80034 23 06 32.77 -05 03 03.3          26.9 V      274
     AST040  2S2022 11 24.81624 23 06 33.11 -05 02 46.4          26.9 V      274
     AST041  2S2022 11 24.81865 23 06 29.05 -05 03 36.7          26.6 V      274
     AST041  2S2022 11 24.83069 23 06 29.80 -05 03 34.5          26.6 V      274
     AST041  2S2022 11 24.84250 23 06 30.53 -05 03 32.2          26.6 V      274
     AST042  2S2022 11 24.80853 23 06 28.42 -05 03 38.7          25.9 V      274
     AST042  2S2022 11 24.82443 23 06 29.41 -05 03 35.7          25.9 V      274
     AST042  2S2022 11 24.84033 23 06 30.40 -05 03 32.6          25.9 V      274
     AST043  2S2022 11 24.92584 23 06 29.84 -05 03 55.8          25.6 V      274
     AST043  2S2022 11 24.93548 23 06 30.83 -05 03 50.4          25.6 V      274
     AST043  2S2022 11 24.94512 23 06 31.82 -05 03 45.1          25.6 V      274
     AST031  2S2022 11 24.78444 23 06 30.65 -05 03 26.6          25.0 V      274
     AST031  2S2022 11 24.80034 23 06 31.26 -05 03 23.5          25.0 V      274
     AST031  2S2022 11 24.81624 23 06 31.88 -05 03 20.4          25.0 V      274
     AST032  2S2022 11 24.79456 23 06 31.78 -05 03 15.7          25.2 V      274
     AST032  2S2022 11 24.80660 23 06 32.12 -05 03 15.0          25.2 V      274
     AST032  2S2022 11 24.81841 23 06 32.46 -05 03 14.4          25.2 V      274
     AST033  2S2022 11 24.83262 23 06 28.25 -05 03 17.9          25.5 V      274
     AST033  2S2022 11 24.84852 23 06 28.81 -05 03 14.8          25.5 V      274
     AST033  2S2022 11 24.86442 23 06 29.37 -05 03 11.7          25.5 V      274
     AST034  2S2022 11 24.83262 23 06 28.03 -05 03 21.8          26.5 V      274
     AST034  2S2022 11 24.84852 23 06 28.43 -05 03 18.2          26.5 V      274
     AST034  2S2022 11 24.86442 23 06 28.83 -05 03 14.5          26.5 V      274
     AST035  2S2022 11 24.83262 23 06 27.97 -05 03 18.6          25.9 V      274
     AST035  2S2022 11 24.84852 23 06 28.22 -05 03 17.1          25.9 V      274
     AST035  2S2022 11 24.86442 23 06 28.46 -05 03 15.7          25.9 V      274
     AST036  2S2022 11 24.83262 23 06 30.43 -05 02 58.8          24.7 V      274
     AST036  2S2022 11 24.84852 23 06 30.65 -05 02 55.9          24.7 V      274
     AST036  2S2022 11 24.86442 23 06 30.87 -05 02 53.0          24.7 V      274
     AST037  2S2022 11 24.91500 23 06 28.06 -05 03 08.0          26.7 V      274
     AST037  2S2022 11 24.92705 23 06 28.54 -05 03 02.6          26.7 V      274
     AST037  2S2022 11 24.93885 23 06 29.00 -05 02 57.2          26.7 V      274
     AST038  2S2022 11 24.91500 23 06 27.94 -05 03 25.6          24.9 V      274
     AST038  2S2022 11 24.92705 23 06 28.43 -05 03 22.5          24.9 V      274
     AST038  2S2022 11 24.93885 23 06 28.91 -05 03 19.3          24.9 V      274
     AST039  2S2022 11 24.78444 23 06 29.79 -05 03 07.6          25.9 V      274
     AST039  2S2022 11 24.80034 23 06 30.00 -05 03 04.7          25.9 V      274
     AST039  2S2022 11 24.81624 23 06 30.22 -05 03 01.8          25.9 V      274
     AST040  2S2022 11 24.78444 23 06 32.43 -05 03 20.4          26.9 V      274
     AST040  2S2022 11 24.80034 23 06 32.77 -05 03 03.3          26.9 V      274
     AST040  2S2022 11 24.81624 23 06 33.11 -05 02 46.4          26.9 V      274
     AST041  2S2022 11 24.81865 23 06 29.05 -05 03 36.7          26.6 V      274
     AST041  2S2022 11 24.83069 23 06 29.80 -05 03 34.5          26.6 V      274
     AST041  2S2022 11 24.84250 23 06 30.53 -05 03 32.2          26.6 V      274
     AST042  2S2022 11 24.80853 23 06 28.42 -05 03 38.7          25.9 V      274
     AST042  2S2022 11 24.82443 23 06 29.41 -05 03 35.7          25.9 V      274
     AST042  2S2022 11 24.84033 23 06 30.40 -05 03 32.6          25.9 V      274
     AST043  2S2022 11 24.92584 23 06 29.84 -05 03 55.8          25.6 V      274
     AST043  2S2022 11 24.93548 23 06 30.83 -05 03 50.4          25.6 V      274
     AST043  2S2022 11 24.94512 23 06 31.82 -05 03 45.1          25.6 V      274
     AST031  2S2022 11 24.78444 23 06 30.65 -05 03 26.6          25.0 V      274
     AST031  2S2022 11 24.80034 23 06 31.26 -05 03 23.5          25.0 V      274
     AST031  2S2022 11 24.81624 23 06 31.88 -05 03 20.4          25.0 V      274
     AST032  2S2022 11 24.79456 23 06 31.78 -05 03 15.7          25.2 V      274
     AST032  2S2022 11 24.80660 23 06 32.12 -05 03 15.0          25.2 V      274
     AST032  2S2022 11 24.81841 23 06 32.46 -05 03 14.4          25.2 V      274
     AST033  2S2022 11 24.83262 23 06 28.25 -05 03 17.9          25.5 V      274
     AST033  2S2022 11 24.84852 23 06 28.81 -05 03 14.8          25.5 V      274
     AST033  2S2022 11 24.86442 23 06 29.37 -05 03 11.7          25.5 V      274
     AST034  2S2022 11 24.83262 23 06 28.03 -05 03 21.8          26.5 V      274
     AST034  2S2022 11 24.84852 23 06 28.43 -05 03 18.2          26.5 V      274
     AST034  2S2022 11 24.86442 23 06 28.83 -05 03 14.5          26.5 V      274
     AST035  2S2022 11 24.83262 23 06 27.97 -05 03 18.6          25.9 V      274
     AST035  2S2022 11 24.84852 23 06 28.22 -05 03 17.1          25.9 V      274
     AST035  2S2022 11 24.86442 23 06 28.46 -05 03 15.7          25.9 V      274
     AST036  2S2022 11 24.83262 23 06 30.43 -05 02 58.8          24.7 V      274
     AST036  2S2022 11 24.84852 23 06 30.65 -05 02 55.9          24.7 V      274
     AST036  2S2022 11 24.86442 23 06 30.87 -05 02 53.0          24.7 V      274
     AST037  2S2022 11 24.91500 23 06 28.06 -05 03 08.0          26.7 V      274
     AST037  2S2022 11 24.92705 23 06 28.54 -05 03 02.6          26.7 V      274
     AST037  2S2022 11 24.93885 23 06 29.00 -05 02 57.2          26.7 V      274
     AST038  2S2022 11 24.91500 23 06 27.94 -05 03 25.6          24.9 V      274
     AST038  2S2022 11 24.92705 23 06 28.43 -05 03 22.5          24.9 V      274
     AST038  2S2022 11 24.93885 23 06 28.91 -05 03 19.3          24.9 V      274
     AST039  2S2022 11 24.78444 23 06 29.79 -05 03 07.6          25.9 V      274
     AST039  2S2022 11 24.80034 23 06 30.00 -05 03 04.7          25.9 V      274
     AST039  2S2022 11 24.81624 23 06 30.22 -05 03 01.8          25.9 V      274
     AST040  2S2022 11 24.78444 23 06 32.43 -05 03 20.4          26.9 V      274
     AST040  2S2022 11 24.80034 23 06 32.77 -05 03 03.3          26.9 V      274
     AST040  2S2022 11 24.81624 23 06 33.11 -05 02 46.4          26.9 V      274
     AST041  2S2022 11 24.81865 23 06 29.05 -05 03 36.7          26.6 V      274
     AST041  2S2022 11 24.83069 23 06 29.80 -05 03 34.5          26.6 V      274
     AST041  2S2022 11 24.84250 23 06 30.53 -05 03 32.2          26.6 V      274
     AST042  2S2022 11 24.80853 23 06 28.42 -05 03 38.7          25.9 V      274
     AST042  2S2022 11 24.82443 23 06 29.41 -05 03 35.7          25.9 V      274
     AST042  2S2022 11 24.84033 23 06 30.40 -05 03 32.6          25.9 V      274
     AST043  2S2022 11 24.92584 23 06 29.84 -05 03 55.8          25.6 V      274
     AST043  2S2022 11 24.93548 23 06 30.83 -05 03 50.4          25.6 V      274
     AST043  2S2022 11 24.94512 23 06 31.82 -05 03 45.1          25.6 V      274
