     ALA36X  *C2022 10 29.44756 03 23 12.64 +14 01 51.9          22.4        568
     ALA36X  *C2022 10 29.45109 03 23 12.45 +14 01 51.1          22.4        568
     ALA36X  *C2022 10 29.45463 03 23 12.29 +14 01 50.3          22.3        568
     ALA36X  *C2022 10 30.55806 03 22 19.96 +13 57 35.4          22.5        568
     ALA36X  *C2022 10 30.56161 03 22 19.78 +13 57 34.6          22.4        568
     ALA36X  *C2022 10 30.56513 03 22 19.63 +13 57 33.7          22.3        568
     ALA36X  *C2022 10 31.35170 03 21 42.27 +13 54 31.8          22.4        568
     ALA36X  *C2022 10 31.35523 03 21 42.10 +13 54 31.0          22.3        568
     ALA36X  *C2022 10 31.35875 03 21 41.92 +13 54 30.1          22.2        568


     ALA36F  *C2022 10 31.56060 03 22 42.83 +13 57 52.1          23.1        568
     ALA36F  *C2022 10 31.56413 03 22 42.64 +13 57 51.5          23.2        568
     ALA36F  *C2022 10 31.56765 03 22 42.45 +13 57 50.8          23.4        568
     ALA36H  *C2022 10 31.56060 03 22 36.22 +14 01 48.7          23.5        568
     ALA36H  *C2022 10 31.56413 03 22 36.03 +14 01 47.8          24.3        568
     ALA36H  *C2022 10 31.56765 03 22 35.88 +14 01 47.3          23.8        568
     ALA36L  *C2022 10 31.56060 03 22 05.89 +14 02 23.1          24.1        568
     ALA36L  *C2022 10 31.56413 03 22 05.65 +14 02 22.5          23.6        568
     ALA36L  *C2022 10 31.56765 03 22 05.47 +14 02 22.3          23.9        568
     ALA36u  *C2022 10 31.35875 03 21 39.31 +13 46 24.8          23.1        568
     ALA36X  *C2022 10 31.35875 03 21 41.92 +13 54 30.1          22.2        568
     ALA36Y  *C2022 10 31.56060 03 21 53.08 +13 58 10.6          23.9        568
     ALA36Y  *C2022 10 31.56413 03 21 52.97 +13 58 10.3          23.9        568
     ALA36Y  *C2022 10 31.56765 03 21 52.86 +13 58 09.9          23.9        568
     ALA3GZ  *C2022 10 31.35875 03 22 20.15 +13 56 54.1          23.5        568
     ALA3HD  *C2022 10 31.56060 03 22 02.14 +13 49 06.3          23.1        568
     ALA3HD  *C2022 10 31.56413 03 22 01.96 +13 49 05.8          22.8        568
     ALA3HD  *C2022 10 31.56765 03 22 01.77 +13 49 05.2          23.1        568
     ALA3ix  *C2022 10 31.56060 03 22 13.65 +14 10 03.9          24.2        568
     ALA3ix  *C2022 10 31.56413 03 22 13.46 +14 10 02.5          24.0        568
     ALA3ix  *C2022 10 31.56765 03 22 13.29 +14 10 01.3          24.6        568
     ALA3jg  *C2022 10 31.56060 03 22 39.52 +13 53 08.0          23.0        568
     ALA3jg  *C2022 10 31.56413 03 22 39.35 +13 53 06.2          23.1        568
     ALA3jg  *C2022 10 31.56765 03 22 39.19 +13 53 04.5          23.2        568
     ALA3jj  *C2022 10 31.56060 03 22 16.82 +13 57 28.6          24.1        568
     ALA3jj  *C2022 10 31.56413 03 22 16.63 +13 57 27.6          24.2        568
     ALA3jj  *C2022 10 31.56765 03 22 16.46 +13 57 26.6          23.9        568
     ALA3jl  *C2022 10 31.56060 03 22 11.40 +13 48 16.1          24.8        568
     ALA3jl  *C2022 10 31.56413 03 22 11.24 +13 48 14.6          24.7        568
     ALA3jl  *C2022 10 31.56765 03 22 11.10 +13 48 13.4          24.6        568
     ALA3kS  *C2022 10 31.56060 03 22 17.00 +13 43 10.4          23.8        568
     ALA3kS  *C2022 10 31.56413 03 22 16.78 +13 43 09.7          23.9        568
     ALA3kS  *C2022 10 31.56765 03 22 16.61 +13 43 09.2          23.7        568
     ALA3l2  *C2022 10 31.56060 03 21 51.63 +13 51 32.1          23.8        568
     ALA3l2  *C2022 10 31.56413 03 21 51.48 +13 51 31.4          23.8        568
     ALA3l2  *C2022 10 31.56765 03 21 51.29 +13 51 30.6          23.4        568
     ALA3l4  *C2022 10 31.56060 03 21 42.89 +13 53 47.1          25.3        568
     ALA3l4  *C2022 10 31.56413 03 21 42.77 +13 53 45.8          25.6        568
     ALA3l4  *C2022 10 31.56765 03 21 42.69 +13 53 45.0          24.9        568
     ALA3l6  *C2022 10 31.56060 03 21 41.25 +13 48 23.8          24.2        568
     ALA3l6  *C2022 10 31.56413 03 21 41.10 +13 48 22.4          24.9        568
     ALA3l6  *C2022 10 31.56765 03 21 40.89 +13 48 21.1          24.6        568
     ALA3lE  *C2022 10 31.56060 03 21 46.24 +13 41 39.9          24.6        568
     ALA3lE  *C2022 10 31.56413 03 21 46.11 +13 41 38.8          25.0        568
     ALA3lE  *C2022 10 31.56765 03 21 46.02 +13 41 38.2          24.4        568
     ALA3QH  *C2022 10 31.56060 03 22 08.84 +14 01 48.1          23.3        568
     ALA3QH  *C2022 10 31.56413 03 22 08.66 +14 01 47.2          23.4        568
     ALA3QH  *C2022 10 31.56765 03 22 08.49 +14 01 46.4          23.4        568
     ALA3RN  *C2022 10 31.56060 03 22 10.79 +13 40 01.8          22.9        568
     ALA3RN  *C2022 10 31.56413 03 22 10.61 +13 40 01.1          22.8        568
     ALA3RN  *C2022 10 31.56765 03 22 10.43 +13 40 00.4          22.8        568
     ALA3RT  *C2022 10 31.56060 03 21 41.65 +13 38 01.4          24.5        568
     ALA3RT  *C2022 10 31.56413 03 21 41.46 +13 38 00.7          24.2        568
     ALA3RT  *C2022 10 31.56765 03 21 41.26 +13 38 00.0          24.0        568
     ALA3RU  *C2022 10 31.35875 03 22 15.73 +13 43 05.3          23.1        568
     ALA3RU  *C2022 10 31.56060 03 22 09.11 +13 42 49.3          23.2        568
     ALA3RU  *C2022 10 31.56413 03 22 08.99 +13 42 49.0          23.0        568
     ALA3RU  *C2022 10 31.56765 03 22 08.87 +13 42 48.7          23.1        568
     ALA3ud  *C2022 10 31.56060 03 22 17.669+13 53 27.31         24.5 g      568
     ALA3ud  *C2022 10 31.56413 03 22 17.599+13 53 26.92         24.9 g      568
     ALA3ud  *C2022 10 31.56765 03 22 17.479+13 53 26.41         24.6 g      568
     ALA3WK  *C2022 10 31.35875 03 22 06.21 +14 03 48.4          23.8        568
     ALA3WL  *C2022 10 31.35875 03 22 11.23 +14 08 50.0          22.9        568
     ALA3Xo  *C2022 10 31.35875 03 21 48.82 +13 57 24.6          24.5        568
     ALA36Y  *C2022 10 31.56060 03 21 53.08 +13 58 10.6          23.9        568
     ALA36Y  *C2022 10 31.56413 03 21 52.97 +13 58 10.3          23.9        568
     ALA36Y  *C2022 10 31.56765 03 21 52.86 +13 58 09.9          23.9        568
     ALA3l2  *C2022 10 31.56060 03 21 51.63 +13 51 32.1          23.8        568
     ALA3l2  *C2022 10 31.56413 03 21 51.48 +13 51 31.4          23.8        568
     ALA3l2  *C2022 10 31.56765 03 21 51.29 +13 51 30.6          23.4        568
     ALA3l4  *C2022 10 31.56060 03 21 42.89 +13 53 47.1          25.3        568
     ALA3l4  *C2022 10 31.56413 03 21 42.77 +13 53 45.8          25.6        568
     ALA3l4  *C2022 10 31.56765 03 21 42.69 +13 53 45.0          24.9        568
     ALA3l6  *C2022 10 31.56060 03 21 41.25 +13 48 23.8          24.2        568
     ALA3l6  *C2022 10 31.56413 03 21 41.10 +13 48 22.4          24.9        568
     ALA3l6  *C2022 10 31.56765 03 21 40.89 +13 48 21.1          24.6        568
     ALA36Y  *C2022 10 31.56060 03 21 53.08 +13 58 10.6          23.9        568
     ALA36Y  *C2022 10 31.56413 03 21 52.97 +13 58 10.3          23.9        568
     ALA36Y  *C2022 10 31.56765 03 21 52.86 +13 58 09.9          23.9        568
     ALA3l2  *C2022 10 31.56060 03 21 51.63 +13 51 32.1          23.8        568
     ALA3l2  *C2022 10 31.56413 03 21 51.48 +13 51 31.4          23.8        568
     ALA3l2  *C2022 10 31.56765 03 21 51.29 +13 51 30.6          23.4        568
     ALA3l4  *C2022 10 31.56060 03 21 42.89 +13 53 47.1          25.3        568
     ALA3l4  *C2022 10 31.56413 03 21 42.77 +13 53 45.8          25.6        568
     ALA3l4  *C2022 10 31.56765 03 21 42.69 +13 53 45.0          24.9        568
