     CB19015 5C2019 03 05.39289 11 50 43.66 +01 25 34.1          19.9 Ro     290
     CB19015 5C2019 03 05.39671 11 50 44.34 +01 25 26.9          19.8 Ro     290
     CB19015 5C2019 03 05.40052 11 50 44.90 +01 25 19.8          20.1 Ro     290
     CB19015 5C2019 03 05.40433 11 50 45.43 +01 25 12.2          20.2 Ro     290
     CB19015 5C2019 03 05.40815 11 50 45.98 +01 25 04.0          20.1 Ro     290
     CB19015 5C2019 03 05.41196 11 50 46.41 +01 24 56.5          19.8 Ro     290
     CB19015  C2019 03 06.30896 11 53 16.70 +00 54 36.2          20.8 GV     I52
     CB19015  C2019 03 06.31003 11 53 17.14 +00 54 30.9                V     I52
     CB19015 KC2019 03 11.88440512 13 25.55 -03 25 25.1          18.5 GV     K41
     CB19015 KC2019 03 11.89029612 13 27.18 -03 25 45.6          18.4 GV     K41
     CB19015 KC2019 03 11.89576412 13 28.74 -03 26 05.4          17.9 GV     K41
     CB19015 KC2019 03 13.91654212 23 44.43 -05 40 28.2          18.8 GV     K41
     CB19015 KC2019 03 13.93131412 23 49.31 -05 41 35.1          19.8 GV     K41
     CB19015 KC2019 03 13.93790912 23 51.54 -05 42 04.5          20.2 GV     K41


     CB19015 KC2019 03 13.93790912 23 51.54 -05 42 04.5          20.2 GV     K41
