     ALA32b  *C2022 10 29.42640 03 30 11.25 +14 10 33.0          23.1        568
     ALA32b  *C2022 10 29.42993 03 30 11.05 +14 10 31.6          23.2        568
     ALA32b  *C2022 10 29.43345 03 30 10.87 +14 10 30.3          23.4        568
     ALA32b  *C2022 10 29.43698 03 30 10.66 +14 10 28.8          23.8        568
     ALA32b  *C2022 10 29.44050 03 30 10.42 +14 10 26.8          23.8        568
     ALA32b  *C2022 10 29.44403 03 30 10.22 +14 10 25.4          23.6        568
     ALA32b  *C2022 10 29.51851 03 30 06.25 +14 09 55.7          23.1        568
     ALA32b  *C2022 10 29.52205 03 30 06.06 +14 09 54.2          23.1        568
     ALA32b  *C2022 10 29.52558 03 30 05.85 +14 09 52.7          23.5        568
     ALA32b  *C2022 10 29.52910 03 30 05.60 +14 09 50.7          23.8        568
     ALA32b  *C2022 10 29.53263 03 30 05.44 +14 09 49.5          23.7        568
     ALA32b  *C2022 10 29.53616 03 30 05.26 +14 09 48.1          23.9        568
     ALA32b  *C2022 10 30.54741 03 29 12.58 +14 02 54.9          23.6        568
     ALA32b  *C2022 10 30.55094 03 29 12.39 +14 02 53.6          24.4        568
     ALA32b  *C2022 10 30.55448 03 29 12.21 +14 02 52.1          23.6        568
     ALA32b  *C2022 10 31.55005 03 28 19.29 +13 56 14.4          24.6        568
     ALA32b  *C2022 10 31.55355 03 28 19.12 +13 56 13.0          24.5        568
     ALA32b  *C2022 10 31.55708 03 28 18.92 +13 56 11.2          25.0        568


     ALA32b  *C2022 10 31.55708 03 28 18.92 +13 56 11.2          25.0        568
     ALA32c  *C2022 10 31.55708 03 28 18.78 +14 03 29.8          24.2        568
     ALA32W  *C2022 10 31.55708 03 28 23.97 +14 02 29.2          22.9        568
     ALA32X  *C2022 10 31.55708 03 28 48.69 +14 03 06.1          23.9        568
     ALA32z  *C2022 10 31.55708 03 29 19.13 +13 47 21.1          24.0        568
     ALA335  *C2022 10 31.55708 03 28 28.47 +13 39 33.3          23.2        568
     ALA34I  *C2022 10 31.55708 03 28 24.03 +14 04 25.7          23.1        568
     ALA35b  *C2022 10 31.56060 03 25 16.95 +13 18 26.6          22.8        568
     ALA35b  *C2022 10 31.56413 03 25 16.76 +13 18 25.3          22.8        568
     ALA35b  *C2022 10 31.56765 03 25 16.58 +13 18 24.0          22.8        568
     ALA35f  *C2022 10 31.56060 03 25 00.87 +13 22 37.4          22.1        568
     ALA35f  *C2022 10 31.56413 03 25 00.68 +13 22 36.5          22.1        568
     ALA35f  *C2022 10 31.56765 03 25 00.49 +13 22 35.6          22.1        568
     ALA35l  *C2022 10 31.56060 03 24 32.83 +13 22 16.8          23.2        568
     ALA35l  *C2022 10 31.56413 03 24 32.65 +13 22 15.7          23.0        568
     ALA35l  *C2022 10 31.56765 03 24 32.48 +13 22 14.6          22.9        568
     ALA35t  *C2022 10 31.55708 03 28 29.50 +13 52 48.0          24.8        568
     ALA362  *C2022 10 31.55708 03 28 30.74 +13 48 52.3          22.8        568
     ALA363  *C2022 10 31.56060 03 23 34.20 +13 47 38.2          24.2        568
     ALA363  *C2022 10 31.56413 03 23 34.05 +13 47 37.0          25.1        568
     ALA363  *C2022 10 31.56765 03 23 33.93 +13 47 36.0          24.8        568
     ALA364  *C2022 10 31.56060 03 24 01.54 +13 51 49.7          24.2        568
     ALA364  *C2022 10 31.56413 03 24 01.36 +13 51 48.9          23.9        568
     ALA364  *C2022 10 31.56765 03 24 01.19 +13 51 48.3          23.7        568
     ALA367  *C2022 10 31.56060 03 24 47.95 +13 40 07.6          23.4        568
     ALA367  *C2022 10 31.56413 03 24 47.83 +13 40 04.2          23.6        568
     ALA367  *C2022 10 31.56765 03 24 47.73 +13 40 01.3          23.3        568
     ALA36m  *C2022 10 31.56060 03 23 26.33 +13 43 04.6          23.4        568
     ALA36m  *C2022 10 31.56413 03 23 26.17 +13 43 04.0          23.4        568
     ALA36m  *C2022 10 31.56765 03 23 26.02 +13 43 03.5          23.3        568
     ALA37D  *C2022 10 31.56060 03 23 10.07 +13 27 47.7          23.6        568
     ALA37D  *C2022 10 31.56413 03 23 09.83 +13 27 46.1          23.1        568
     ALA37D  *C2022 10 31.56765 03 23 09.59 +13 27 44.7          23.2        568
     ALA37K  *C2022 10 31.56060 03 23 14.90 +13 40 01.9          23.2        568
     ALA37K  *C2022 10 31.56413 03 23 14.79 +13 40 01.6          22.9        568
     ALA37K  *C2022 10 31.56765 03 23 14.67 +13 40 01.3          23.0        568
     ALA3Cf  *C2022 10 31.55708 03 28 51.44 +13 51 43.4          22.5        568
     ALA3E3  *C2022 10 31.55708 03 28 25.61 +14 03 44.4          24.9        568
     ALA3E4  *C2022 10 31.55708 03 28 07.98 +14 06 23.1          23.4        568
     ALA3E8  *C2022 10 31.55708 03 27 59.90 +13 47 53.9          22.4        568
     ALA3Fz  *C2022 10 31.55708 03 28 45.97 +14 02 00.0          23.1        568
     ALA3gA  *C2022 10 31.55708 03 28 54.24 +14 06 04.2          24.4        568
     ALA3gK   C2022 10 31.55708 03 27 53.170+14 03 40.61         24.5 G      T14
     ALA3gN  *C2022 10 31.55708 03 28 01.53 +14 04 13.3          24.0        568
     ALA3Gp  *C2022 10 31.56060 03 24 18.41 +13 47 52.8          23.4        568
     ALA3Gp  *C2022 10 31.56413 03 24 18.24 +13 47 52.6          23.4        568
     ALA3Gp  *C2022 10 31.56765 03 24 18.06 +13 47 52.5          23.1        568
     ALA3gR  *C2022 10 31.55708 03 27 25.39 +14 05 37.1          24.9        568
     ALA3gu  *C2022 10 31.55708 03 28 45.49 +13 47 30.9          25.2        568
     ALA3gw  *C2022 10 31.55708 03 28 44.20 +13 53 38.9          24.6        568
     ALA3H0  *C2022 10 31.56060 03 23 32.08 +13 41 35.6          22.9        568
     ALA3H0  *C2022 10 31.56413 03 23 31.88 +13 41 34.8          23.0        568
     ALA3H0  *C2022 10 31.56765 03 23 31.67 +13 41 34.0          23.1        568
     ALA3h3  *C2022 10 31.55708 03 28 20.42 +13 51 41.2          24.4        568
     ALA3h8  *C2022 10 31.55708 03 28 05.68 +13 52 55.5          23.6        568
     ALA3h9  *C2022 10 31.55708 03 28 00.64 +13 52 19.4          24.3        568
     ALA3hA  *C2022 10 31.55708 03 28 02.50 +13 50 24.3          24.6        568
     ALA3hE  *C2022 10 31.55708 03 27 24.18 +13 53 09.4          24.4        568
     ALA3hl  *C2022 10 31.55708 03 27 53.14 +13 40 37.8          23.3        568
     ALA3hn  *C2022 10 31.55708 03 28 06.51 +13 41 07.5          25.3        568
     ALA3Hy  *C2022 10 31.56060 03 23 11.10 +13 23 14.6          23.9        568
     ALA3Hy  *C2022 10 31.56413 03 23 10.87 +13 23 14.6          24.1        568
     ALA3Hy  *C2022 10 31.56765 03 23 10.62 +13 23 14.8          23.6        568
     ALA3jq  *C2022 10 31.56060 03 25 14.75 +13 38 52.9          24.6        568
     ALA3jq  *C2022 10 31.56413 03 25 14.52 +13 38 52.0          24.2        568
     ALA3jq  *C2022 10 31.56765 03 25 14.33 +13 38 51.5          24.5        568
     ALA3jR  *C2022 10 31.56060 03 23 57.58 +13 48 59.5          24.7        568
     ALA3jR  *C2022 10 31.56413 03 23 57.36 +13 48 59.5          24.2        568
     ALA3jR  *C2022 10 31.56765 03 23 57.18 +13 48 59.4          24.4        568
     ALA3js  *C2022 10 31.56060 03 25 23.22 +13 34 14.4          23.7        568
     ALA3js  *C2022 10 31.56413 03 25 22.94 +13 34 14.4          24.0        568
     ALA3js  *C2022 10 31.56765 03 25 22.74 +13 34 14.5          24.0        568
     ALA3jy  *C2022 10 31.56060 03 24 31.95 +13 39 10.8          25.3        568
     ALA3jy  *C2022 10 31.56413 03 24 31.77 +13 39 10.3          24.4        568
     ALA3jy  *C2022 10 31.56765 03 24 31.56 +13 39 09.9          24.7        568
     ALA3jY  *C2022 10 31.56060 03 23 35.07 +13 47 48.3          23.3        568
     ALA3jY  *C2022 10 31.56413 03 23 34.82 +13 47 47.9          23.3        568
     ALA3jY  *C2022 10 31.56765 03 23 34.58 +13 47 47.6          23.6        568
     ALA3k1  *C2022 10 31.56060 03 24 29.59 +13 34 28.3          23.7        568
     ALA3k1  *C2022 10 31.56413 03 24 29.37 +13 34 27.8          23.8        568
     ALA3k1  *C2022 10 31.56765 03 24 29.18 +13 34 27.3          23.9        568
     ALA3kB  *C2022 10 31.56060 03 23 30.26 +13 34 03.7          25.1        568
     ALA3kB  *C2022 10 31.56413 03 23 30.12 +13 34 03.5          25.4        568
     ALA3kB  *C2022 10 31.56765 03 23 29.94 +13 34 03.1          25.5        568
     ALA3kC  *C2022 10 31.56060 03 23 25.19 +13 42 41.0          24.0        568
     ALA3kC  *C2022 10 31.56413 03 23 25.04 +13 42 39.7          24.7        568
     ALA3kC  *C2022 10 31.56765 03 23 24.83 +13 42 37.9          24.2        568
     ALA3kD  *C2022 10 31.56060 03 22 58.90 +13 32 31.3          24.4        568
     ALA3kD  *C2022 10 31.56413 03 22 58.78 +13 32 31.0          24.4        568
     ALA3kD  *C2022 10 31.56765 03 22 58.66 +13 32 30.6          24.5        568
     ALA3ke  *C2022 10 31.56060 03 24 05.33 +13 25 00.8          23.2        568
     ALA3ke  *C2022 10 31.56413 03 24 05.17 +13 24 59.5          23.3        568
     ALA3ke  *C2022 10 31.56765 03 24 05.01 +13 24 58.2          23.1        568
     ALA3kg  *C2022 10 31.56060 03 23 28.98 +13 25 06.9          24.4        568
     ALA3kg  *C2022 10 31.56413 03 23 28.79 +13 25 06.6          24.5        568
     ALA3kg  *C2022 10 31.56765 03 23 28.67 +13 25 06.7          24.8        568
     ALA3kH  *C2022 10 31.56060 03 22 56.54 +13 42 09.8          24.9        568
     ALA3kH  *C2022 10 31.56413 03 22 56.42 +13 42 09.4          24.6        568
     ALA3kH  *C2022 10 31.56765 03 22 56.30 +13 42 09.1          25.1        568
     ALA3ki  *C2022 10 31.56060 03 23 32.94 +13 27 15.9          24.7        568
     ALA3ki  *C2022 10 31.56413 03 23 32.76 +13 27 14.9          24.5        568
     ALA3ki  *C2022 10 31.56765 03 23 32.57 +13 27 14.3          24.3        568
     ALA3kI  *C2022 10 31.56060 03 23 02.03 +13 41 57.1          22.6        568
     ALA3kI  *C2022 10 31.56413 03 23 01.86 +13 41 56.7          22.7        568
     ALA3kI  *C2022 10 31.56765 03 23 01.69 +13 41 56.4          22.7        568
     ALA3kJ  *C2022 10 31.56060 03 22 44.30 +13 31 55.8          23.0        568
     ALA3kJ  *C2022 10 31.56413 03 22 44.10 +13 31 56.3          23.1        568
     ALA3kJ  *C2022 10 31.56765 03 22 43.90 +13 31 56.6          23.1        568
     ALA3kN  *C2022 10 31.56060 03 22 10.77 +13 37 37.0          24.0        568
     ALA3kN  *C2022 10 31.56413 03 22 10.60 +13 37 36.5          24.3        568
     ALA3kN  *C2022 10 31.56765 03 22 10.39 +13 37 36.1          24.3        568
     ALA3ko  *C2022 10 31.56060 03 23 03.95 +13 20 48.8          24.9        568
     ALA3ko  *C2022 10 31.56413 03 23 03.78 +13 20 47.8          24.5        568
     ALA3ko  *C2022 10 31.56765 03 23 03.58 +13 20 46.7          24.8        568
     ALA3kO  *C2022 10 31.56060 03 22 07.93 +13 37 21.3          24.4        568
     ALA3kO  *C2022 10 31.56413 03 22 07.70 +13 37 21.2          24.1        568
     ALA3kO  *C2022 10 31.56765 03 22 07.51 +13 37 21.2          24.4        568
     ALA3kp  *C2022 10 31.56060 03 23 02.19 +13 20 45.7          24.3        568
     ALA3kp  *C2022 10 31.56413 03 23 01.99 +13 20 45.6          23.9        568
     ALA3kp  *C2022 10 31.56765 03 23 01.84 +13 20 45.3          24.2        568
     ALA3kS  *C2022 10 31.56060 03 22 17.00 +13 43 10.4          23.8        568
     ALA3kS  *C2022 10 31.56413 03 22 16.78 +13 43 09.7          23.9        568
     ALA3kS  *C2022 10 31.56765 03 22 16.61 +13 43 09.2          23.7        568
     ALA3kU  *C2022 10 31.56060 03 25 46.82 +13 22 10.3          22.8        568
     ALA3kU  *C2022 10 31.56413 03 25 46.62 +13 22 09.7          22.9        568
     ALA3kU  *C2022 10 31.56765 03 25 46.43 +13 22 09.1          23.0        568
     ALA3kv  *C2022 10 31.56060 03 22 30.99 +13 26 14.6          24.7        568
     ALA3kv  *C2022 10 31.56413 03 22 30.90 +13 26 14.2          24.1        568
     ALA3kv  *C2022 10 31.56765 03 22 30.80 +13 26 13.7          24.3        568
     ALA3kX  *C2022 10 31.56060 03 25 26.89 +13 17 48.0          24.7        568
     ALA3kX  *C2022 10 31.56413 03 25 26.76 +13 17 47.9          25.1        568
     ALA3kX  *C2022 10 31.56765 03 25 26.64 +13 17 47.5          24.9        568
     ALA3kY  *C2022 10 31.56060 03 25 14.90 +13 17 38.0          24.2        568
     ALA3kY  *C2022 10 31.56413 03 25 14.76 +13 17 37.4          24.3        568
     ALA3kY  *C2022 10 31.56765 03 25 14.57 +13 17 36.5          24.6        568
     ALA3Pb  *C2022 10 31.56060 03 25 16.83 +13 35 09.8          23.3        568
     ALA3Pb  *C2022 10 31.56413 03 25 16.66 +13 35 08.1          23.7        568
     ALA3Pb  *C2022 10 31.56765 03 25 16.49 +13 35 06.5          23.2        568
     ALA3Qz  *C2022 10 31.56060 03 25 02.89 +13 34 06.8          23.1        568
     ALA3Qz  *C2022 10 31.56413 03 25 02.74 +13 34 05.6          23.3        568
     ALA3Qz  *C2022 10 31.56765 03 25 02.57 +13 34 04.3          23.1        568
     ALA3R9  *C2022 10 31.56060 03 23 27.60 +13 37 14.2          22.9        568
     ALA3R9  *C2022 10 31.56413 03 23 27.42 +13 37 13.4          22.9        568
     ALA3R9  *C2022 10 31.56765 03 23 27.24 +13 37 12.5          22.9        568
     ALA3Rk  *C2022 10 31.56060 03 23 05.22 +13 28 28.6          22.1        568
     ALA3Rk  *C2022 10 31.56413 03 23 04.99 +13 28 28.6          22.1        568
     ALA3Rk  *C2022 10 31.56765 03 23 04.78 +13 28 29.0          22.0        568
     ALA3RN  *C2022 10 31.56060 03 22 10.79 +13 40 01.8          22.9        568
     ALA3RN  *C2022 10 31.56413 03 22 10.61 +13 40 01.1          22.8        568
     ALA3RN  *C2022 10 31.56765 03 22 10.43 +13 40 00.4          22.8        568
     ALA3uc  *C2022 10 31.55708 03 28 07.870+14 09 11.59         24.6 g      568
     ALA3XE  *C2022 10 31.56060 03 22 39.56 +13 37 43.1          24.2        568
     ALA3XE  *C2022 10 31.56413 03 22 39.45 +13 37 42.9          24.1        568
     ALA3XE  *C2022 10 31.56765 03 22 39.34 +13 37 42.8          23.9        568
     ALA3Xg  *C2022 10 31.56060 03 22 56.94 +13 24 56.4          23.1        568
     ALA3Xg  *C2022 10 31.56413 03 22 56.75 +13 24 55.6          22.9        568
     ALA3Xg  *C2022 10 31.56765 03 22 56.56 +13 24 55.0          23.0        568
     ALA3XJ  *C2022 10 31.56060 03 22 09.29 +13 35 43.5          22.4        568
     ALA3XJ  *C2022 10 31.56413 03 22 09.13 +13 35 41.8          22.6        568
     ALA3XJ  *C2022 10 31.56765 03 22 08.96 +13 35 40.2          22.4        568
     ALA3XS  *C2022 10 31.56060 03 24 50.51 +13 16 21.3          24.3        568
     ALA3XS  *C2022 10 31.56413 03 24 50.30 +13 16 20.0          24.1        568
     ALA3XS  *C2022 10 31.56765 03 24 50.06 +13 16 18.6          24.6        568
     ALA3XX  *C2022 10 31.56060 03 23 40.53 +13 22 52.9          23.7        568
     ALA3XX  *C2022 10 31.56413 03 23 40.35 +13 22 51.4          23.4        568
     ALA3XX  *C2022 10 31.56765 03 23 40.14 +13 22 49.6          23.6        568
     ALA35b  *C2022 10 31.56060 03 25 16.95 +13 18 26.6          22.8        568
     ALA35b  *C2022 10 31.56413 03 25 16.76 +13 18 25.3          22.8        568
     ALA35b  *C2022 10 31.56765 03 25 16.58 +13 18 24.0          22.8        568
     ALA35f  *C2022 10 31.56060 03 25 00.87 +13 22 37.4          22.1        568
     ALA35f  *C2022 10 31.56413 03 25 00.68 +13 22 36.5          22.1        568
     ALA35f  *C2022 10 31.56765 03 25 00.49 +13 22 35.6          22.1        568
     ALA35V  *C2022 10 31.56060 03 26 13.13 +13 31 49.1          24.1        568
     ALA35V  *C2022 10 31.56413 03 26 12.98 +13 31 48.5          24.2        568
     ALA35V  *C2022 10 31.56765 03 26 12.77 +13 31 47.5          24.0        568
     ALA3i0  *C2022 10 31.56060 03 26 10.49 +13 35 15.5          25.3        568
     ALA3i0  *C2022 10 31.56413 03 26 10.40 +13 35 15.0          24.9        568
     ALA3i0  *C2022 10 31.56765 03 26 10.28 +13 35 14.3          24.9        568
     ALA3kU  *C2022 10 31.56060 03 25 46.82 +13 22 10.3          22.8        568
     ALA3kU  *C2022 10 31.56413 03 25 46.62 +13 22 09.7          22.9        568
     ALA3kU  *C2022 10 31.56765 03 25 46.43 +13 22 09.1          23.0        568
     ALA3kX  *C2022 10 31.56060 03 25 26.89 +13 17 48.0          24.7        568
     ALA3kX  *C2022 10 31.56413 03 25 26.76 +13 17 47.9          25.1        568
     ALA3kX  *C2022 10 31.56765 03 25 26.64 +13 17 47.5          24.9        568
     ALA3kY  *C2022 10 31.56060 03 25 14.90 +13 17 38.0          24.2        568
     ALA3kY  *C2022 10 31.56413 03 25 14.76 +13 17 37.4          24.3        568
     ALA3kY  *C2022 10 31.56765 03 25 14.57 +13 17 36.5          24.6        568
     ALA3PZ  *C2022 10 31.56060 03 26 13.76 +13 34 54.7          23.7        568
     ALA3PZ  *C2022 10 31.56413 03 26 13.64 +13 34 54.3          23.8        568
     ALA3PZ  *C2022 10 31.56765 03 26 13.53 +13 34 53.9          23.7        568
     ALA3XS  *C2022 10 31.56060 03 24 50.51 +13 16 21.3          24.3        568
     ALA3XS  *C2022 10 31.56413 03 24 50.30 +13 16 20.0          24.1        568
     ALA3XS  *C2022 10 31.56765 03 24 50.06 +13 16 18.6          24.6        568
     ALA356  *C2022 10 31.56060 03 25 38.29 +13 41 21.8          23.3        568
     ALA356  *C2022 10 31.56413 03 25 38.12 +13 41 20.5          23.3        568
     ALA356  *C2022 10 31.56765 03 25 37.96 +13 41 19.1          23.1        568
     ALA367  *C2022 10 31.56060 03 24 47.95 +13 40 07.6          23.4        568
     ALA367  *C2022 10 31.56413 03 24 47.83 +13 40 04.2          23.6        568
     ALA367  *C2022 10 31.56765 03 24 47.73 +13 40 01.3          23.3        568
     ALA3j6  *C2022 10 31.56060 03 25 39.61 +13 48 13.0          24.8        568
     ALA3j6  *C2022 10 31.56413 03 25 39.47 +13 48 12.3          24.5        568
     ALA3j6  *C2022 10 31.56765 03 25 39.36 +13 48 11.7          23.9        568
     ALA3jm  *C2022 10 31.56060 03 25 45.10 +13 39 57.5          24.7        568
     ALA3jm  *C2022 10 31.56413 03 25 44.91 +13 39 56.9          24.0        568
     ALA3jm  *C2022 10 31.56765 03 25 44.68 +13 39 56.2          24.4        568
     ALA3jn  *C2022 10 31.56060 03 25 52.72 +13 39 37.5          24.7        568
     ALA3jn  *C2022 10 31.56413 03 25 52.62 +13 39 37.5          24.8        568
     ALA3jn  *C2022 10 31.56765 03 25 52.48 +13 39 37.2          25.3        568
     ALA3jq  *C2022 10 31.56060 03 25 14.75 +13 38 52.9          24.6        568
     ALA3jq  *C2022 10 31.56413 03 25 14.52 +13 38 52.0          24.2        568
     ALA3jq  *C2022 10 31.56765 03 25 14.33 +13 38 51.5          24.5        568
     ALA3jy  *C2022 10 31.56060 03 24 31.95 +13 39 10.8          25.3        568
     ALA3jy  *C2022 10 31.56413 03 24 31.77 +13 39 10.3          24.4        568
     ALA3jy  *C2022 10 31.56765 03 24 31.56 +13 39 09.9          24.7        568
     ALA3k1  *C2022 10 31.56060 03 24 29.59 +13 34 28.3          23.7        568
     ALA3k1  *C2022 10 31.56413 03 24 29.37 +13 34 27.8          23.8        568
     ALA3k1  *C2022 10 31.56765 03 24 29.18 +13 34 27.3          23.9        568
     ALA3Pb  *C2022 10 31.56060 03 25 16.83 +13 35 09.8          23.3        568
     ALA3Pb  *C2022 10 31.56413 03 25 16.66 +13 35 08.1          23.7        568
     ALA3Pb  *C2022 10 31.56765 03 25 16.49 +13 35 06.5          23.2        568
     ALA3Qz  *C2022 10 31.56060 03 25 02.89 +13 34 06.8          23.1        568
     ALA3Qz  *C2022 10 31.56413 03 25 02.74 +13 34 05.6          23.3        568
     ALA3Qz  *C2022 10 31.56765 03 25 02.57 +13 34 04.3          23.1        568
