     AST013 * C2017 04 15.67761 11 44 38.72 +15 09 13.3          17.9 Vq     C97
     AST013   C2017 04 15.72199 11 44 42.06 +15 08 42.2          17.7 Vq     C97
     AST013   C2018 03 22.70076 08 40 12.23 +10 23 12.3          18.1 Vq     C97
     AST013   C2018 03 22.76671 08 40 12.30 +10 23 17.0          17.7 Vq     C97
     AST013  2S2022 11 12.68273 23 06 29.57 -05 03 29.7          25.9 V      274
     AST013  2S2022 11 12.69863 23 06 30.19 -05 03 24.9          25.9 V      274
     AST013  2S2022 11 12.71452 23 06 30.81 -05 03 20.1          25.9 V      274


     AST012  2S2022 11 12.76150 23 06 30.10 -05 03 24.0          27.2 V      274
     AST012  2S2022 11 12.81931 23 06 31.04 -05 03 26.6          27.2 V      274
     AST013  2S2022 11 12.71452 23 06 30.81 -05 03 20.1          25.9 V      274
     AST014  2S2022 11 12.73091 23 06 31.41 -05 03 53.2          24.6 V      274
     AST014  2S2022 11 12.74680 23 06 31.64 -05 03 52.0          24.6 V      274
     AST014  2S2022 11 12.76270 23 06 31.87 -05 03 51.0          24.6 V      274
     AST015  2S2022 11 12.73091 23 06 29.69 -05 03 51.1          26.4 V      274
     AST015  2S2022 11 12.74680 23 06 30.38 -05 03 47.5          26.4 V      274
     AST015  2S2022 11 12.76270 23 06 31.07 -05 03 43.8          26.4 V      274
     AST016  2S2022 11 12.71452 23 06 32.33 -05 03 26.3          27.9 V      274
     AST017  2S2022 11 12.72272 23 06 28.62 -05 02 58.1          27.9 V      274
     AST017  2S2022 11 12.73861 23 06 28.85 -05 02 56.6          27.9 V      274
     AST012  2S2022 11 12.76150 23 06 30.10 -05 03 24.0          27.2 V      274
     AST012  2S2022 11 12.81931 23 06 31.04 -05 03 26.6          27.2 V      274
     AST014  2S2022 11 12.73091 23 06 31.41 -05 03 53.2          24.6 V      274
     AST014  2S2022 11 12.74680 23 06 31.64 -05 03 52.0          24.6 V      274
     AST014  2S2022 11 12.76270 23 06 31.87 -05 03 51.0          24.6 V      274
     AST015  2S2022 11 12.73091 23 06 29.69 -05 03 51.1          26.4 V      274
     AST015  2S2022 11 12.74680 23 06 30.38 -05 03 47.5          26.4 V      274
     AST015  2S2022 11 12.76270 23 06 31.07 -05 03 43.8          26.4 V      274
     AST017  2S2022 11 12.72272 23 06 28.62 -05 02 58.1          27.9 V      274
     AST017  2S2022 11 12.73861 23 06 28.85 -05 02 56.6          27.9 V      274
     AST012  2S2022 11 12.76150 23 06 30.10 -05 03 24.0          27.2 V      274
     AST012  2S2022 11 12.81931 23 06 31.04 -05 03 26.6          27.2 V      274
     AST014  2S2022 11 12.73091 23 06 31.41 -05 03 53.2          24.6 V      274
     AST014  2S2022 11 12.74680 23 06 31.64 -05 03 52.0          24.6 V      274
     AST014  2S2022 11 12.76270 23 06 31.87 -05 03 51.0          24.6 V      274
     AST015  2S2022 11 12.73091 23 06 29.69 -05 03 51.1          26.4 V      274
     AST015  2S2022 11 12.74680 23 06 30.38 -05 03 47.5          26.4 V      274
     AST015  2S2022 11 12.76270 23 06 31.07 -05 03 43.8          26.4 V      274
     AST017  2S2022 11 12.72272 23 06 28.62 -05 02 58.1          27.9 V      274
     AST017  2S2022 11 12.73861 23 06 28.85 -05 02 56.6          27.9 V      274
