     ALA320  *C2022 10 29.42640 03 31 25.93 +14 23 00.3          23.0        568
     ALA320  *C2022 10 29.42993 03 31 25.83 +14 22 59.8          23.2        568
     ALA320  *C2022 10 29.43345 03 31 25.73 +14 22 59.2          23.0        568
     ALA320  *C2022 10 29.51851 03 31 23.26 +14 22 45.5          23.2        568
     ALA320  *C2022 10 30.53674 03 30 54.290+14 20 00.89                     568
     ALA320  *C2022 10 30.54032 03 30 54.161+14 20 00.10                     568
     ALA320  *C2022 10 30.54385 03 30 54.070+14 19 59.59                     568
     ALA320  *C2022 10 31.53946 03 30 25.339+14 17 18.31                     568
     ALA320  *C2022 10 31.54299 03 30 25.250+14 17 17.70                     568


     ALA31I  *C2022 10 31.54299 03 30 39.58 +14 35 03.2          23.8        568
     ALA31I  *C2022 10 31.54652 03 30 39.33 +14 35 02.9          23.7        568
     ALA31j  *C2022 10 31.54299 03 31 08.99 +14 11 16.0          24.9        568
     ALA31j  *C2022 10 31.54652 03 31 08.80 +14 11 15.2          24.5        568
     ALA31m  *C2022 10 31.54299 03 30 40.38 +14 21 00.4          23.0        568
     ALA31m  *C2022 10 31.54652 03 30 40.21 +14 20 59.9          23.5        568
     ALA31N  *C2022 10 31.54299 03 30 56.52 +14 26 44.9          23.6        568
     ALA31N  *C2022 10 31.54652 03 30 56.38 +14 26 44.3          23.3        568
     ALA31r  *C2022 10 31.54299 03 30 56.40 +14 11 14.0          23.9        568
     ALA31r  *C2022 10 31.54652 03 30 56.24 +14 11 13.5          24.0        568
     ALA31t  *C2022 10 31.54299 03 31 03.79 +14 16 01.9          24.7        568
     ALA31t  *C2022 10 31.54652 03 31 03.69 +14 16 01.2          24.2        568
     ALA31v  *C2022 10 31.54299 03 30 05.82 +14 23 21.3          23.3        568
     ALA31v  *C2022 10 31.54652 03 30 05.61 +14 23 21.4          23.3        568
     ALA31w  *C2022 10 31.54299 03 30 42.95 +14 19 34.3          23.3        568
     ALA31w  *C2022 10 31.54652 03 30 42.82 +14 19 33.8          23.3        568
     ALA31y  *C2022 10 31.54299 03 30 28.57 +14 19 54.9          24.0        568
     ALA31y  *C2022 10 31.54652 03 30 28.39 +14 19 54.2          24.6        568
     ALA320  *C2022 10 31.54299 03 30 25.250+14 17 17.70                     568
     ALA321  *C2022 10 31.54299 03 29 59.491+14 11 30.41                     568
     ALA321  *C2022 10 31.54652 03 29 59.390+14 11 30.08                     568
     ALA32a  *C2022 10 31.55005 03 29 42.64 +13 58 04.8          24.5        568
     ALA32a  *C2022 10 31.55355 03 29 42.52 +13 58 04.2          24.2        568
     ALA32a  *C2022 10 31.55708 03 29 42.41 +13 58 03.8          24.1        568
     ALA32b  *C2022 10 31.55005 03 28 19.29 +13 56 14.4          24.6        568
     ALA32b  *C2022 10 31.55355 03 28 19.12 +13 56 13.0          24.5        568
     ALA32b  *C2022 10 31.55708 03 28 18.92 +13 56 11.2          25.0        568
     ALA32c  *C2022 10 31.55005 03 28 19.17 +14 03 31.1          23.9        568
     ALA32c  *C2022 10 31.55355 03 28 18.95 +14 03 30.3          23.9        568
     ALA32c  *C2022 10 31.55708 03 28 18.78 +14 03 29.8          24.2        568
     ALA32Q  *C2022 10 31.55005 03 30 18.09 +14 05 05.2          23.7        568
     ALA32Q  *C2022 10 31.55355 03 30 17.92 +14 05 05.2          23.8        568
     ALA32Q  *C2022 10 31.55708 03 30 17.74 +14 05 05.3          24.0        568
     ALA32R  *C2022 10 31.54299 03 30 17.14 +14 07 21.9          23.9        568
     ALA32R  *C2022 10 31.54652 03 30 16.95 +14 07 21.2          23.7        568
     ALA32R  *C2022 10 31.55005 03 30 16.74 +14 07 20.1          24.0        568
     ALA32R  *C2022 10 31.55355 03 30 16.57 +14 07 19.6          23.8        568
     ALA32R  *C2022 10 31.55708 03 30 16.40 +14 07 18.8          23.5        568
     ALA32T  *C2022 10 31.54299 03 29 51.53 +14 04 49.7          23.6        568
     ALA32T  *C2022 10 31.54652 03 29 51.40 +14 04 49.8          24.2        568
     ALA32T  *C2022 10 31.55005 03 29 51.15 +14 04 49.7          23.6        568
     ALA32T  *C2022 10 31.55355 03 29 50.96 +14 04 49.9          23.6        568
     ALA32T  *C2022 10 31.55708 03 29 50.77 +14 04 50.0          23.5        568
     ALA32W  *C2022 10 31.55005 03 28 24.44 +14 02 29.3          22.9        568
     ALA32W  *C2022 10 31.55355 03 28 24.22 +14 02 29.2          22.9        568
     ALA32W  *C2022 10 31.55708 03 28 23.97 +14 02 29.2          22.9        568
     ALA32X  *C2022 10 31.55005 03 28 49.09 +14 03 07.8          24.5        568
     ALA32X  *C2022 10 31.55355 03 28 48.87 +14 03 06.8          23.8        568
     ALA32X  *C2022 10 31.55708 03 28 48.69 +14 03 06.1          23.9        568
     ALA335  *C2022 10 31.55005 03 28 28.83 +13 39 35.5          23.1        568
     ALA335  *C2022 10 31.55355 03 28 28.65 +13 39 34.5          23.2        568
     ALA335  *C2022 10 31.55708 03 28 28.47 +13 39 33.3          23.2        568
     ALA34I  *C2022 10 31.55005 03 28 24.24 +14 04 26.2          23.1        568
     ALA34I  *C2022 10 31.55355 03 28 24.13 +14 04 26.0          23.0        568
     ALA34I  *C2022 10 31.55708 03 28 24.03 +14 04 25.7          23.1        568
     ALA35t  *C2022 10 31.55005 03 28 29.88 +13 52 49.7          24.1        568
     ALA35t  *C2022 10 31.55355 03 28 29.72 +13 52 49.1          24.4        568
     ALA35t  *C2022 10 31.55708 03 28 29.50 +13 52 48.0          24.8        568
     ALA362  *C2022 10 31.55005 03 28 31.09 +13 48 54.3          22.9        568
     ALA362  *C2022 10 31.55355 03 28 30.92 +13 48 53.4          22.9        568
     ALA362  *C2022 10 31.55708 03 28 30.74 +13 48 52.3          22.8        568
     ALA3Ak  *C2022 10 31.54299 03 30 39.76 +14 26 42.1          23.6        568
     ALA3Ak  *C2022 10 31.54652 03 30 39.51 +14 26 41.2          23.8        568
     ALA3Ax  *C2022 10 31.55005 03 29 25.57 +14 24 32.7          22.7        568
     ALA3Ax  *C2022 10 31.55355 03 29 25.39 +14 24 31.5          22.7        568
     ALA3Ax  *C2022 10 31.55708 03 29 25.22 +14 24 30.4          22.7        568
     ALA3Cf  *C2022 10 31.55005 03 28 51.85 +13 51 44.3          22.5        568
     ALA3Cf  *C2022 10 31.55355 03 28 51.65 +13 51 43.9          22.5        568
     ALA3Cf  *C2022 10 31.55708 03 28 51.44 +13 51 43.4          22.5        568
     ALA3DC  *C2022 10 31.55005 03 27 30.40 +14 12 11.2          23.6        568
     ALA3DC  *C2022 10 31.55355 03 27 30.19 +14 12 10.4          24.1        568
     ALA3DC  *C2022 10 31.55708 03 27 30.03 +14 12 09.8          23.7        568
     ALA3dO  *C2022 10 31.54299 03 31 00.36 +14 31 41.0          24.2        568
     ALA3dO  *C2022 10 31.54652 03 31 00.20 +14 31 40.1          24.6        568
     ALA3dS  *C2022 10 31.54299 03 30 43.83 +14 37 34.7          24.0        568
     ALA3dS  *C2022 10 31.54652 03 30 43.68 +14 37 33.4          23.8        568
     ALA3dT  *C2022 10 31.54299 03 30 42.51 +14 41 01.7          25.0        568
     ALA3dT  *C2022 10 31.54652 03 30 42.40 +14 41 00.8          24.6        568
     ALA3dU  *C2022 10 31.54299 03 30 33.00 +14 41 56.4          24.3        568
     ALA3dU  *C2022 10 31.54652 03 30 32.79 +14 41 55.7          24.6        568
     ALA3dW  *C2022 10 31.54299 03 30 09.54 +14 43 47.4          24.3        568
     ALA3dW  *C2022 10 31.54652 03 30 09.43 +14 43 46.8          24.6        568
     ALA3dY  *C2022 10 31.54299 03 30 10.35 +14 42 19.7          23.5        568
     ALA3dY  *C2022 10 31.54652 03 30 10.13 +14 42 18.1          24.2        568
     ALA3dz  *C2022 10 31.54299 03 31 14.02 +14 27 56.6          23.9        568
     ALA3dz  *C2022 10 31.54652 03 31 13.89 +14 27 55.1          24.4        568
     ALA3E3  *C2022 10 31.55005 03 28 25.98 +14 03 45.8          24.5        568
     ALA3E3  *C2022 10 31.55355 03 28 25.80 +14 03 45.2          24.6        568
     ALA3E3  *C2022 10 31.55708 03 28 25.61 +14 03 44.4          24.9        568
     ALA3e4  *C2022 10 31.54299 03 30 44.41 +14 28 31.6          24.3        568
     ALA3e4  *C2022 10 31.54652 03 30 44.22 +14 28 30.9          24.1        568
     ALA3E4  *C2022 10 31.55005 03 28 08.39 +14 06 24.5          23.3        568
     ALA3E4  *C2022 10 31.55355 03 28 08.19 +14 06 23.8          23.3        568
     ALA3E4  *C2022 10 31.55708 03 28 07.98 +14 06 23.1          23.4        568
     ALA3e7  *C2022 10 31.54299 03 30 36.36 +14 20 30.3          24.4        568
     ALA3e7  *C2022 10 31.54652 03 30 36.16 +14 20 29.1          24.5        568
     ALA3E8  *C2022 10 31.55005 03 28 00.23 +13 47 58.5          22.4        568
     ALA3E8  *C2022 10 31.55355 03 28 00.07 +13 47 56.2          22.3        568
     ALA3E8  *C2022 10 31.55708 03 27 59.90 +13 47 53.9          22.4        568
     ALA3eE  *C2022 10 31.54299 03 30 13.37 +14 21 53.2          24.4        568
     ALA3eE  *C2022 10 31.54652 03 30 13.23 +14 21 51.6          24.1        568
     ALA3eh  *C2022 10 31.54299 03 31 13.88 +14 02 05.7          24.3        568
     ALA3eh  *C2022 10 31.54652 03 31 13.70 +14 02 05.6          23.9        568
     ALA3el  *C2022 10 31.54299 03 30 59.10 +14 11 08.5          23.2        568
     ALA3el  *C2022 10 31.54652 03 30 58.86 +14 11 09.2          23.1        568
     ALA3em  *C2022 10 31.54299 03 31 13.89 +14 09 45.4          24.6        568
     ALA3em  *C2022 10 31.54652 03 31 13.73 +14 09 44.8          24.3        568
     ALA3en  *C2022 10 31.54299 03 31 10.78 +14 04 21.0          25.1        568
     ALA3en  *C2022 10 31.54652 03 31 10.65 +14 04 20.7          25.3        568
     ALA3eq  *C2022 10 31.54299 03 30 38.10 +14 06 13.3          23.8        568
     ALA3eq  *C2022 10 31.54652 03 30 37.91 +14 06 12.0          24.4        568
     ALA3eu  *C2022 10 31.54299 03 30 04.77 +14 04 14.0          23.7        568
     ALA3eu  *C2022 10 31.54652 03 30 04.57 +14 04 13.3          23.8        568
     ALA3fg  *C2022 10 31.54299 03 29 36.66 +14 06 42.7          24.4        568
     ALA3fg  *C2022 10 31.54652 03 29 36.47 +14 06 41.4          24.9        568
     ALA3fH  *C2022 10 31.54299 03 30 56.72 +13 57 23.0          23.7        568
     ALA3fH  *C2022 10 31.54652 03 30 56.48 +13 57 23.0          23.5        568
     ALA3fi  *C2022 10 31.55005 03 29 42.39 +14 24 44.5          23.9        568
     ALA3fi  *C2022 10 31.55355 03 29 42.22 +14 24 43.9          24.3        568
     ALA3fi  *C2022 10 31.55708 03 29 42.05 +14 24 43.2          23.9        568
     ALA3fK  *C2022 10 31.54299 03 30 42.71 +13 50 41.9          25.1        568
     ALA3fK  *C2022 10 31.54652 03 30 42.45 +13 50 41.9          24.6        568
     ALA3fM  *C2022 10 31.54299 03 30 18.48 +13 49 39.8          25.8        568
     ALA3fM  *C2022 10 31.54652 03 30 18.33 +13 49 38.6          25.0        568
     ALA3fU  *C2022 10 31.54299 03 29 35.60 +14 17 34.6          24.7        568
     ALA3fU  *C2022 10 31.54652 03 29 35.46 +14 17 34.7          23.9        568
     ALA3fX  *C2022 10 31.54299 03 29 45.66 +14 26 52.7          24.2        568
     ALA3fX  *C2022 10 31.54652 03 29 45.51 +14 26 51.9          24.5        568
     ALA3fY  *C2022 10 31.54299 03 29 51.34 +14 16 36.8          24.3        568
     ALA3fY  *C2022 10 31.54652 03 29 51.18 +14 16 35.7          24.2        568
     ALA3Fz  *C2022 10 31.55005 03 28 46.30 +14 02 01.3          22.9        568
     ALA3Fz  *C2022 10 31.55355 03 28 46.15 +14 02 00.8          22.9        568
     ALA3Fz  *C2022 10 31.55708 03 28 45.97 +14 02 00.0          23.1        568
     ALA3g8  *C2022 10 31.55005 03 29 17.62 +14 09 29.4          24.6        568
     ALA3g8  *C2022 10 31.55355 03 29 17.51 +14 09 28.4          24.6        568
     ALA3g8  *C2022 10 31.55708 03 29 17.38 +14 09 27.2          24.5        568
     ALA3gA  *C2022 10 31.55005 03 28 54.70 +14 06 06.2          24.2        568
     ALA3gA  *C2022 10 31.55355 03 28 54.50 +14 06 05.3          23.5        568
     ALA3gA  *C2022 10 31.55708 03 28 54.24 +14 06 04.2          24.4        568
     ALA3gK   C2022 10 31.55005 03 27 53.611+14 03 52.88         23.4 G      T14
     ALA3gK   C2022 10 31.55355 03 27 53.400+14 03 47.20         23.9 G      T14
     ALA3gK   C2022 10 31.55708 03 27 53.170+14 03 40.61         24.5 G      T14
     ALA3gN  *C2022 10 31.55005 03 28 01.87 +14 04 14.7          24.7        568
     ALA3gN  *C2022 10 31.55355 03 28 01.70 +14 04 14.0          24.0        568
     ALA3gN  *C2022 10 31.55708 03 28 01.53 +14 04 13.3          24.0        568
     ALA3gR  *C2022 10 31.55005 03 27 25.67 +14 05 38.1          24.0        568
     ALA3gR  *C2022 10 31.55355 03 27 25.54 +14 05 37.6          24.2        568
     ALA3gR  *C2022 10 31.55708 03 27 25.39 +14 05 37.1          24.9        568
     ALA3gu  *C2022 10 31.55005 03 28 45.74 +13 47 31.3          25.2        568
     ALA3gu  *C2022 10 31.55355 03 28 45.61 +13 47 31.1          25.2        568
     ALA3gu  *C2022 10 31.55708 03 28 45.49 +13 47 30.9          25.2        568
     ALA3gw  *C2022 10 31.55005 03 28 44.62 +13 53 38.6          24.5        568
     ALA3gw  *C2022 10 31.55355 03 28 44.39 +13 53 38.8          24.2        568
     ALA3gw  *C2022 10 31.55708 03 28 44.20 +13 53 38.9          24.6        568
     ALA3h3  *C2022 10 31.55005 03 28 20.81 +13 51 43.0          24.1        568
     ALA3h3  *C2022 10 31.55355 03 28 20.64 +13 51 42.1          24.1        568
     ALA3h3  *C2022 10 31.55708 03 28 20.42 +13 51 41.2          24.4        568
     ALA3h8  *C2022 10 31.55005 03 28 06.05 +13 52 57.4          23.9        568
     ALA3h8  *C2022 10 31.55355 03 28 05.87 +13 52 56.4          23.7        568
     ALA3h8  *C2022 10 31.55708 03 28 05.68 +13 52 55.5          23.6        568
     ALA3h9  *C2022 10 31.55005 03 28 01.03 +13 52 21.0          25.3        568
     ALA3h9  *C2022 10 31.55355 03 28 00.81 +13 52 20.1          25.2        568
     ALA3h9  *C2022 10 31.55708 03 28 00.64 +13 52 19.4          24.3        568
     ALA3ha  *C2022 10 31.55005 03 29 13.35 +13 39 27.8          24.2        568
     ALA3ha  *C2022 10 31.55355 03 29 13.17 +13 39 26.6          24.1        568
     ALA3ha  *C2022 10 31.55708 03 29 13.00 +13 39 25.5          24.1        568
     ALA3hA  *C2022 10 31.55005 03 28 02.85 +13 50 26.1          24.0        568
     ALA3hA  *C2022 10 31.55355 03 28 02.64 +13 50 25.1          23.9        568
     ALA3hA  *C2022 10 31.55708 03 28 02.50 +13 50 24.3          24.6        568
     ALA3hb  *C2022 10 31.55005 03 29 29.05 +13 38 00.3          23.5        568
     ALA3hb  *C2022 10 31.55355 03 29 28.85 +13 37 58.6          23.6        568
     ALA3hb  *C2022 10 31.55708 03 29 28.66 +13 37 57.1          23.8        568
     ALA3he  *C2022 10 31.55005 03 28 59.80 +13 34 51.0          24.0        568
     ALA3he  *C2022 10 31.55355 03 28 59.63 +13 34 50.2          24.4        568
     ALA3he  *C2022 10 31.55708 03 28 59.49 +13 34 49.4          24.6        568
     ALA3hj  *C2022 10 31.55005 03 28 17.37 +13 36 31.4          24.1        568
     ALA3hj  *C2022 10 31.55355 03 28 17.18 +13 36 30.5          24.2        568
     ALA3hj  *C2022 10 31.55708 03 28 17.00 +13 36 29.5          24.0        568
     ALA3hX  *C2022 10 31.55005 03 29 55.97 +13 34 09.9          23.7        568
     ALA3hX  *C2022 10 31.55355 03 29 55.80 +13 34 08.0          23.8        568
     ALA3hX  *C2022 10 31.55708 03 29 55.62 +13 34 05.9          23.8        568
     ALA3hY  *C2022 10 31.55005 03 29 55.87 +13 33 57.7          23.6        568
     ALA3hY  *C2022 10 31.55355 03 29 55.68 +13 33 56.9          24.0        568
     ALA3hY  *C2022 10 31.55708 03 29 55.52 +13 33 56.2          23.9        568
     ALA3hZ  *C2022 10 31.55005 03 29 12.96 +13 32 05.5          21.9        568
     ALA3hZ  *C2022 10 31.55355 03 29 12.70 +13 32 05.5          21.8        568
     ALA3hZ  *C2022 10 31.55708 03 29 12.46 +13 32 05.4          22.0        568
     ALA3iE  *C2022 10 31.55005 03 30 13.61 +13 59 04.8          23.9        568
     ALA3iE  *C2022 10 31.55355 03 30 13.46 +13 59 03.7          24.2        568
     ALA3iE  *C2022 10 31.55708 03 30 13.31 +13 59 02.8          23.8        568
     ALA3M1  *C2022 10 31.54299 03 31 04.17 +14 24 30.2          23.7        568
     ALA3M1  *C2022 10 31.54652 03 31 04.00 +14 24 29.6          23.6        568
     ALA3M8  *C2022 10 31.54299 03 30 44.14 +14 22 28.9          23.4        568
     ALA3M8  *C2022 10 31.54652 03 30 44.04 +14 22 27.9          23.6        568
     ALA3MB  *C2022 10 31.54299 03 29 42.77 +14 24 46.3          24.0        568
     ALA3MB  *C2022 10 31.54652 03 29 42.60 +14 24 45.5          24.3        568
     ALA3MC  #C2022 10 31.55005 03 29 32.959+13 58 05.41                     T14
     ALA3MC  #C2022 10 31.55355 03 29 32.779+13 58 00.80                     T14
     ALA3MC  #C2022 10 31.55708 03 29 32.570+13 57 56.02                     T14
     ALA3NJ  *C2022 10 31.54299 03 29 44.84 +14 02 06.6          22.3        568
     ALA3NJ  *C2022 10 31.54652 03 29 44.61 +14 02 07.5          22.3        568
     ALA3NJ  *C2022 10 31.55005 03 29 44.41 +14 02 08.7          22.3        568
     ALA3NJ  *C2022 10 31.55355 03 29 44.19 +14 02 09.5          22.2        568
     ALA3NJ  *C2022 10 31.55708 03 29 43.97 +14 02 10.6          22.3        568
     ALA3P9  *C2022 10 31.55005 03 28 18.17 +13 38 03.2          22.6        568
     ALA3P9  *C2022 10 31.55355 03 28 17.97 +13 38 03.1          22.6        568
     ALA3P9  *C2022 10 31.55708 03 28 17.76 +13 38 03.0          22.5        568
     ALA3uc  *C2022 10 31.55005 03 28 08.090+14 09 12.31         25.2 g      568
     ALA3uc  *C2022 10 31.55355 03 28 07.980+14 09 11.99         25.8 g      568
     ALA3uc  *C2022 10 31.55708 03 28 07.870+14 09 11.59         24.6 g      568
     P21Bn3J  C2022 11 01.34526303 29 08.269+13 25 13.30         21.50wU     F52
     P21Bn3J  C2022 11 01.36676703 29 07.395+13 24 56.94         21.70wU     F52
     P21Bn3J  C2022 11 01.37758903 29 06.974+13 24 48.11         21.48wU     F52
     ALA31m  *C2022 10 31.54652 03 30 40.21 +14 20 59.9          23.5        568
     ALA31w  *C2022 10 31.54652 03 30 42.82 +14 19 33.8          23.3        568
     ALA31y  *C2022 10 31.54652 03 30 28.39 +14 19 54.2          24.6        568
     ALA321  *C2022 10 31.54652 03 29 59.390+14 11 30.08                     568
     ALA32Q  *C2022 10 31.55005 03 30 18.09 +14 05 05.2          23.7        568
     ALA32Q  *C2022 10 31.55355 03 30 17.92 +14 05 05.2          23.8        568
     ALA32Q  *C2022 10 31.55708 03 30 17.74 +14 05 05.3          24.0        568
     ALA32R  *C2022 10 31.54652 03 30 16.95 +14 07 21.2          23.7        568
     ALA32R  *C2022 10 31.55005 03 30 16.74 +14 07 20.1          24.0        568
     ALA32R  *C2022 10 31.55355 03 30 16.57 +14 07 19.6          23.8        568
     ALA32R  *C2022 10 31.55708 03 30 16.40 +14 07 18.8          23.5        568
     ALA32T  *C2022 10 31.54652 03 29 51.40 +14 04 49.8          24.2        568
     ALA32T  *C2022 10 31.55005 03 29 51.15 +14 04 49.7          23.6        568
     ALA32T  *C2022 10 31.55355 03 29 50.96 +14 04 49.9          23.6        568
     ALA32T  *C2022 10 31.55708 03 29 50.77 +14 04 50.0          23.5        568
     ALA3e7  *C2022 10 31.54652 03 30 36.16 +14 20 29.1          24.5        568
     ALA3eE  *C2022 10 31.54652 03 30 13.23 +14 21 51.6          24.1        568
     ALA3eu  *C2022 10 31.54652 03 30 04.57 +14 04 13.3          23.8        568
     ALA31m  *C2022 10 31.54652 03 30 40.21 +14 20 59.9          23.5        568
     ALA31v  *C2022 10 31.54652 03 30 05.61 +14 23 21.4          23.3        568
     ALA31w  *C2022 10 31.54652 03 30 42.82 +14 19 33.8          23.3        568
     ALA31y  *C2022 10 31.54652 03 30 28.39 +14 19 54.2          24.6        568
     ALA3e7  *C2022 10 31.54652 03 30 36.16 +14 20 29.1          24.5        568
     ALA3eE  *C2022 10 31.54652 03 30 13.23 +14 21 51.6          24.1        568
     ALA3fi  *C2022 10 31.55005 03 29 42.39 +14 24 44.5          23.9        568
     ALA3fi  *C2022 10 31.55355 03 29 42.22 +14 24 43.9          24.3        568
     ALA3fi  *C2022 10 31.55708 03 29 42.05 +14 24 43.2          23.9        568
     ALA3fX  *C2022 10 31.54652 03 29 45.51 +14 26 51.9          24.5        568
     ALA3MB  *C2022 10 31.54652 03 29 42.60 +14 24 45.5          24.3        568
