     as13      1999 08 29.83818 20 48 03.30 -10 14 06.1          17.8 R      094
     as13      1999 08 29.85701 20 48 04.14 -10 13 56.7          17.5 R      094
     as13      1999 08 29.88723 20 48 05.87 -10 13 44.2          17.4 R      094
     as13      1999 08 29.94708 20 48 09.18 -10 13 20.4          17.3 R      094
     as13     C1999 12 12.89352 07 16 51.14 +21 46 56.4                c     B18
     as13     C1999 12 13.05181 07 16 49.51 +21 47 06.7                c     B18
     as13     C1999 12 13.12328 07 16 48.86 +21 47 12.5                c     B18


     as13     C1999 12 13.12328 07 16 48.86 +21 47 12.5                c     B18
