     EM00014 .C2018 11 01.07865 02 39 56.63 +14 35 59.8          19.5 RL     950
     EM00014 .C2018 11 01.08239 02 39 56.45 +14 35 58.7          19.5 RL     950
     EM00014 .C2018 11 01.08608 02 39 56.27 +14 35 57.7          19.7 RL     950
     EM00014 .C2018 11 01.08977 02 39 56.10 +14 35 56.6          19.7 RL     950
     EM00014 .C2018 11 01.14284 04 13 23.81 +22 16 03.0          20.9 IL     950
     EM00014 .C2018 11 01.14652 04 13 23.63 +22 16 02.5          21.4 IL     950
     EM00014 .C2018 11 01.15022 04 13 23.47 +22 16 02.2          21.0 IL     950
     EM00014 .C2018 11 01.15393 04 13 23.29 +22 16 02.1          21.3 IL     950
     EM00014 .C2018 11 04.95685 02 12 33.10 +13 38 48.2          20.6 RL     950
     EM00014 .C2018 11 04.95788 02 12 33.04 +13 38 47.8          20.6 RL     950
     EM00014 .C2018 11 04.95891 02 12 32.99 +13 38 47.3          20.4 RL     950
     EM00014 .C2018 11 04.96000 02 12 32.94 +13 38 46.9          20.7 RL     950
     EM00014 .C2018 11 04.96130 02 12 32.87 +13 38 46.3          20.6 RL     950
     EM00014 .C2018 11 04.96233 02 12 32.82 +13 38 45.9          20.8 RL     950
     EM00014 .C2020 10 29.22768 04 14 51.55 +27 47 22.2          20.6 RV     950
     EM00014 .C2020 10 29.22906 04 14 51.50 +27 47 22.3          20.5 RV     950
     EM00014 .C2020 10 29.23050 04 14 51.43 +27 47 22.7          20.6 RV     950
     EM00014 .C2020 10 29.23471 04 14 51.27 +27 47 23.2          21.1 RV     950


     EM00014 .C2020 10 29.23471 04 14 51.27 +27 47 23.2          21.1 RV     950
