     E374023 .C2018 12 30.08823 05 31 56.95 +27 59 15.8          21.6 RL     950
     E374023 .C2018 12 30.09219 05 31 56.61 +27 59 10.9          22.6 RL     950
     E374023 .C2018 12 30.09605 05 31 56.30 +27 59 06.0          22.5 RL     950
     E374023 .C2018 12 30.09984 05 31 55.97 +27 59 01.5          22.4 RL     950
     E374023 .C2018 12 30.91021 05 30 53.95 +27 42 27.4          22.0 RL     950
     E374023 .C2018 12 30.91197 05 30 53.83 +27 42 24.7          20.9 RL     950
     E374023 .C2018 12 30.91369 05 30 53.68 +27 42 22.8          21.2 RL     950
     E374023 .C2018 12 30.91541 05 30 53.47 +27 42 20.4          22.1 RL     950
     E374023 .C2018 12 30.91729 05 30 53.33 +27 42 18.6          21.3 RL     950
     E374023 .C2018 12 30.91906 05 30 53.15 +27 42 15.8          22.1 RL     950
     E374023 .C2019 01 02.99665 05 27 08.68 +26 39 44.1          20.9 RL     950
     E374023 .C2019 01 02.99774 05 27 08.59 +26 39 42.7          21.0 RL     950
     E374023 .C2019 01 02.99878 05 27 08.49 +26 39 41.3          20.8 RL     950
     E374023 .C2019 01 02.99981 05 27 08.43 +26 39 40.0          21.0 RL     950
     E374023 .C2019 01 03.00212 05 27 08.26 +26 39 37.4          21.0 RL     950


     E374023 .C2019 01 03.00212 05 27 08.26 +26 39 37.4          21.0 RL     950
     G374005 .C2019 01 03.00212 05 27 12.07 +26 33 09.6          21.2 RL     950
     G374010 .C2019 01 03.00212 05 27 46.76 +26 54 00.9          21.1 RL     950
     G374016 .C2019 01 03.00212 05 27 35.29 +26 36 21.0          21.2 RL     950
     G374022 .C2019 01 03.00212 05 26 24.12 +26 41 49.6          21.0 RL     950
