     Fv3w1Ii !C2015 02 17.25531 10 42 23.39 +00 23 10.6          23.4 g      W84
     Fv3w1Ii !C2015 02 18.30448 10 42 34.10 +00 19 05.0                      W84
     Fv3w1Ii !C2015 02 19.16374 10 42 41.48 +00 15 46.4                      W84


     DpAU1J7 !C2015 02 19.16374 10 42 54.01 +00 31 10.2                      W84
     DpAU1J7 !C2015 02 19.30137 10 42 48.17 +00 32 02.3                      W84
     DpAU1J7 !C2015 02 19.37021 10 42 45.26 +00 32 28.6                      W84
     DpAU1JA !C2015 02 19.16374 10 43 45.34 -00 18 55.2          23.7 g      W84
     DpAU1JA !C2015 02 19.23237 10 43 41.84 -00 18 40.8                      W84
     DpAU1JA !C2015 02 19.37021 10 43 34.81 -00 18 12.1                      W84
     DpAU1JB !C2015 02 19.16374 10 43 48.32 -00 06 45.0          23.7 g      W84
     DpAU1JB !C2015 02 19.23237 10 43 45.42 -00 06 16.5                      W84
     DpAU1JB !C2015 02 19.30137 10 43 42.50 -00 05 47.6                      W84
     DpAU1JB !C2015 02 19.37021 10 43 39.61 -00 05 19.2                      W84
     Fv3w1Ii !C2015 02 19.16374 10 42 41.48 +00 15 46.4                      W84
     DpAU1JB !C2015 02 19.23237 10 43 45.42 -00 06 16.5                      W84
     DpAU1JB !C2015 02 19.30137 10 43 42.50 -00 05 47.6                      W84
     DpAU1JB !C2015 02 19.37021 10 43 39.61 -00 05 19.2                      W84
     DpAU1JB !C2015 02 19.30137 10 43 42.50 -00 05 47.6                      W84
     DpAU1JB !C2015 02 19.37021 10 43 39.61 -00 05 19.2                      W84
