     EM00013 .C2018 11 01.07865 02 38 34.73 +14 30 33.0          19.9 RL     950
     EM00013 .C2018 11 01.08239 02 38 34.49 +14 30 32.2          19.9 RL     950
     EM00013 .C2018 11 01.08608 02 38 34.24 +14 30 31.4          20.0 RL     950
     EM00013 .C2018 11 01.08977 02 38 34.02 +14 30 30.6          20.1 RL     950
     EM00013 .C2018 11 04.96537 02 22 17.86 +14 32 30.8          22.3 RL     950
     EM00013 .C2018 11 04.96640 02 22 17.79 +14 32 31.2          22.3 RL     950
     EM00013 .C2018 11 04.96853 02 22 17.62 +14 32 31.9          21.9 RL     950
     EM00013 .C2018 11 04.97083 02 22 17.43 +14 32 32.7          21.9 RL     950
     EM00013 .C2018 11 06.05828 02 31 48.26 +28 39 30.2          22.3 RL     950
     EM00013 .C2018 11 06.05931 02 31 48.18 +28 39 29.8          22.0 RL     950
     EM00013 .C2018 11 06.06033 02 31 48.10 +28 39 29.4          22.5 RL     950
     EM00013 .C2018 11 06.06394 02 31 47.87 +28 39 27.6          21.7 RL     950
     EM00013 .C2018 11 06.06600 02 31 47.73 +28 39 26.6          22.2 RL     950


     EM00013 .C2018 11 06.06600 02 31 47.73 +28 39 26.6          22.2 RL     950
     ZVA5A8F  C2018 11 07.26462 02 31 48.31 +28 23 36.6          21.2 GV     G96
     ZVA5A8F  C2018 11 07.27168 02 31 47.97 +28 23 33.7          21.5 GV     G96
     ZVA5A8F  C2018 11 07.27748 02 31 47.72 +28 23 31.6          21.3 GV     G96
     ZVA5A8F  C2018 11 07.28327 02 31 47.38 +28 23 29.0          21.5 GV     G96
