     G1sQ1L6 !C2015 04 24.99833 13 43 46.16 -13 32 29.9          22.2 V      W84
     G1sQ1L6 !C2015 04 25.03275 13 43 44.29 -13 32 20.7                      W84
     G1sQ1L6 !C2015 04 25.06727 13 43 42.39 -13 32 11.4                      W84
     G1sQ1L6 !C2015 04 26.09732 13 42 47.37 -13 27 27.4                      W84
     G1sQ1L6 !C2015 04 26.13172 13 42 45.45 -13 27 17.9                      W84


     G1sQ1K8 !C2015 04 26.13172 13 42 03.12 -13 13 52.4                      W84
     G1sQ1Kd !C2015 04 26.13172 13 42 13.92 -13 13 10.2                      W84
     G1sQ1L6 !C2015 04 26.13172 13 42 45.45 -13 27 17.9                      W84
