     EM00003 .C2018 11 04.91188 02 27 07.31 +28 33 26.1          22.9 RL     950
     EM00003 .C2018 11 04.91571 02 27 07.07 +28 33 26.1          23.7 RL     950
     EM00003 .C2018 11 04.91673 02 27 07.00 +28 33 25.9          22.7 RL     950
     EM00003 .C2018 11 04.96537 02 21 55.85 +14 47 03.1          20.0 RL     950
     EM00003 .C2018 11 04.96640 02 21 55.79 +14 47 03.2          19.9 RL     950
     EM00003 .C2018 11 04.96744 02 21 55.73 +14 47 03.1          20.1 RL     950
     EM00003 .C2018 11 04.96853 02 21 55.66 +14 47 02.8          20.0 RL     950
     EM00003 .C2018 11 04.96972 02 21 55.59 +14 47 02.8          20.1 RL     950
     EM00003 .C2018 11 04.97083 02 21 55.51 +14 47 02.8          20.1 RL     950
     EM00003 .C2018 11 06.03852 02 24 43.06 +27 49 48.7          20.4 RL     950
     EM00003 .C2018 11 06.03955 02 24 42.99 +27 49 48.6          20.5 RL     950
     EM00003 .C2018 11 06.04060 02 24 42.92 +27 49 48.5          20.6 RL     950
     EM00003 .C2018 11 06.06933 02 48 19.59 +28 24 21.6          22.7 RL     950
     EM00003 .C2018 11 06.07036 02 48 19.56 +28 24 20.7          21.3 RL     950
     EM00003 .C2018 11 06.07139 02 48 19.50 +28 24 20.6          21.5 RL     950
     EM00003 .C2020 10 29.24381 05 13 11.59 +18 23 42.2          21.1 RV     950
     EM00003 .C2020 10 29.24487 05 13 11.52 +18 23 41.1          20.9 RV     950
     EM00003 .C2020 10 29.24590 05 13 11.46 +18 23 40.2          21.0 RV     950


     EM00003 .C2020 10 29.24590 05 13 11.46 +18 23 40.2          21.0 RV     950
