     /7199    C2020 01 04.53824 06 56 25.11 +20 35 56.2          14.4 Rq     E89
     /7199    C2020 01 04.54110 06 56 24.74 +20 36 06.3          14.5 Rq     E89
     /7199    C2020 01 15.49571 06 33 14.45 +32 41 41.8          14.7 Rq     E89
     /7199    C2020 01 15.49946 06 33 13.82 +32 41 58.4          14.8 Rq     E89
     /7199    C2020 01 15.50307 06 33 13.24 +32 42 13.7          14.8 Rq     E89
     /7199   1C2020 05 27.80771 15 17 32.76 +41 32 58.9          16.1 GV     186
     /7199   1C2020 05 27.82907 15 17 32.58 +41 31 17.7          16.1 GV     186
     /7199   1C2020 05 27.85044 15 17 32.39 +41 29 37.5          16.2 GV     186
     /7199   1C2020 05 27.87181 15 17 32.24 +41 27 56.3          16.0 GV     186
     /7199   1C2020 05 27.92602 15 17 32.00 +41 23 37.5          16.1 GV     186
     /7199    C2020 06 16.58402 15 24 10.38 +15 04 17.0          16.3  q     Q68
     /7199    C2020 06 16.58548 15 24 10.41 +15 04 10.9          16.3  q     Q68
     /7199    C2020 06 16.58694 15 24 10.44 +15 04 04.0          16.4  q     Q68
     /7199    C2020 06 16.58840 15 24 10.49 +15 03 57.0          16.4  q     Q68
     /7199   KC2020 06 20.93020 15 27 06.83 +09 35 41.2          15.8 Ru     J19
     /7199   KC2020 06 20.93459 15 27 07.00 +09 35 21.7          16.1 Ru     J19
     /7199   KC2020 06 20.93899 15 27 07.17 +09 35 03.1          16.0 Ru     J19
     /7199   KC2020 06 20.94340 15 27 07.33 +09 34 44.2          16.0 Ru     J19
     /7199   KC2020 06 20.94779 15 27 07.51 +09 34 25.1          15.9 Ru     J19
     /7199   KC2020 06 20.95219 15 27 07.66 +09 34 06.5          15.9 Ru     J19


     /7199   KC2020 06 20.95219 15 27 07.66 +09 34 06.5          15.9 Ru     J19
