     Fv5M1KT !C2015 02 17.37736 12 24 47.47 -00 11 13.6          23.5 g      W84
     Fv5M1KT !C2015 02 17.38401 12 24 47.36 -00 11 12.0                      W84
     Fv5M1KT !C2015 02 18.37924 12 24 30.19 -00 07 01.8                      W84
     Fv5M1KT !C2015 02 18.37924 12 24 30.21 -00 07 02.1                      W84
     Fv5M1KT !C2015 02 18.38453 12 24 30.10 -00 07 00.5                      W84
     Fv5M1KT !C2015 02 19.37647 12 24 11.67 -00 02 42.6                      W84
     Fv5M1KT !C2015 02 19.38176 12 24 11.56 -00 02 41.1                      W84
     Fv5M1KT !C2015 02 19.38701 12 24 11.46 -00 02 39.5                      W84


     Fv5M1KT !C2015 02 19.38701 12 24 11.46 -00 02 39.5                      W84
     ta83439 |C2015 02 19.38833112 24 38.692-00 12 35.44         23.40rV     W84
