     Fv3Q1Ig !C2015 02 17.21188 09 28 48.62 +01 45 59.0          23.3 g      W84
     Fv3Q1Ig !C2015 02 18.12301 09 28 58.97 +01 45 52.1                      W84
     Fv3Q1Ig !C2015 02 19.18885 09 29 13.10 +01 45 36.1                      W84


     Dp9y1If !C2015 02 19.18885 09 28 10.51 +01 51 24.9                      W84
     Dp9y1Ig !C2015 02 19.25760 09 28 46.68 +01 55 47.4                      W84
     Dp9y1Ig !C2015 02 19.32656 09 28 43.29 +01 56 02.6                      W84
     Dp9y1Ik !C2015 02 19.32656 09 29 06.30 +01 46 16.0                      W84
     Dp9y1Il !C2015 02 19.25760 09 29 25.92 +01 38 40.2                      W84
     Dp9y1Il !C2015 02 19.32656 09 29 22.89 +01 39 07.1                      W84
     Dp9y1In !C2015 02 19.18885 09 30 37.64 +01 55 35.1                      W84
     Dp9y1In !C2015 02 19.32656 09 30 30.24 +01 56 00.1                      W84
     Fv3Q1Ig !C2015 02 19.18885 09 29 13.10 +01 45 36.1                      W84
     Dp9y1Ik !C2015 02 19.32656 09 29 06.30 +01 46 16.0                      W84
     Dp9y1Ik !C2015 02 19.32656 09 29 06.30 +01 46 16.0                      W84
