     Grig1RL !C2017 04 02.99181 10 14 07.25 -03 58 33.6          22.1 r      W84
     Grig1RL !C2017 04 02.99827 10 14 07.16 -03 58 30.4                      W84
     Grig1RL !C2017 04 03.13984 10 14 05.02 -03 57 16.3                      W84
     Grig1RL !C2017 04 03.14342 10 14 04.96 -03 57 14.4                      W84
     Grig1RL !C2017 04 04.09753 10 13 53.48 -03 48 58.3                      W84
     Grig1RL !C2017 04 04.10107 10 13 53.43 -03 48 56.4                      W84


     Grig1RL !C2017 04 04.10107 10 13 53.43 -03 48 56.4                      W84
     Grih1NR !C2017 04 04.10285 10 12 53.05 -03 56 12.3                      W84
