     EUVB001 .C2018 05 03.87020 10 31 19.61 +10 04 30.1          20.7 RL     950
     EUVB001 .C2018 05 03.87528 10 31 19.57 +10 04 28.6          21.1 RL     950
     EUVB001 .C2018 05 03.88045 10 31 19.65 +10 04 29.4          21.0 RL     950
     EUVB001 .C2018 05 03.88560 10 31 19.63 +10 04 30.2          20.6 RL     950
     EUVB001 .C2018 11 05.15449 03 17 07.22 +28 25 11.3          21.2 RL     950
     EUVB001 .C2018 11 05.15829 03 17 07.18 +28 25 09.9          21.7 RL     950
     EUVB001 .C2018 11 05.16205 03 17 07.08 +28 25 07.9          21.1 RL     950
     EUVB001 .C2019 10 29.90443 22 46 15.91 +20 34 40.6          21.5 RL     950
     EUVB001 .C2019 10 29.90826 22 46 15.93 +20 34 40.4          21.1 RL     950
     EUVB001 .C2019 10 29.91204 22 46 15.94 +20 34 40.7          23.3 RL     950
     EUVB001 .C2019 10 29.91581 22 46 15.95 +20 34 40.5          21.3 RL     950


     EUVB001 .C2019 10 29.91581 22 46 15.95 +20 34 40.5          21.3 RL     950
     EUVB002 .C2019 10 29.91581 22 46 04.23 +20 34 31.6          22.3 RL     950
