     EM00009 .C2018 11 01.07865 02 38 05.38 +14 39 57.7          20.4 RL     950
     EM00009 .C2018 11 01.08239 02 38 05.13 +14 39 57.2          20.6 RL     950
     EM00009 .C2018 11 01.08608 02 38 04.90 +14 39 56.8          20.5 RL     950
     EM00009 .C2018 11 01.08977 02 38 04.66 +14 39 56.3          20.4 RL     950
     EM00009 .C2018 11 01.14284 04 11 56.49 +22 12 14.9          18.2 IL     950
     EM00009 .C2018 11 01.14652 04 11 56.33 +22 12 13.3          18.3 IL     950
     EM00009 .C2018 11 01.15022 04 11 56.17 +22 12 11.9          18.2 IL     950
     EM00009 .C2018 11 01.15393 04 11 55.99 +22 12 10.4          18.5 IL     950
     EM00009 .C2018 11 01.95937 01 56 38.93 +12 09 50.6          22.9 RL     950
     EM00009 .C2018 11 01.96164 01 56 38.65 +12 09 53.0          22.3 RL     950
     EM00009 .C2018 11 01.96380 01 56 38.39 +12 09 54.4          21.3 RL     950
     EM00009 .C2018 11 01.96516 01 56 38.23 +12 09 55.9          21.0 RL     950
     EM00009 .C2018 11 02.00522 02 29 58.81 +13 43 05.2          22.4 RL     950
     EM00009 .C2018 11 02.00626 02 29 58.76 +13 43 04.8          22.3 RL     950
     EM00009 .C2018 11 02.00838 02 29 58.66 +13 43 03.9          22.3 RL     950
     EM00009 .C2018 11 04.91085 02 26 57.32 +28 30 46.4          19.6 RL     950
     EM00009 .C2018 11 04.91188 02 26 57.24 +28 30 46.5          19.6 RL     950
     EM00009 .C2018 11 04.91292 02 26 57.16 +28 30 46.6          19.6 RL     950
     EM00009 .C2018 11 04.91395 02 26 57.09 +28 30 46.8          19.6 RL     950
     EM00009 .C2018 11 04.91571 02 26 56.96 +28 30 47.0          19.6 RL     950
     EM00009 .C2018 11 04.91673 02 26 56.89 +28 30 47.2          19.6 RL     950


     EM00003 .C2018 11 04.91673 02 27 07.00 +28 33 25.9          22.7 RL     950
     EM00007 .C2018 11 04.91673 02 26 26.88 +28 26 50.0          21.7 RL     950
     EM00009 .C2018 11 04.91673 02 26 56.89 +28 30 47.2          19.6 RL     950
