     H369030*4C2019 04 04.48040 12 06 07.08 +02 24 56.8          25.5 g1     T09
     H369030 4C2019 04 04.50980 12 06 05.83 +02 25 04.3          25.4 g1     T09
     H369030 4C2019 04 04.51189 12 06 05.74 +02 25 04.8          24.9 g1     T09
     H369030*4C2019 04 05.52031 12 05 24.68 +02 29 26.4          25.4 r1     T09
     H369030 4C2019 04 05.54335 12 05 23.72 +02 29 32.4          25.3 r1     T09
     H369030 4C2019 04 05.55382 12 05 23.28 +02 29 35.1          25.4 r1     T09
     H369030 4C2019 04 05.57268 12 05 22.50 +02 29 39.5          25.5 r1     T09
     H369030*4C2019 09 27.34879 02 21 20.27 -05 12 36.5          25.4 g1     T09
     H369030 4C2019 09 27.43906 02 21 15.83 -05 12 44.8          25.8 g1     T09
     H369030 4C2019 09 27.53109 02 21 11.30 -05 12 53.2          25.7 g1     T09
     H369030 4C2019 09 27.53425 02 21 11.17 -05 12 53.4          25.7 g1     T09
     H369030 4C2019 09 27.60019 02 21 07.95 -05 12 59.4          26.0 g1     T09


     H203355 4C2019 10 04.59466 02 16 14.40 -05 28 14.9          24.2 z1     T09
     H203355 4C2019 10 04.59849 02 16 14.41 -05 28 14.8          23.4 z1     T09
     H203356 4C2019 10 04.59466 02 16 00.21 -05 20 22.7          23.4 z1     T09
     H203356 4C2019 10 04.59849 02 16 00.22 -05 20 22.8          23.0 z1     T09
     H226815*4C2019 09 29.46854 02 18 10.67 -05 21 28.1          22.1 r1     T09
     H226815 4C2019 09 29.49462 02 18 10.03 -05 21 46.0          21.8 i1     T09
     H226815 4C2019 09 29.49845 02 18 09.95 -05 21 48.4          21.7 i1     T09
     H226815 4C2019 09 29.51293 02 18 09.60 -05 21 58.3          21.7 i1     T09
     H226815 4C2019 09 29.51677 02 18 09.51 -05 22 00.8          21.8 i1     T09
     H226815 4C2019 09 29.53122 02 18 09.15 -05 22 10.8          21.9 i1     T09
     H226815 4C2019 09 29.59096 02 18 07.71 -05 22 51.0          22.4 z1     T09
     H226815 4C2019 09 29.59862 02 18 07.52 -05 22 56.6          22.5 z1     T09
     H226815 4C2019 09 29.61294 02 18 07.18 -05 23 06.2          22.1 z1     T09
     H226815 4C2019 09 29.61677 02 18 07.09 -05 23 08.7          21.9 z1     T09
     H226815 4C2019 09 29.62059 02 18 06.99 -05 23 11.2          21.7 z1     T09
     H229287 4C2019 09 29.43478 02 16 58.74 -05 32 49.8          22.1 r1     T09
     H229287 4C2019 09 29.44605 02 16 58.36 -05 32 54.3          22.0 r1     T09
     H229287 4C2019 09 29.54952 02 16 54.90 -05 33 34.5          21.9 i1     T09
     H229287 4C2019 09 29.59479 02 16 53.40 -05 33 52.0          22.0 z1     T09
     H229713 4C2019 09 27.60019 02 20 31.63 -05 23 55.6          22.8 g1     T09
     H230029 4C2019 09 27.60019 02 20 58.75 -05 02 51.7          24.5 g1     T09
     H257926*4C2019 09 29.43792 02 21 53.83 -05 07 38.2          23.2 r1     T09
     H257926 4C2019 09 29.44921 02 21 53.33 -05 07 38.8          23.4 r1     T09
     H257926 4C2019 09 29.46043 02 21 52.84 -05 07 39.3          23.7 r1     T09
     H257926 4C2019 09 29.52044 02 21 50.13 -05 07 42.8          23.6 i1     T09
     H257926 4C2019 09 29.53875 02 21 49.31 -05 07 43.7          23.3 i1     T09
     H257926 4C2019 09 29.62427 02 21 45.48 -05 07 48.4          23.3 z1     T09
     H257926 4C2019 09 29.63472 02 21 45.01 -05 07 48.8          23.4 z1     T09
     H257927 4C2019 09 29.60229 02 22 18.59 -05 12 04.7          22.6 z1     T09
     H257927 4C2019 09 29.62427 02 22 17.91 -05 12 13.2          22.6 z1     T09
     H257927 4C2019 09 29.63472 02 22 17.59 -05 12 17.0          22.3 z1     T09
     H257928 4C2019 09 29.44921 02 22 18.45 -05 09 39.2          24.6 r1     T09
     H257928 4C2019 09 29.46043 02 22 18.02 -05 09 42.6          25.3 r1     T09
     H257928 4C2019 09 29.50214 02 22 16.38 -05 09 55.4          25.2 i1     T09
     H257928 4C2019 09 29.53875 02 22 15.00 -05 10 06.1          24.4 i1     T09
     H257929*4C2019 09 29.43792 02 21 56.12 -05 05 50.8          23.9 r1     T09
     H257929 4C2019 09 29.44921 02 21 56.04 -05 06 03.6          23.9 r1     T09
     H257929 4C2019 09 29.46043 02 21 55.95 -05 06 16.5          23.9 r1     T09
     H257929*4C2019 09 29.50214 02 21 55.69 -05 07 04.8          24.7 i1     T09
     H257929 4C2019 09 29.52044 02 21 55.57 -05 07 25.4          25.1 i1     T09
     H257929 4C2019 09 29.53875 02 21 55.47 -05 07 47.1          25.0 i1     T09
     H257930*4C2019 09 29.43792 02 22 15.67 -05 15 16.9          25.2 r1     T09
     H257930 4C2019 09 29.44921 02 22 15.26 -05 15 20.1          24.5 r1     T09
     H257930 4C2019 09 29.50214 02 22 13.37 -05 15 35.5          24.7 i1     T09
     H257930 4C2019 09 29.53875 02 22 12.07 -05 15 46.3          24.9 i1     T09
     H272379*4C2019 09 29.43792 02 21 01.47 -05 14 03.6          24.1 r1     T09
     H272379 4C2019 09 29.44921 02 21 01.13 -05 14 08.0          24.4 r1     T09
     H272379 4C2019 09 29.45729 02 21 00.89 -05 14 10.7          24.1 r1     T09
     H272379 4C2019 09 29.46043 02 21 00.79 -05 14 11.9          24.1 r1     T09
     H272379 4C2019 09 29.46854 02 21 00.53 -05 14 15.1          24.5 r1     T09
     H272379 4C2019 09 29.49845 02 20 59.64 -05 14 26.1          24.2 i1     T09
     H272379 4C2019 09 29.50214 02 20 59.50 -05 14 27.3          24.1 i1     T09
     H272379 4C2019 09 29.51293 02 20 59.18 -05 14 31.4          23.9 i1     T09
     H278610*4C2019 09 29.43478 02 20 07.49 -05 19 23.1          25.1 r1     T09
     H278610 4C2019 09 29.44605 02 20 06.98 -05 19 25.1          25.1 r1     T09
     H278610 4C2019 09 29.45729 02 20 06.50 -05 19 26.8          25.4 r1     T09
     H278610 4C2019 09 29.46854 02 20 05.99 -05 19 28.6          24.5 r1     T09
     H278610 4C2019 09 29.49845 02 20 04.65 -05 19 33.8          24.8 i1     T09
     H279095*4C2019 10 04.59083 02 20 30.98 -04 59 24.6          23.1 z1     T09
     H279095 4C2019 10 04.59466 02 20 30.85 -04 59 27.8          22.6 z1     T09
     H279095 4C2019 10 04.59849 02 20 30.73 -04 59 31.0          22.7 z1     T09
     H279220*4C2019 09 29.45729 02 20 50.11 -04 56 34.6          24.7 r1     T09
     H279220 4C2019 09 29.46043 02 20 50.00 -04 56 35.4          25.1 r1     T09
     H279220 4C2019 09 29.46854 02 20 49.75 -04 56 38.1          24.6 r1     T09
     H279220 4C2019 09 29.49462 02 20 48.89 -04 56 46.5          25.2 i1     T09
     H279221*4C2019 09 29.46854 02 20 53.19 -05 03 35.6          22.5 r1     T09
     H279221 4C2019 09 29.49462 02 20 52.32 -05 03 56.4          22.6 i1     T09
     H279221 4C2019 09 29.49845 02 20 52.18 -05 03 59.6          22.7 i1     T09
     H279221 4C2019 09 29.51293 02 20 51.71 -05 04 10.9          22.6 i1     T09
     H279221 4C2019 09 29.51677 02 20 51.59 -05 04 14.0          22.5 i1     T09
     H279221 4C2019 09 29.53122 02 20 51.09 -05 04 25.6          22.5 i1     T09
     H279222*4C2019 09 29.46854 02 20 24.69 -05 02 23.2          23.8 r1     T09
     H279222 4C2019 09 29.49462 02 20 23.90 -05 02 44.3          23.6 i1     T09
     H279222 4C2019 09 29.51293 02 20 23.34 -05 02 58.8          23.3 i1     T09
     H279222 4C2019 09 29.51677 02 20 23.24 -05 03 01.6          24.0 i1     T09
     H279222 4C2019 09 29.53122 02 20 22.79 -05 03 13.7          23.8 i1     T09
     H279269*4C2019 09 29.53505 02 20 22.67 -05 03 16.5          23.1 i1     T09
     H279269 4C2019 09 29.54952 02 20 22.24 -05 03 28.1          23.2 i1     T09
     H279269 4C2019 09 29.55335 02 20 22.10 -05 03 31.4          23.3 i1     T09
     H279269 4C2019 09 29.59096 02 20 20.99 -05 04 01.0          23.3 z1     T09
     H279269 4C2019 09 29.59862 02 20 20.78 -05 04 06.7          23.1 z1     T09
     H279269 4C2019 09 29.61677 02 20 20.19 -05 04 22.1          23.2 z1     T09
     H279270*4C2019 09 29.53875 02 20 50.86 -05 04 31.5          22.3 i1     T09
     H279270 4C2019 09 29.54952 02 20 50.50 -05 04 40.0          22.5 i1     T09
     H279270 4C2019 09 29.55335 02 20 50.37 -05 04 43.1          22.3 i1     T09
     H279270 4C2019 09 29.59096 02 20 49.13 -05 05 12.8          22.4 z1     T09
     H279270 4C2019 09 29.59479 02 20 49.00 -05 05 16.0          22.5 z1     T09
     H279270 4C2019 09 29.59862 02 20 48.89 -05 05 18.8          22.3 z1     T09
     H279270 4C2019 09 29.60229 02 20 48.75 -05 05 21.9          22.5 z1     T09
     H279270 4C2019 09 29.61294 02 20 48.40 -05 05 30.3          22.4 z1     T09
     H279270 4C2019 09 29.62427 02 20 48.05 -05 05 39.1          22.1 z1     T09
     H279927*4C2019 09 29.43478 02 20 00.97 -05 14 36.8          24.4 r1     T09
     H279927 4C2019 09 29.44605 02 20 00.60 -05 14 41.1          24.8 r1     T09
     H279927 4C2019 09 29.45729 02 20 00.20 -05 14 45.5          24.8 r1     T09
     H279927*4C2019 09 29.46043 02 20 00.12 -05 14 46.5          24.5 r1     T09
     H279927 4C2019 09 29.46854 02 19 59.84 -05 14 49.8          24.5 r1     T09
     H279927 4C2019 09 29.49462 02 19 58.92 -05 14 59.9          24.2 i1     T09
     H279927 4C2019 09 29.49845 02 19 58.82 -05 15 01.2          24.2 i1     T09
     H279927 4C2019 09 29.51293 02 19 58.34 -05 15 06.6          24.3 i1     T09
     H279927 4C2019 09 29.53505 02 19 57.59 -05 15 14.9          25.1 i1     T09
     H279928*4C2019 09 29.53122 02 19 57.69 -05 15 13.8          24.7 i1     T09
     H279928 4C2019 09 29.54952 02 19 57.07 -05 15 20.9          24.1 i1     T09
     H279928 4C2019 09 29.55335 02 19 56.92 -05 15 22.0          24.1 i1     T09
     H281231*4C2019 09 29.43478 02 17 17.96 -05 30 20.3          22.6 r1     T09
     H281231 4C2019 09 29.44605 02 17 17.55 -05 30 25.0          22.5 r1     T09
     H281231 4C2019 09 29.46854 02 17 16.71 -05 30 34.3          22.4 r1     T09
     H281231 4C2019 09 29.53505 02 17 14.23 -05 31 01.9          22.3 i1     T09
     H281231 4C2019 09 29.54952 02 17 13.69 -05 31 07.9          22.3 i1     T09
     H281242*4C2019 09 29.44605 02 17 20.77 -05 23 55.7          24.0 r1     T09
     H281242 4C2019 09 29.46854 02 17 19.75 -05 24 01.4          23.7 r1     T09
     H281242 4C2019 09 29.49845 02 17 18.37 -05 24 09.1          23.2 i1     T09
     H281242 4C2019 09 29.51293 02 17 17.70 -05 24 12.8          23.4 i1     T09
     H281242 4C2019 09 29.51677 02 17 17.53 -05 24 14.0          23.2 i1     T09
     H281242 4C2019 09 29.53122 02 17 16.89 -05 24 17.5          23.3 i1     T09
     H281242 4C2019 09 29.53505 02 17 16.70 -05 24 18.4          23.4 i1     T09
     H281242 4C2019 09 29.61294 02 17 13.12 -05 24 38.7          23.4 z1     T09
     H281243*4C2019 09 29.45729 02 17 44.69 -05 19 09.2          24.1 r1     T09
     H281243 4C2019 09 29.46854 02 17 44.35 -05 19 13.4          24.4 r1     T09
     H281243 4C2019 09 29.49845 02 17 43.33 -05 19 24.6          24.2 i1     T09
     H284662*4C2019 09 29.43478 02 16 19.37 -05 08 53.9          23.2 r1     T09
     H284662 4C2019 09 29.44605 02 16 18.93 -05 08 57.2          24.0 r1     T09
     H284662 4C2019 09 29.45729 02 16 18.54 -05 08 59.9          23.5 r1     T09
     H284662 4C2019 09 29.46854 02 16 18.12 -05 09 03.0          22.9 r1     T09
     H284662 4C2019 09 29.49462 02 16 17.16 -05 09 09.8          24.0 i1     T09
     H284662 4C2019 09 29.49845 02 16 17.00 -05 09 11.0          24.1 i1     T09
     H284662 4C2019 09 29.53505 02 16 15.65 -05 09 20.7          23.3 i1     T09
     H284662 4C2019 09 29.54952 02 16 15.12 -05 09 24.4          22.9 i1     T09
     H284662 4C2019 09 29.55335 02 16 14.94 -05 09 25.7          23.5 i1     T09
     H287898*4C2019 10 04.59083 02 17 56.25 -05 11 25.6          22.6 z1     T09
     H287898 4C2019 10 04.59466 02 17 56.08 -05 11 25.8          23.4 z1     T09
     H287898 4C2019 10 04.59849 02 17 55.86 -05 11 25.7          23.0 z1     T09
     H287904*4C2019 10 04.59083 02 16 14.73 -05 07 05.0          23.0 z1     T09
     H287904 4C2019 10 04.59466 02 16 14.60 -05 07 07.2          23.1 z1     T09
     H291622*4C2019 09 29.43478 02 17 14.04 -05 03 48.5          24.2 r1     T09
     H291622 4C2019 09 29.44605 02 17 13.61 -05 03 50.7          24.3 r1     T09
     H291622 4C2019 09 29.46854 02 17 12.75 -05 03 55.4          24.3 r1     T09
     H291622 4C2019 09 29.49462 02 17 11.77 -05 04 00.4          24.4 i1     T09
     H291622 4C2019 09 29.51677 02 17 10.95 -05 04 04.9          24.5 i1     T09
     H291622 4C2019 09 29.53122 02 17 10.39 -05 04 07.8          24.8 i1     T09
     H291622 4C2019 09 29.53505 02 17 10.25 -05 04 08.5          24.8 i1     T09
     H291622 4C2019 09 29.55335 02 17 09.57 -05 04 12.0          24.4 i1     T09
     H291622 4C2019 09 29.59479 02 17 07.96 -05 04 20.7          24.3 z1     T09
     H291622 4C2019 09 29.59862 02 17 07.85 -05 04 21.1          24.3 z1     T09
     H291622 4C2019 09 29.61677 02 17 07.16 -05 04 24.9          24.1 z1     T09
     H291623*4C2019 09 29.43478 02 17 20.21 -05 16 18.0          23.7 r1     T09
     H291623 4C2019 09 29.44605 02 17 19.83 -05 16 22.4          23.7 r1     T09
     H291623 4C2019 09 29.45729 02 17 19.45 -05 16 27.0          23.7 r1     T09
     H291623 4C2019 09 29.46854 02 17 19.07 -05 16 31.3          23.9 r1     T09
     H291623 4C2019 09 29.49462 02 17 18.18 -05 16 41.6          23.7 i1     T09
     H291623 4C2019 09 29.49845 02 17 18.04 -05 16 43.3          23.9 i1     T09
     H291623 4C2019 09 29.51293 02 17 17.55 -05 16 49.1          23.4 i1     T09
     H291623 4C2019 09 29.51677 02 17 17.47 -05 16 49.8          24.1 i1     T09
     H291623 4C2019 09 29.53122 02 17 16.94 -05 16 55.9          23.6 i1     T09
     H291623 4C2019 09 29.53505 02 17 16.80 -05 16 57.6          23.5 i1     T09
     H291623 4C2019 09 29.54952 02 17 16.32 -05 17 03.2          23.9 i1     T09
     H291623 4C2019 09 29.55335 02 17 16.19 -05 17 04.7          23.4 i1     T09
     H291624*4C2019 09 29.43478 02 17 01.65 -05 26 43.9          24.9 r1     T09
     H291624 4C2019 09 29.44605 02 17 01.34 -05 26 48.3          25.1 r1     T09
     H291624 4C2019 09 29.55335 02 16 58.33 -05 27 31.3          24.7 i1     T09
     H293929 4C2019 09 27.60019 02 16 41.83 -05 17 59.7          25.8 g1     T09
     H296877*4C2019 10 04.59083 02 17 12.06 -05 10 15.6          23.1 z1     T09
     H296877 4C2019 10 04.59849 02 17 11.71 -05 10 16.9          23.4 z1     T09
     H296888*4C2019 09 29.43478 02 17 24.58 -05 03 28.8          24.4 r1     T09
     H296888 4C2019 09 29.44605 02 17 24.25 -05 03 35.5          24.2 r1     T09
     H296888 4C2019 09 29.45729 02 17 23.91 -05 03 42.7          24.3 r1     T09
     H296888 4C2019 09 29.46854 02 17 23.59 -05 03 49.6          24.3 r1     T09
     H296888 4C2019 09 29.49462 02 17 22.79 -05 04 06.3          24.3 i1     T09
     H296888 4C2019 09 29.51293 02 17 22.26 -05 04 17.2          24.0 i1     T09
     H296888 4C2019 09 29.51677 02 17 22.16 -05 04 19.5          23.9 i1     T09
     H296888 4C2019 09 29.53505 02 17 21.61 -05 04 31.0          24.2 i1     T09
     H296888 4C2019 09 29.54952 02 17 21.18 -05 04 39.7          24.4 i1     T09
     H298205*4C2019 09 29.43478 02 16 41.70 -05 12 32.6          22.0 r1     T09
     H298205 4C2019 09 29.44605 02 16 41.30 -05 12 35.5          22.0 r1     T09
     H298205 4C2019 09 29.45729 02 16 40.91 -05 12 38.2          22.0 r1     T09
     H298205 4C2019 09 29.46854 02 16 40.50 -05 12 41.1          22.1 r1     T09
     H298205 4C2019 09 29.51293 02 16 38.92 -05 12 52.1          22.0 i1     T09
     H298205 4C2019 09 29.51677 02 16 38.78 -05 12 53.1          21.9 i1     T09
     H298205 4C2019 09 29.53122 02 16 38.27 -05 12 56.7          21.8 i1     T09
     H298205 4C2019 09 29.53505 02 16 38.13 -05 12 57.6          21.9 i1     T09
     H298205 4C2019 09 29.59096 02 16 36.15 -05 13 11.5          21.7 z1     T09
     H298205 4C2019 09 29.59862 02 16 35.87 -05 13 13.4          21.9 z1     T09
     H298205 4C2019 09 29.61677 02 16 35.23 -05 13 17.9          21.8 z1     T09
     H298205 4C2019 09 29.62059 02 16 35.09 -05 13 18.8          21.8 z1     T09
     H299121*4C2019 09 29.43478 02 17 26.36 -05 12 13.0          23.4 r1     T09
     H299121 4C2019 09 29.44605 02 17 25.98 -05 12 16.8          23.3 r1     T09
     H299121 4C2019 09 29.45729 02 17 25.60 -05 12 20.7          23.4 r1     T09
     H299121 4C2019 09 29.49462 02 17 24.32 -05 12 33.7          23.1 i1     T09
     H299121 4C2019 09 29.49845 02 17 24.18 -05 12 35.0          23.3 i1     T09
     H299121 4C2019 09 29.51293 02 17 23.69 -05 12 39.9          22.9 i1     T09
     H299121 4C2019 09 29.51677 02 17 23.56 -05 12 41.3          23.3 i1     T09
     H299121 4C2019 09 29.55335 02 17 22.31 -05 12 53.9          24.0 i1     T09
     H299121 4C2019 09 29.59479 02 17 20.88 -05 13 08.3          22.8 z1     T09
     H299122*4C2019 09 29.43478 02 17 52.21 -05 15 35.3          23.7 r1     T09
     H299122 4C2019 09 29.44605 02 17 51.95 -05 15 44.5          23.9 r1     T09
     H299122 4C2019 09 29.46854 02 17 51.41 -05 16 03.3          23.4 r1     T09
     H299122 4C2019 09 29.49462 02 17 50.82 -05 16 24.2          23.2 i1     T09
     H299122 4C2019 09 29.53122 02 17 49.94 -05 16 54.2          23.7 i1     T09
     H299122 4C2019 09 29.54952 02 17 49.51 -05 17 09.2          24.0 i1     T09
     H299122 4C2019 09 29.55335 02 17 49.42 -05 17 12.4          23.5 i1     T09
     H299123*4C2019 09 29.44605 02 17 44.97 -05 17 22.3          25.1 r1     T09
     H299123 4C2019 09 29.46854 02 17 44.22 -05 17 29.7          25.0 r1     T09
     H299123 4C2019 09 29.51293 02 17 42.71 -05 17 44.3          24.7 i1     T09
     H299123 4C2019 09 29.51677 02 17 42.56 -05 17 45.5          24.1 i1     T09
     H299123 4C2019 09 29.53122 02 17 42.10 -05 17 50.2          24.7 i1     T09
     H299123 4C2019 09 29.53505 02 17 41.97 -05 17 51.6          24.8 i1     T09
     H299123 4C2019 09 29.54952 02 17 41.47 -05 17 56.3          24.5 i1     T09
     H299123 4C2019 09 29.55335 02 17 41.34 -05 17 57.6          24.8 i1     T09
     H299124*4C2019 09 29.43478 02 17 45.43 -05 07 39.7          24.9 r1     T09
     H299124 4C2019 09 29.44605 02 17 44.95 -05 07 41.4          25.0 r1     T09
     H299124 4C2019 09 29.45729 02 17 44.47 -05 07 43.2          24.7 r1     T09
     H299124 4C2019 09 29.46854 02 17 43.99 -05 07 45.1          24.8 r1     T09
     H299124 4C2019 09 29.51293 02 17 42.12 -05 07 51.8          24.5 i1     T09
     H299124 4C2019 09 29.51677 02 17 41.95 -05 07 52.3          24.5 i1     T09
     H299124 4C2019 09 29.53122 02 17 41.34 -05 07 54.5          24.8 i1     T09
     H299124 4C2019 09 29.53505 02 17 41.17 -05 07 55.0          24.8 i1     T09
     H299125*4C2019 09 29.43478 02 17 47.72 -05 13 58.3          25.8 r1     T09
     H299125 4C2019 09 29.45729 02 17 46.87 -05 13 58.9          25.8 r1     T09
     H299125 4C2019 09 29.46854 02 17 46.44 -05 13 59.4          25.5 r1     T09
     H299125 4C2019 09 29.49462 02 17 45.40 -05 14 00.4          25.3 i1     T09
     H299125 4C2019 09 29.51293 02 17 44.73 -05 14 00.7          25.2 i1     T09
     H299125 4C2019 09 29.51677 02 17 44.61 -05 14 00.9          25.3 i1     T09
     H299125 4C2019 09 29.53505 02 17 43.87 -05 14 01.4          25.4 i1     T09
     H299126*4C2019 09 29.43478 02 17 24.45 -05 09 45.8          24.8 r1     T09
     H299126 4C2019 09 29.44605 02 17 24.07 -05 09 49.0          25.1 r1     T09
     H299126 4C2019 09 29.46854 02 17 23.27 -05 09 55.5          24.8 r1     T09
     H299126 4C2019 09 29.49462 02 17 22.38 -05 10 02.9          25.0 i1     T09
     H299126 4C2019 09 29.49845 02 17 22.27 -05 10 03.8          25.0 i1     T09
     H299126 4C2019 09 29.51293 02 17 21.75 -05 10 08.3          25.4 i1     T09
     H299126 4C2019 09 29.53505 02 17 20.98 -05 10 14.9          25.1 i1     T09
     H299126 4C2019 09 29.54952 02 17 20.49 -05 10 18.6          24.9 i1     T09
     H319003*4C2019 09 29.43792 02 21 08.17 -05 26 01.2          24.5 r1     T09
     H319003 4C2019 09 29.44921 02 21 07.75 -05 26 04.7          24.6 r1     T09
     H319003 4C2019 09 29.46043 02 21 07.34 -05 26 08.8          24.4 r1     T09
     H319003 4C2019 09 29.50214 02 21 05.81 -05 26 23.2          24.5 i1     T09
     H319003 4C2019 09 29.52044 02 21 05.17 -05 26 29.4          24.7 i1     T09
     H369030 4C2019 09 27.60019 02 21 07.95 -05 12 59.4          26.0 g1     T09
     H370471 4C2019 09 29.44921 02 21 41.02 -04 57 05.3          23.5 r1     T09
     H370471 4C2019 09 29.46043 02 21 40.65 -04 57 09.5          23.6 r1     T09
     H370471 4C2019 09 29.46854 02 21 40.39 -04 57 12.5          23.8 r1     T09
     H370685*4C2019 09 29.50214 02 22 02.95 -05 21 18.9          23.8 i1     T09
     H370685 4C2019 09 29.52044 02 22 02.41 -05 21 28.6          24.0 i1     T09
     H370685 4C2019 09 29.53875 02 22 01.89 -05 21 38.7          24.1 i1     T09
     H370885*4C2019 09 29.45729 02 21 40.76 -04 57 08.1          23.8 r1     T09
     H370885 4C2019 09 29.49845 02 21 39.42 -04 57 23.6          23.8 i1     T09
     H370885 4C2019 09 29.50214 02 21 39.30 -04 57 24.7          23.9 i1     T09
     H370885 4C2019 09 29.51293 02 21 38.95 -04 57 28.8          23.8 i1     T09
     H370885 4C2019 09 29.52044 02 21 38.70 -04 57 31.8          24.2 i1     T09
     H370885 4C2019 09 29.53875 02 21 38.08 -04 57 38.8          23.9 i1     T09
     H370885 4C2019 09 29.62427 02 21 35.28 -04 58 10.1          23.6 z1     T09
     H370885 4C2019 09 29.63472 02 21 34.94 -04 58 14.4          23.1 z1     T09
     H370886*4C2019 09 29.43792 02 21 01.19 -04 56 42.8          24.4 r1     T09
     H370886 4C2019 09 29.44921 02 21 00.91 -04 56 49.8          23.9 r1     T09
     H370886 4C2019 09 29.45729 02 21 00.72 -04 56 54.8          24.9 r1     T09
     H370886 4C2019 09 29.46043 02 21 00.64 -04 56 56.7          25.2 r1     T09
     H370886 4C2019 09 29.46854 02 21 00.45 -04 57 02.1          24.5 r1     T09
     H370886 4C2019 09 29.49845 02 20 59.71 -04 57 20.7          24.3 i1     T09
     H370886 4C2019 09 29.51293 02 20 59.35 -04 57 30.1          24.5 i1     T09
     H370886 4C2019 09 29.53122 02 20 58.89 -04 57 42.0          24.5 i1     T09
     H370886 4C2019 09 29.55335 02 20 58.39 -04 57 55.1          24.1 i1     T09
     H370886 4C2019 09 29.63472 02 20 56.43 -04 58 46.3          24.2 z1     T09
     H371827 4C2019 09 27.60019 02 17 08.29 -05 10 38.7          23.9 g1     T09
     H226814*4C2019 09 29.44605 02 18 24.62 -05 16 53.8          23.5 r1     T09
     H226814 4C2019 09 29.45729 02 18 24.23 -05 16 58.1          23.6 r1     T09
     H226814 4C2019 09 29.46854 02 18 23.87 -05 17 02.1          23.5 r1     T09
     H226814 4C2019 09 29.49462 02 18 23.02 -05 17 11.8          23.4 i1     T09
     H226814 4C2019 09 29.49845 02 18 22.90 -05 17 13.1          23.8 i1     T09
     H226814 4C2019 09 29.53505 02 18 21.70 -05 17 26.9          24.1 i1     T09
     H226814 4C2019 09 29.54952 02 18 21.24 -05 17 32.0          23.3 i1     T09
     H226814 4C2019 09 29.55335 02 18 21.10 -05 17 33.4          23.5 i1     T09
     H226814 4C2019 09 29.61294 02 18 19.19 -05 17 55.9          23.9 z1     T09
     H226814 4C2019 09 29.61677 02 18 19.07 -05 17 56.3          23.2 z1     T09
     H226815*4C2019 09 29.46854 02 18 10.67 -05 21 28.1          22.1 r1     T09
     H226815 4C2019 09 29.49462 02 18 10.03 -05 21 46.0          21.8 i1     T09
     H226815 4C2019 09 29.49845 02 18 09.95 -05 21 48.4          21.7 i1     T09
     H226815 4C2019 09 29.51293 02 18 09.60 -05 21 58.3          21.7 i1     T09
     H226815 4C2019 09 29.51677 02 18 09.51 -05 22 00.8          21.8 i1     T09
     H226815 4C2019 09 29.53122 02 18 09.15 -05 22 10.8          21.9 i1     T09
     H226815 4C2019 09 29.59096 02 18 07.71 -05 22 51.0          22.4 z1     T09
     H226815 4C2019 09 29.59862 02 18 07.52 -05 22 56.6          22.5 z1     T09
     H226815 4C2019 09 29.61294 02 18 07.18 -05 23 06.2          22.1 z1     T09
     H226815 4C2019 09 29.61677 02 18 07.09 -05 23 08.7          21.9 z1     T09
     H226815 4C2019 09 29.62059 02 18 06.99 -05 23 11.2          21.7 z1     T09
     H272379*4C2019 09 29.43792 02 21 01.47 -05 14 03.6          24.1 r1     T09
     H272379 4C2019 09 29.44921 02 21 01.13 -05 14 08.0          24.4 r1     T09
     H272379 4C2019 09 29.45729 02 21 00.89 -05 14 10.7          24.1 r1     T09
     H272379 4C2019 09 29.46043 02 21 00.79 -05 14 11.9          24.1 r1     T09
     H272379 4C2019 09 29.46854 02 21 00.53 -05 14 15.1          24.5 r1     T09
     H272379 4C2019 09 29.49845 02 20 59.64 -05 14 26.1          24.2 i1     T09
     H272379 4C2019 09 29.50214 02 20 59.50 -05 14 27.3          24.1 i1     T09
     H272379 4C2019 09 29.51293 02 20 59.18 -05 14 31.4          23.9 i1     T09
     H278608*4C2019 09 29.43478 02 19 33.55 -05 18 05.2          23.1 r1     T09
     H278608 4C2019 09 29.44605 02 19 33.21 -05 18 09.1          22.7 r1     T09
     H278608 4C2019 09 29.45729 02 19 32.84 -05 18 12.8          23.2 r1     T09
     H278608 4C2019 09 29.51293 02 19 30.98 -05 18 31.6          22.7 i1     T09
     H278608 4C2019 09 29.51677 02 19 30.85 -05 18 32.7          22.6 i1     T09
     H278608 4C2019 09 29.53122 02 19 30.36 -05 18 37.8          22.7 i1     T09
     H278610*4C2019 09 29.43478 02 20 07.49 -05 19 23.1          25.1 r1     T09
     H278610 4C2019 09 29.44605 02 20 06.98 -05 19 25.1          25.1 r1     T09
     H278610 4C2019 09 29.45729 02 20 06.50 -05 19 26.8          25.4 r1     T09
     H278610 4C2019 09 29.46854 02 20 05.99 -05 19 28.6          24.5 r1     T09
     H278610 4C2019 09 29.49845 02 20 04.65 -05 19 33.8          24.8 i1     T09
     H278611*4C2019 09 29.53505 02 19 30.24 -05 18 38.9          22.7 i1     T09
     H278611 4C2019 09 29.55335 02 19 29.63 -05 18 45.3          22.9 i1     T09
     H278611 4C2019 09 29.59096 02 19 28.41 -05 18 57.7          22.9 z1     T09
     H278611 4C2019 09 29.59479 02 19 28.26 -05 18 59.1          23.1 z1     T09
     H278611 4C2019 09 29.61294 02 19 27.63 -05 19 05.3          23.0 z1     T09
     H278611 4C2019 09 29.61677 02 19 27.53 -05 19 06.6          22.8 z1     T09
     H279927*4C2019 09 29.43478 02 20 00.97 -05 14 36.8          24.4 r1     T09
     H279927 4C2019 09 29.44605 02 20 00.60 -05 14 41.1          24.8 r1     T09
     H279927 4C2019 09 29.45729 02 20 00.20 -05 14 45.5          24.8 r1     T09
     H279927*4C2019 09 29.46043 02 20 00.12 -05 14 46.5          24.5 r1     T09
     H279927 4C2019 09 29.46854 02 19 59.84 -05 14 49.8          24.5 r1     T09
     H279927 4C2019 09 29.49462 02 19 58.92 -05 14 59.9          24.2 i1     T09
     H279927 4C2019 09 29.49845 02 19 58.82 -05 15 01.2          24.2 i1     T09
     H279927 4C2019 09 29.51293 02 19 58.34 -05 15 06.6          24.3 i1     T09
     H279927 4C2019 09 29.53505 02 19 57.59 -05 15 14.9          25.1 i1     T09
     H279927 4C2019 09 29.62059 02 19 54.67 -05 15 47.5          24.5 z1     T09
     H279928*4C2019 09 29.53122 02 19 57.69 -05 15 13.8          24.7 i1     T09
     H279928 4C2019 09 29.54952 02 19 57.07 -05 15 20.9          24.1 i1     T09
     H279928 4C2019 09 29.55335 02 19 56.92 -05 15 22.0          24.1 i1     T09
     H281242*4C2019 09 29.44605 02 17 20.77 -05 23 55.7          24.0 r1     T09
     H281242 4C2019 09 29.46854 02 17 19.75 -05 24 01.4          23.7 r1     T09
     H281242 4C2019 09 29.49845 02 17 18.37 -05 24 09.1          23.2 i1     T09
     H281242 4C2019 09 29.51293 02 17 17.70 -05 24 12.8          23.4 i1     T09
     H281242 4C2019 09 29.51677 02 17 17.53 -05 24 14.0          23.2 i1     T09
     H281242 4C2019 09 29.53122 02 17 16.89 -05 24 17.5          23.3 i1     T09
     H281242 4C2019 09 29.53505 02 17 16.70 -05 24 18.4          23.4 i1     T09
     H281242 4C2019 09 29.61294 02 17 13.12 -05 24 38.7          23.4 z1     T09
     H281243*4C2019 09 29.45729 02 17 44.69 -05 19 09.2          24.1 r1     T09
     H281243 4C2019 09 29.46854 02 17 44.35 -05 19 13.4          24.4 r1     T09
     H281243 4C2019 09 29.49845 02 17 43.33 -05 19 24.6          24.2 i1     T09
     H291623*4C2019 09 29.43478 02 17 20.21 -05 16 18.0          23.7 r1     T09
     H291623 4C2019 09 29.44605 02 17 19.83 -05 16 22.4          23.7 r1     T09
     H291623 4C2019 09 29.45729 02 17 19.45 -05 16 27.0          23.7 r1     T09
     H291623 4C2019 09 29.46854 02 17 19.07 -05 16 31.3          23.9 r1     T09
     H291623 4C2019 09 29.49462 02 17 18.18 -05 16 41.6          23.7 i1     T09
     H291623 4C2019 09 29.49845 02 17 18.04 -05 16 43.3          23.9 i1     T09
     H291623 4C2019 09 29.51293 02 17 17.55 -05 16 49.1          23.4 i1     T09
     H291623 4C2019 09 29.51677 02 17 17.47 -05 16 49.8          24.1 i1     T09
     H291623 4C2019 09 29.53122 02 17 16.94 -05 16 55.9          23.6 i1     T09
     H291623 4C2019 09 29.53505 02 17 16.80 -05 16 57.6          23.5 i1     T09
     H291623 4C2019 09 29.54952 02 17 16.32 -05 17 03.2          23.9 i1     T09
     H291623 4C2019 09 29.55335 02 17 16.19 -05 17 04.7          23.4 i1     T09
     H291624*4C2019 09 29.43478 02 17 01.65 -05 26 43.9          24.9 r1     T09
     H297666*4C2019 09 29.43478 02 18 44.01 -05 12 06.0          22.8 r1     T09
     H297666 4C2019 09 29.44605 02 18 43.18 -05 12 05.1          22.7 r1     T09
     H297666 4C2019 09 29.45729 02 18 42.34 -05 12 04.2          22.7 r1     T09
     H297666 4C2019 09 29.49462 02 18 39.56 -05 12 01.1          22.4 i1     T09
     H297666 4C2019 09 29.51293 02 18 38.20 -05 11 59.6          22.5 i1     T09
     H297666 4C2019 09 29.51677 02 18 37.91 -05 11 59.2          22.5 i1     T09
     H297666 4C2019 09 29.53122 02 18 36.84 -05 11 58.0          22.6 i1     T09
     H297666 4C2019 09 29.54952 02 18 35.48 -05 11 56.5          22.7 i1     T09
     H297666 4C2019 09 29.55335 02 18 35.18 -05 11 56.1          22.6 i1     T09
     H298997*4C2019 09 29.44605 02 19 02.20 -05 23 03.0          26.4 r1     T09
     H298997 4C2019 09 29.51293 02 19 02.00 -05 23 04.5          25.8 i1     T09
     H299074*4C2019 09 29.43478 02 18 22.54 -05 20 33.6          24.8 r1     T09
     H299074 4C2019 09 29.45729 02 18 21.68 -05 20 39.6          24.9 r1     T09
     H299074 4C2019 09 29.46854 02 18 21.24 -05 20 42.6          24.7 r1     T09
     H299074 4C2019 09 29.49462 02 18 20.25 -05 20 49.7          24.6 i1     T09
     H299074 4C2019 09 29.51293 02 18 19.53 -05 20 54.6          24.2 i1     T09
     H299074 4C2019 09 29.53122 02 18 18.82 -05 20 59.5          25.0 i1     T09
     H299074 4C2019 09 29.53505 02 18 18.69 -05 21 00.6          25.0 i1     T09
     H299074 4C2019 09 29.54952 02 18 18.14 -05 21 04.5          24.6 i1     T09
     H299075*4C2019 09 29.43478 02 18 31.55 -05 21 17.0          24.9 r1     T09
     H299075 4C2019 09 29.44605 02 18 31.19 -05 21 21.5          24.7 r1     T09
     H299075 4C2019 09 29.46854 02 18 30.45 -05 21 30.8          25.4 r1     T09
     H299075 4C2019 09 29.49462 02 18 29.60 -05 21 41.9          25.5 i1     T09
     H299075 4C2019 09 29.49845 02 18 29.49 -05 21 43.0          25.1 i1     T09
     H299075 4C2019 09 29.51293 02 18 28.99 -05 21 49.3          25.0 i1     T09
     H299075 4C2019 09 29.51677 02 18 28.88 -05 21 50.6          25.1 i1     T09
     H299075 4C2019 09 29.53122 02 18 28.41 -05 21 56.8          25.8 i1     T09
     H299122*4C2019 09 29.43478 02 17 52.21 -05 15 35.3          23.7 r1     T09
     H299122 4C2019 09 29.44605 02 17 51.95 -05 15 44.5          23.9 r1     T09
     H299122 4C2019 09 29.46854 02 17 51.41 -05 16 03.3          23.4 r1     T09
     H299122 4C2019 09 29.49462 02 17 50.82 -05 16 24.2          23.2 i1     T09
     H299122 4C2019 09 29.53122 02 17 49.94 -05 16 54.2          23.7 i1     T09
     H299122 4C2019 09 29.54952 02 17 49.51 -05 17 09.2          24.0 i1     T09
     H299122 4C2019 09 29.55335 02 17 49.42 -05 17 12.4          23.5 i1     T09
     H299123*4C2019 09 29.44605 02 17 44.97 -05 17 22.3          25.1 r1     T09
     H299123 4C2019 09 29.46854 02 17 44.22 -05 17 29.7          25.0 r1     T09
     H299123 4C2019 09 29.51293 02 17 42.71 -05 17 44.3          24.7 i1     T09
     H299123 4C2019 09 29.51677 02 17 42.56 -05 17 45.5          24.1 i1     T09
     H299123 4C2019 09 29.53122 02 17 42.10 -05 17 50.2          24.7 i1     T09
     H299123 4C2019 09 29.53505 02 17 41.97 -05 17 51.6          24.8 i1     T09
     H299123 4C2019 09 29.54952 02 17 41.47 -05 17 56.3          24.5 i1     T09
     H299123 4C2019 09 29.55335 02 17 41.34 -05 17 57.6          24.8 i1     T09
     H299125*4C2019 09 29.43478 02 17 47.72 -05 13 58.3          25.8 r1     T09
     H299125 4C2019 09 29.45729 02 17 46.87 -05 13 58.9          25.8 r1     T09
     H299125 4C2019 09 29.46854 02 17 46.44 -05 13 59.4          25.5 r1     T09
     H299125 4C2019 09 29.49462 02 17 45.40 -05 14 00.4          25.3 i1     T09
     H299125 4C2019 09 29.51293 02 17 44.73 -05 14 00.7          25.2 i1     T09
     H299125 4C2019 09 29.51677 02 17 44.61 -05 14 00.9          25.3 i1     T09
     H299125 4C2019 09 29.53505 02 17 43.87 -05 14 01.4          25.4 i1     T09
     H312669*4C2019 10 04.59466 02 19 42.61 -05 14 19.1          23.0 z1     T09
     H226814*4C2019 09 29.44605 02 18 24.62 -05 16 53.8          23.5 r1     T09
     H226814 4C2019 09 29.45729 02 18 24.23 -05 16 58.1          23.6 r1     T09
     H226814 4C2019 09 29.46854 02 18 23.87 -05 17 02.1          23.5 r1     T09
     H226814 4C2019 09 29.49462 02 18 23.02 -05 17 11.8          23.4 i1     T09
     H226814 4C2019 09 29.49845 02 18 22.90 -05 17 13.1          23.8 i1     T09
     H226814 4C2019 09 29.53505 02 18 21.70 -05 17 26.9          24.1 i1     T09
     H226814 4C2019 09 29.54952 02 18 21.24 -05 17 32.0          23.3 i1     T09
     H226814 4C2019 09 29.55335 02 18 21.10 -05 17 33.4          23.5 i1     T09
     H226814 4C2019 09 29.61294 02 18 19.19 -05 17 55.9          23.9 z1     T09
     H226814 4C2019 09 29.61677 02 18 19.07 -05 17 56.3          23.2 z1     T09
     H226815*4C2019 09 29.46854 02 18 10.67 -05 21 28.1          22.1 r1     T09
     H226815 4C2019 09 29.49462 02 18 10.03 -05 21 46.0          21.8 i1     T09
     H226815 4C2019 09 29.49845 02 18 09.95 -05 21 48.4          21.7 i1     T09
     H226815 4C2019 09 29.51293 02 18 09.60 -05 21 58.3          21.7 i1     T09
     H226815 4C2019 09 29.51677 02 18 09.51 -05 22 00.8          21.8 i1     T09
     H226815 4C2019 09 29.53122 02 18 09.15 -05 22 10.8          21.9 i1     T09
     H226815 4C2019 09 29.59096 02 18 07.71 -05 22 51.0          22.4 z1     T09
     H226815 4C2019 09 29.59862 02 18 07.52 -05 22 56.6          22.5 z1     T09
     H226815 4C2019 09 29.61294 02 18 07.18 -05 23 06.2          22.1 z1     T09
     H226815 4C2019 09 29.61677 02 18 07.09 -05 23 08.7          21.9 z1     T09
     H226815 4C2019 09 29.62059 02 18 06.99 -05 23 11.2          21.7 z1     T09
     H272379*4C2019 09 29.43792 02 21 01.47 -05 14 03.6          24.1 r1     T09
     H272379 4C2019 09 29.44921 02 21 01.13 -05 14 08.0          24.4 r1     T09
     H272379 4C2019 09 29.45729 02 21 00.89 -05 14 10.7          24.1 r1     T09
     H272379 4C2019 09 29.46043 02 21 00.79 -05 14 11.9          24.1 r1     T09
     H272379 4C2019 09 29.46854 02 21 00.53 -05 14 15.1          24.5 r1     T09
     H272379 4C2019 09 29.49845 02 20 59.64 -05 14 26.1          24.2 i1     T09
     H272379 4C2019 09 29.50214 02 20 59.50 -05 14 27.3          24.1 i1     T09
     H272379 4C2019 09 29.51293 02 20 59.18 -05 14 31.4          23.9 i1     T09
     H278608*4C2019 09 29.43478 02 19 33.55 -05 18 05.2          23.1 r1     T09
     H278608 4C2019 09 29.44605 02 19 33.21 -05 18 09.1          22.7 r1     T09
     H278608 4C2019 09 29.45729 02 19 32.84 -05 18 12.8          23.2 r1     T09
     H278608 4C2019 09 29.51293 02 19 30.98 -05 18 31.6          22.7 i1     T09
     H278608 4C2019 09 29.51677 02 19 30.85 -05 18 32.7          22.6 i1     T09
     H278608 4C2019 09 29.53122 02 19 30.36 -05 18 37.8          22.7 i1     T09
     H278610*4C2019 09 29.43478 02 20 07.49 -05 19 23.1          25.1 r1     T09
     H278610 4C2019 09 29.44605 02 20 06.98 -05 19 25.1          25.1 r1     T09
     H278610 4C2019 09 29.45729 02 20 06.50 -05 19 26.8          25.4 r1     T09
     H278610 4C2019 09 29.46854 02 20 05.99 -05 19 28.6          24.5 r1     T09
     H278610 4C2019 09 29.49845 02 20 04.65 -05 19 33.8          24.8 i1     T09
     H278611*4C2019 09 29.53505 02 19 30.24 -05 18 38.9          22.7 i1     T09
     H278611 4C2019 09 29.55335 02 19 29.63 -05 18 45.3          22.9 i1     T09
     H278611 4C2019 09 29.59096 02 19 28.41 -05 18 57.7          22.9 z1     T09
     H278611 4C2019 09 29.59479 02 19 28.26 -05 18 59.1          23.1 z1     T09
     H278611 4C2019 09 29.61294 02 19 27.63 -05 19 05.3          23.0 z1     T09
     H278611 4C2019 09 29.61677 02 19 27.53 -05 19 06.6          22.8 z1     T09
     H279927*4C2019 09 29.43478 02 20 00.97 -05 14 36.8          24.4 r1     T09
     H279927 4C2019 09 29.44605 02 20 00.60 -05 14 41.1          24.8 r1     T09
     H279927 4C2019 09 29.45729 02 20 00.20 -05 14 45.5          24.8 r1     T09
     H279927*4C2019 09 29.46043 02 20 00.12 -05 14 46.5          24.5 r1     T09
     H279927 4C2019 09 29.46854 02 19 59.84 -05 14 49.8          24.5 r1     T09
     H279927 4C2019 09 29.49462 02 19 58.92 -05 14 59.9          24.2 i1     T09
     H279927 4C2019 09 29.49845 02 19 58.82 -05 15 01.2          24.2 i1     T09
     H279927 4C2019 09 29.51293 02 19 58.34 -05 15 06.6          24.3 i1     T09
     H279927 4C2019 09 29.53505 02 19 57.59 -05 15 14.9          25.1 i1     T09
     H279927 4C2019 09 29.62059 02 19 54.67 -05 15 47.5          24.5 z1     T09
     H279928*4C2019 09 29.53122 02 19 57.69 -05 15 13.8          24.7 i1     T09
     H279928 4C2019 09 29.54952 02 19 57.07 -05 15 20.9          24.1 i1     T09
     H279928 4C2019 09 29.55335 02 19 56.92 -05 15 22.0          24.1 i1     T09
     H281242*4C2019 09 29.44605 02 17 20.77 -05 23 55.7          24.0 r1     T09
     H281242 4C2019 09 29.46854 02 17 19.75 -05 24 01.4          23.7 r1     T09
     H281242 4C2019 09 29.49845 02 17 18.37 -05 24 09.1          23.2 i1     T09
     H281242 4C2019 09 29.51293 02 17 17.70 -05 24 12.8          23.4 i1     T09
     H281242 4C2019 09 29.51677 02 17 17.53 -05 24 14.0          23.2 i1     T09
     H281242 4C2019 09 29.53122 02 17 16.89 -05 24 17.5          23.3 i1     T09
     H281242 4C2019 09 29.53505 02 17 16.70 -05 24 18.4          23.4 i1     T09
     H281242 4C2019 09 29.61294 02 17 13.12 -05 24 38.7          23.4 z1     T09
     H281243*4C2019 09 29.45729 02 17 44.69 -05 19 09.2          24.1 r1     T09
     H281243 4C2019 09 29.46854 02 17 44.35 -05 19 13.4          24.4 r1     T09
     H281243 4C2019 09 29.49845 02 17 43.33 -05 19 24.6          24.2 i1     T09
     H291623*4C2019 09 29.43478 02 17 20.21 -05 16 18.0          23.7 r1     T09
     H291623 4C2019 09 29.44605 02 17 19.83 -05 16 22.4          23.7 r1     T09
     H291623 4C2019 09 29.45729 02 17 19.45 -05 16 27.0          23.7 r1     T09
     H291623 4C2019 09 29.46854 02 17 19.07 -05 16 31.3          23.9 r1     T09
     H291623 4C2019 09 29.49462 02 17 18.18 -05 16 41.6          23.7 i1     T09
     H291623 4C2019 09 29.49845 02 17 18.04 -05 16 43.3          23.9 i1     T09
     H291623 4C2019 09 29.51293 02 17 17.55 -05 16 49.1          23.4 i1     T09
     H291623 4C2019 09 29.51677 02 17 17.47 -05 16 49.8          24.1 i1     T09
     H291623 4C2019 09 29.53122 02 17 16.94 -05 16 55.9          23.6 i1     T09
     H291623 4C2019 09 29.53505 02 17 16.80 -05 16 57.6          23.5 i1     T09
     H291623 4C2019 09 29.54952 02 17 16.32 -05 17 03.2          23.9 i1     T09
     H291623 4C2019 09 29.55335 02 17 16.19 -05 17 04.7          23.4 i1     T09
     H297666*4C2019 09 29.43478 02 18 44.01 -05 12 06.0          22.8 r1     T09
     H297666 4C2019 09 29.44605 02 18 43.18 -05 12 05.1          22.7 r1     T09
     H297666 4C2019 09 29.45729 02 18 42.34 -05 12 04.2          22.7 r1     T09
     H297666 4C2019 09 29.49462 02 18 39.56 -05 12 01.1          22.4 i1     T09
     H297666 4C2019 09 29.51293 02 18 38.20 -05 11 59.6          22.5 i1     T09
     H297666 4C2019 09 29.51677 02 18 37.91 -05 11 59.2          22.5 i1     T09
     H297666 4C2019 09 29.53122 02 18 36.84 -05 11 58.0          22.6 i1     T09
     H297666 4C2019 09 29.54952 02 18 35.48 -05 11 56.5          22.7 i1     T09
     H297666 4C2019 09 29.55335 02 18 35.18 -05 11 56.1          22.6 i1     T09
     H297666 4C2019 09 29.61294 02 18 30.74 -05 11 51.0          22.5 z1     T09
     H297666 4C2019 09 29.61677 02 18 30.49 -05 11 50.7          22.6 z1     T09
     H297666 4C2019 09 29.62059 02 18 30.19 -05 11 50.3          22.5 z1     T09
     H299074*4C2019 09 29.43478 02 18 22.54 -05 20 33.6          24.8 r1     T09
     H299074 4C2019 09 29.45729 02 18 21.68 -05 20 39.6          24.9 r1     T09
     H299074 4C2019 09 29.46854 02 18 21.24 -05 20 42.6          24.7 r1     T09
     H299074 4C2019 09 29.49462 02 18 20.25 -05 20 49.7          24.6 i1     T09
     H299074 4C2019 09 29.51293 02 18 19.53 -05 20 54.6          24.2 i1     T09
     H299074 4C2019 09 29.53122 02 18 18.82 -05 20 59.5          25.0 i1     T09
     H299074 4C2019 09 29.53505 02 18 18.69 -05 21 00.6          25.0 i1     T09
     H299074 4C2019 09 29.54952 02 18 18.14 -05 21 04.5          24.6 i1     T09
     H299075*4C2019 09 29.43478 02 18 31.55 -05 21 17.0          24.9 r1     T09
     H299075 4C2019 09 29.44605 02 18 31.19 -05 21 21.5          24.7 r1     T09
     H299075 4C2019 09 29.46854 02 18 30.45 -05 21 30.8          25.4 r1     T09
     H299075 4C2019 09 29.49462 02 18 29.60 -05 21 41.9          25.5 i1     T09
     H299075 4C2019 09 29.49845 02 18 29.49 -05 21 43.0          25.1 i1     T09
     H299075 4C2019 09 29.51293 02 18 28.99 -05 21 49.3          25.0 i1     T09
     H299075 4C2019 09 29.51677 02 18 28.88 -05 21 50.6          25.1 i1     T09
     H299075 4C2019 09 29.53122 02 18 28.41 -05 21 56.8          25.8 i1     T09
     H299122*4C2019 09 29.43478 02 17 52.21 -05 15 35.3          23.7 r1     T09
     H299122 4C2019 09 29.44605 02 17 51.95 -05 15 44.5          23.9 r1     T09
     H299122 4C2019 09 29.46854 02 17 51.41 -05 16 03.3          23.4 r1     T09
     H299122 4C2019 09 29.49462 02 17 50.82 -05 16 24.2          23.2 i1     T09
     H299122 4C2019 09 29.53122 02 17 49.94 -05 16 54.2          23.7 i1     T09
     H299122 4C2019 09 29.54952 02 17 49.51 -05 17 09.2          24.0 i1     T09
     H299122 4C2019 09 29.55335 02 17 49.42 -05 17 12.4          23.5 i1     T09
     H299123*4C2019 09 29.44605 02 17 44.97 -05 17 22.3          25.1 r1     T09
     H299123 4C2019 09 29.46854 02 17 44.22 -05 17 29.7          25.0 r1     T09
     H299123 4C2019 09 29.51293 02 17 42.71 -05 17 44.3          24.7 i1     T09
     H299123 4C2019 09 29.51677 02 17 42.56 -05 17 45.5          24.1 i1     T09
     H299123 4C2019 09 29.53122 02 17 42.10 -05 17 50.2          24.7 i1     T09
     H299123 4C2019 09 29.53505 02 17 41.97 -05 17 51.6          24.8 i1     T09
     H299123 4C2019 09 29.54952 02 17 41.47 -05 17 56.3          24.5 i1     T09
     H299123 4C2019 09 29.55335 02 17 41.34 -05 17 57.6          24.8 i1     T09
     H299125*4C2019 09 29.43478 02 17 47.72 -05 13 58.3          25.8 r1     T09
     H299125 4C2019 09 29.45729 02 17 46.87 -05 13 58.9          25.8 r1     T09
     H299125 4C2019 09 29.46854 02 17 46.44 -05 13 59.4          25.5 r1     T09
     H299125 4C2019 09 29.49462 02 17 45.40 -05 14 00.4          25.3 i1     T09
     H299125 4C2019 09 29.51293 02 17 44.73 -05 14 00.7          25.2 i1     T09
     H299125 4C2019 09 29.51677 02 17 44.61 -05 14 00.9          25.3 i1     T09
     H299125 4C2019 09 29.53505 02 17 43.87 -05 14 01.4          25.4 i1     T09
     H312669*4C2019 10 04.59466 02 19 42.61 -05 14 19.1          23.0 z1     T09
