     H370266*4C2016 04 02.43645 12 23 49.60 -01 10 30.6          24.5 i1     T09
     H370266 4C2016 04 02.46093 12 23 49.49 -01 10 29.5          25.0 i1     T09
     H370266 4C2016 04 02.49363 12 23 49.33 -01 10 28.5          24.8 i1     T09
     H370266 4C2016 04 02.50982 12 23 49.24 -01 10 27.9          25.3 i1     T09
     H370266 4C2016 04 02.51521 12 23 49.22 -01 10 27.7          24.9 i1     T09
     H370266*4C2016 04 04.34027 12 23 40.53 -01 09 18.7          26.2 g1     T09
     H370266 4C2016 04 04.38302 12 23 40.32 -01 09 16.8          26.4 g1     T09
     H370266 4C2016 04 04.40223 12 23 40.23 -01 09 16.7          25.8 g1     T09
     H370266 4C2016 04 04.40648 12 23 40.21 -01 09 16.5          25.7 g1     T09
     H370266 4C2016 04 04.41735 12 23 40.14 -01 09 15.8          25.8 g1     T09
     H370266 4C2016 04 04.50037 12 23 39.74 -01 09 12.6          25.1 g1     T09
     H370266*4C2017 08 18.37555 00 03 00.65 +00 43 07.7          25.2 g1     T09
     H370266 4C2017 08 18.37834 00 03 00.55 +00 43 06.9          25.3 g1     T09
     H370266 4C2017 08 18.41186 00 02 59.64 +00 43 01.3          25.5 g1     T09


     H218750 4C2017 08 18.41186 00 02 52.08 +00 44 14.9          23.4 g1     T09
     H218751 4C2017 08 18.41186 00 03 10.57 +00 39 10.2          23.4 g1     T09
     H221103 4C2017 08 18.41186 00 02 34.63 +00 49 43.8          24.4 g1     T09
     H221118 4C2017 08 18.41186 00 02 35.96 +00 40 07.7          25.1 g1     T09
     H229481 4C2017 08 18.41186 00 01 21.74 +00 32 18.6          23.1 g1     T09
     H229482 4C2017 08 18.41186 00 01 41.10 +00 33 38.4          23.4 g1     T09
     H370266 4C2017 08 18.41186 00 02 59.64 +00 43 01.3          25.5 g1     T09
