     H267329*4C2017 02 21.33121 10 01 07.80 +02 30 49.7          23.5 z1     T09
     H267329 4C2017 02 21.33504 10 01 07.50 +02 30 51.1          23.5 z1     T09
     H267329 4C2017 02 21.35676 10 01 06.01 +02 30 58.1          23.9 z1     T09
     H267329 4C2017 02 21.36058 10 01 05.75 +02 30 59.3          24.0 z1     T09
     H267329 4C2017 02 21.36441 10 01 05.47 +02 31 00.7          24.0 z1     T09
     H267329 4C2017 02 21.37159 10 01 04.98 +02 31 03.2          24.2 z1     T09
     H267329 4C2017 02 21.38235 10 01 04.20 +02 31 06.7          24.0 z1     T09
     H267329 4C2017 02 21.38619 10 01 03.99 +02 31 07.5          23.9 z1     T09
     H267329 4C2017 02 21.39002 10 01 03.69 +02 31 09.1          23.8 z1     T09
     H267329 4C2017 02 21.40807 10 01 02.41 +02 31 15.1          23.5 z1     T09
     H267329*4C2017 02 23.45915 09 59 41.37 +02 42 01.7          24.3 r1     T09
     H267329 4C2017 02 23.46231 09 59 41.24 +02 42 02.7          24.6 r1     T09
     H267329 4C2017 02 23.47280 09 59 40.76 +02 42 06.1          24.7 r1     T09
     H267329 4C2017 02 23.47596 09 59 40.60 +02 42 07.3          24.0 r1     T09
     H267329*4C2017 02 23.48645 09 59 40.14 +02 42 10.4          24.5 r1     T09
     H267329 4C2017 02 23.48959 09 59 39.97 +02 42 11.5          24.2 r1     T09
     H267329 4C2017 02 23.50008 09 59 39.48 +02 42 14.9          24.5 r1     T09
     H267329 4C2017 02 23.50391 09 59 39.32 +02 42 16.1          24.5 r1     T09
     H267329 4C2017 02 23.50705 09 59 39.20 +02 42 17.0          25.0 r1     T09
     H267329*4C2017 02 25.36876 09 58 19.88 +02 52 02.4          23.5 i1     T09
     H267329 4C2017 02 25.41636 09 58 17.43 +02 52 15.3          23.9 i1     T09
     H267329 4C2017 02 25.42391 09 58 17.04 +02 52 17.3          24.2 i1     T09
     H267329 4C2017 02 25.44233 09 58 16.04 +02 52 22.2          23.9 i1     T09
     H267329 4C2017 02 25.44604 09 58 15.84 +02 52 23.4          23.9 i1     T09


     H245984*4C2017 03 04.44130 09 59 13.40 +02 42 37.2          23.1 i1     T09
     H245984 4C2017 03 04.44514 09 59 13.23 +02 42 38.2          23.1 i1     T09
     H245994 4C2017 03 04.27802 09 59 01.29 +02 40 33.8          22.8 z1     T09
     H245994*4C2017 03 04.28185 09 59 01.12 +02 40 35.2          23.2 z1     T09
     H245994 4C2017 03 04.31098 09 58 59.68 +02 40 47.3          23.0 z1     T09
     H245994 4C2017 03 04.32902 09 58 58.83 +02 40 54.6          23.4 z1     T09
     H245994 4C2017 03 04.33285 09 58 58.65 +02 40 56.2          23.0 z1     T09
     H245994 4C2017 03 04.33650 09 58 58.48 +02 40 57.6          23.1 z1     T09
     H245994 4C2017 03 04.35080 09 58 57.77 +02 41 03.2          23.1 z1     T09
     H245994 4C2017 03 04.35463 09 58 57.59 +02 41 05.0          22.5 z1     T09
     H245994 4C2017 03 04.44130 09 58 53.39 +02 41 40.3          23.1 i1     T09
     H245994 4C2017 03 04.44514 09 58 53.20 +02 41 41.8          22.7 i1     T09
     H245995 4C2017 03 04.44514 09 58 31.91 +02 34 54.5          23.3 i1     T09
     H245996*4C2017 03 04.28185 09 58 37.19 +02 40 28.8          23.8 z1     T09
     H245996 4C2017 03 04.28551 09 58 37.05 +02 40 29.3          23.5 z1     T09
     H245996 4C2017 03 04.30733 09 58 35.91 +02 40 34.2          22.9 z1     T09
     H245996 4C2017 03 04.31098 09 58 35.72 +02 40 35.3          23.3 z1     T09
     H245996 4C2017 03 04.33285 09 58 34.62 +02 40 40.0          23.0 z1     T09
     H245996 4C2017 03 04.35080 09 58 33.70 +02 40 44.4          23.9 z1     T09
     H245996 4C2017 03 04.44514 09 58 28.95 +02 41 05.4          23.2 i1     T09
     H267309*4C2017 03 04.33650 09 57 39.85 +03 07 00.2          23.3 z1     T09
     H267329 4C2017 02 25.44604 09 58 15.84 +02 52 23.4          23.9 i1     T09
     H274220*4C2017 03 04.28551 09 58 38.61 +03 04 36.4          22.7 z1     T09
     H274220 4C2017 03 04.31098 09 58 37.39 +03 04 40.1          22.8 z1     T09
     H274220 4C2017 03 04.33650 09 58 36.15 +03 04 43.9          22.8 z1     T09
     H275328*4C2017 03 04.31098 09 57 46.98 +02 56 44.9          23.1 z1     T09
     H275328 4C2017 03 04.33650 09 57 45.70 +02 56 47.6          24.1 z1     T09
     H286393*4C2017 03 04.44130 09 58 23.22 +02 42 30.2          24.2 i1     T09
     H286427*4C2017 03 04.25993 09 57 18.43 +02 50 28.4          22.3 z1     T09
     H286427 4C2017 03 04.28551 09 57 16.96 +02 50 32.9          22.5 z1     T09
     H286427 4C2017 03 04.31098 09 57 15.51 +02 50 37.2          22.4 z1     T09
     H286430*4C2017 03 04.31098 09 57 38.35 +02 47 50.1          23.4 z1     T09
     H286430 4C2017 03 04.33650 09 57 36.97 +02 48 03.6          23.7 z1     T09
     H288641 4C2017 02 25.44604 09 58 48.58 +02 43 21.7          23.5 i1     T09
     H288668*4C2017 03 04.25993 09 59 16.91 +02 44 23.5          23.0 z1     T09
     H288668 4C2017 03 04.27802 09 59 16.00 +02 44 35.3          22.5 z1     T09
     H288668 4C2017 03 04.28185 09 59 15.82 +02 44 37.8          22.7 z1     T09
     H288668 4C2017 03 04.28551 09 59 15.63 +02 44 40.2          22.5 z1     T09
     H288668 4C2017 03 04.30350 09 59 14.78 +02 44 51.9          22.6 z1     T09
     H288668 4C2017 03 04.30733 09 59 14.60 +02 44 54.3          22.8 z1     T09
     H288668 4C2017 03 04.31098 09 59 14.42 +02 44 56.8          22.5 z1     T09
     H288668 4C2017 03 04.32520 09 59 13.71 +02 45 06.2          22.6 z1     T09
     H288668 4C2017 03 04.33285 09 59 13.35 +02 45 10.9          22.5 z1     T09
     H288668 4C2017 03 04.33650 09 59 13.17 +02 45 13.4          22.5 z1     T09
     H288755*4C2017 03 04.25993 09 58 47.13 +02 45 17.0          23.3 z1     T09
     H288755 4C2017 03 04.30350 09 58 44.68 +02 45 21.8          23.3 z1     T09
     H288755 4C2017 03 04.33285 09 58 43.06 +02 45 25.2          23.0 z1     T09
     H288755 4C2017 03 04.33650 09 58 42.87 +02 45 25.7          23.1 z1     T09
     H288755 4C2017 03 04.35463 09 58 41.85 +02 45 27.5          22.9 z1     T09
     H288755 4C2017 03 04.44514 09 58 36.80 +02 45 37.5          22.9 i1     T09
     H288756*4C2017 03 04.44130 09 58 45.60 +02 47 16.2          23.9 i1     T09
     H288756 4C2017 03 04.44514 09 58 45.45 +02 47 18.9          24.1 i1     T09
     H288757*4C2017 03 04.29967 09 58 59.80 +02 49 36.7          23.9 z1     T09
     H288757 4C2017 03 04.31098 09 58 59.33 +02 49 39.8          24.2 z1     T09
     H288757 4C2017 03 04.33650 09 58 58.15 +02 49 47.5          24.1 z1     T09
     H288757 4C2017 03 04.44130 09 58 53.47 +02 50 18.0          24.1 i1     T09
     H288757 4C2017 03 04.44514 09 58 53.31 +02 50 19.0          24.1 i1     T09
     H293607 4C2017 02 25.44604 09 58 41.10 +02 44 45.4          23.0 i1     T09
     H303367*4C2017 03 04.25993 09 59 24.44 +02 55 17.5          23.6 z1     T09
     H303367 4C2017 03 04.31098 09 59 22.39 +02 55 37.7          23.4 z1     T09
     H303367 4C2017 03 04.33650 09 59 21.35 +02 55 47.4          22.9 z1     T09
     H303368*4C2017 03 04.31098 09 59 18.70 +02 57 40.4          23.9 z1     T09
     H309051*4C2017 03 04.44130 09 57 45.08 +02 39 18.1          24.5 i1     T09
     H309051 4C2017 03 04.44514 09 57 44.91 +02 39 19.5          24.0 i1     T09
     H369780*4C2017 03 04.31098 09 58 18.89 +02 41 44.6          23.7 z1     T09
     H369780 4C2017 03 04.35463 09 58 16.81 +02 41 53.0          23.6 z1     T09
     H369780 4C2017 03 04.44130 09 58 12.69 +02 42 09.7          24.3 i1     T09
     H369789 4C2017 02 25.44604 09 58 13.48 +02 52 37.6          24.0 i1     T09
     H267321*4C2017 03 04.25993 09 56 19.48 +03 01 08.3          22.6 z1     T09
     H267321 4C2017 03 04.31098 09 56 16.57 +03 01 21.6          21.9 z1     T09
     H267321 4C2017 03 04.33650 09 56 15.10 +03 01 28.3          22.0 z1     T09
     H275326*4C2017 03 04.28551 09 55 37.30 +03 10 31.5          24.0 z1     T09
     H275326 4C2017 03 04.33650 09 55 34.61 +03 10 39.8          23.5 z1     T09
     H275328*4C2017 03 04.31098 09 57 46.98 +02 56 44.9          23.1 z1     T09
     H275328 4C2017 03 04.33650 09 57 45.70 +02 56 47.6          24.1 z1     T09
     H267321*4C2017 03 04.25993 09 56 19.48 +03 01 08.3          22.6 z1     T09
     H267321 4C2017 03 04.31098 09 56 16.57 +03 01 21.6          21.9 z1     T09
     H267321 4C2017 03 04.33650 09 56 15.10 +03 01 28.3          22.0 z1     T09
     H275326*4C2017 03 04.28551 09 55 37.30 +03 10 31.5          24.0 z1     T09
     H275326 4C2017 03 04.33650 09 55 34.61 +03 10 39.8          23.5 z1     T09
     H275328*4C2017 03 04.31098 09 57 46.98 +02 56 44.9          23.1 z1     T09
     H275328 4C2017 03 04.33650 09 57 45.70 +02 56 47.6          24.1 z1     T09
