     H322994*4C2016 04 02.40035 12 16 05.23 +00 48 28.6          25.1 i1     T09
     H322994 4C2016 04 02.42290 12 16 05.14 +00 48 29.3          24.8 i1     T09
     H322994 4C2016 04 02.43920 12 16 05.07 +00 48 29.6          24.8 i1     T09
     H322994 4C2016 04 02.47448 12 16 04.92 +00 48 30.6          24.6 i1     T09
     H322994 4C2016 04 02.52059 12 16 04.71 +00 48 31.8          24.6 i1     T09
     H322994*4C2016 04 04.35452 12 15 56.93 +00 49 22.0          25.5 g1     T09
     H322994 4C2016 04 04.39376 12 15 56.75 +00 49 22.9          26.1 g1     T09
     H322994 4C2016 04 04.41084 12 15 56.70 +00 49 23.5          25.7 g1     T09
     H322994*4C2016 04 08.50734 12 15 39.45 +00 51 13.1          24.5 r1     T09
     H322994 4C2016 04 08.51156 12 15 39.43 +00 51 13.1          24.6 r1     T09
     H322994 4C2016 04 08.52637 12 15 39.38 +00 51 13.4          25.3 r1     T09


     H322994 4C2016 04 08.52637 12 15 39.38 +00 51 13.4          25.3 r1     T09
     H324252 4C2016 04 08.52637 12 14 54.98 +00 32 07.4          24.5 r1     T09
     H324253 4C2016 04 08.52637 12 14 29.68 +00 31 44.0          24.9 r1     T09
     H324254 4C2016 04 08.52637 12 14 51.66 +00 38 51.1          24.6 r1     T09
     H324255 4C2016 04 08.52637 12 14 58.27 +00 39 08.9          24.4 r1     T09
     H332101 4C2016 04 08.52637 12 14 18.09 +00 56 21.0          23.7 r1     T09
     H333124 4C2016 04 08.52637 12 14 22.08 +00 35 05.4          25.0 r1     T09
     H337708 4C2016 04 08.52637 12 14 11.11 +00 49 20.7          24.0 r1     T09
     H337709 4C2016 04 08.52637 12 14 15.07 +00 46 58.2          24.0 r1     T09
     H341064*4C2016 04 15.35150 12 15 00.71 +01 06 53.3          22.1 y1     T09
     H341064 4C2016 04 15.36307 12 15 00.16 +01 06 54.1          22.0 y1     T09
     H341064 4C2016 04 15.37454 12 14 59.59 +01 06 54.9          22.1 y1     T09
     H341064 4C2016 04 15.43221 12 14 56.76 +01 06 59.1          21.9 y1     T09
     H350447 4C2016 04 08.52637 12 15 27.20 +00 53 50.5          25.1 r1     T09
     H371706 4C2016 04 08.52637 12 15 21.21 +01 00 32.7          23.5 r1     T09
