     H345189*4C2016 03 04.34374 09 15 57.79 +04 03 27.8          24.0 i1     T09
     H345189 4C2016 03 04.34717 09 15 57.77 +04 03 28.0          24.3 i1     T09
     H345189 4C2016 03 04.36703 09 15 57.68 +04 03 28.5          24.3 i1     T09
     H345189 4C2016 03 04.38892 09 15 57.59 +04 03 28.8          24.0 i1     T09
     H345189 4C2016 03 04.40242 09 15 57.53 +04 03 29.0          24.3 i1     T09
     H345189 4C2016 03 04.41331 09 15 57.48 +04 03 29.3          24.1 i1     T09
     H345189*4C2016 03 07.35383 09 15 44.71 +04 04 35.6          25.2 g1     T09
     H345189 4C2016 03 07.35667 09 15 44.70 +04 04 35.6          25.7 g1     T09
     H345189 4C2016 03 07.40643 09 15 44.49 +04 04 37.0          25.4 g1     T09
     H345189 4C2016 03 07.42361 09 15 44.42 +04 04 37.3          25.1 g1     T09
     H345189*4C2016 03 12.32378 09 15 24.20 +04 06 28.6          24.0 z1     T09
     H345189 4C2016 03 12.36808 09 15 24.02 +04 06 29.4          24.4 z1     T09
     H345189 4C2016 03 12.37925 09 15 23.96 +04 06 29.8          24.0 z1     T09


     H345189 4C2016 03 12.37925 09 15 23.96 +04 06 29.8          24.0 z1     T09
     H353020 4C2016 03 12.37925 09 15 06.41 +03 55 04.5          23.3 z1     T09
