     H275595*4C2017 02 02.61286 12 38 02.71 +00 22 02.6          24.7 i1     T09
     H275595 4C2017 02 02.62200 12 38 02.71 +00 22 03.2          24.4 i1     T09
     H275595 4C2017 02 02.65847 12 38 02.67 +00 22 06.9          25.0 i1     T09
     H275595*4C2017 02 23.31746 10 02 06.53 +02 26 07.6          25.3 g1     T09
     H275595 4C2017 02 23.32550 10 02 06.14 +02 26 11.3          25.0 g1     T09
     H275595 4C2017 02 23.45915 10 01 59.90 +02 27 11.1          24.8 r1     T09
     H275595 4C2017 02 23.46476 10 01 59.62 +02 27 13.8          25.0 r1     T09
     H275595 4C2017 02 23.48645 10 01 58.63 +02 27 23.5          24.7 r1     T09
     H275595 4C2017 02 23.50391 10 01 57.80 +02 27 31.3          24.9 r1     T09
     H275595 4C2017 02 23.50949 10 01 57.56 +02 27 33.6          24.7 r1     T09
     H275595*4C2017 02 25.41636 10 00 32.13 +02 41 53.8          25.2 i1     T09
     H275595 4C2017 02 25.42020 10 00 31.94 +02 41 56.0          24.7 i1     T09
     H275595 4C2017 02 25.42768 10 00 31.60 +02 41 59.5          24.4 i1     T09
     H275595 4C2017 02 25.43849 10 00 31.12 +02 42 03.9          24.5 i1     T09
     H275595 4C2017 02 25.44233 10 00 30.91 +02 42 06.2          25.2 i1     T09


     H245976*4C2017 03 04.28899 10 00 16.93 +02 27 13.0          24.0 z1     T09
     H245976 4C2017 03 04.29967 10 00 16.46 +02 27 17.9          23.9 z1     T09
     H245976 4C2017 03 04.31098 10 00 15.93 +02 27 23.6          23.7 z1     T09
     H245976 4C2017 03 04.32520 10 00 15.29 +02 27 29.4          24.1 z1     T09
     H245976 4C2017 03 04.32902 10 00 15.17 +02 27 31.3          24.2 z1     T09
     H245976 4C2017 03 04.35080 10 00 14.15 +02 27 41.2          24.5 z1     T09
     H245984 4C2017 03 04.27420 09 59 21.60 +02 41 47.4          23.2 z1     T09
     H245984*4C2017 03 04.28551 09 59 21.06 +02 41 50.5          23.6 z1     T09
     H245984 4C2017 03 04.29967 09 59 20.36 +02 41 55.1          23.2 z1     T09
     H245984 4C2017 03 04.30733 09 59 19.99 +02 41 57.3          23.3 z1     T09
     H245984 4C2017 03 04.31098 09 59 19.82 +02 41 58.3          23.4 z1     T09
     H245984 4C2017 03 04.32520 09 59 19.10 +02 42 02.6          23.2 z1     T09
     H246006*4C2017 03 04.44130 10 01 17.46 +02 32 27.0          24.7 i1     T09
     H246024*4C2017 03 04.26345 10 01 17.29 +02 48 12.6          23.8 z1     T09
     H246024 4C2017 03 04.28185 10 01 16.44 +02 48 17.5          23.3 z1     T09
     H246024 4C2017 03 04.29967 10 01 15.59 +02 48 22.0          23.7 z1     T09
     H246024 4C2017 03 04.30350 10 01 15.42 +02 48 23.0          23.4 z1     T09
     H246024 4C2017 03 04.30733 10 01 15.24 +02 48 23.7          24.4 z1     T09
     H246024 4C2017 03 04.31448 10 01 14.92 +02 48 25.7          24.0 z1     T09
     H246024 4C2017 03 04.32902 10 01 14.23 +02 48 29.4          24.0 z1     T09
     H246024 4C2017 03 04.33650 10 01 13.90 +02 48 31.6          23.5 z1     T09
     H246024 4C2017 03 04.35463 10 01 13.06 +02 48 36.1          23.4 z1     T09
     H246024*4C2017 03 04.44130 10 01 09.04 +02 48 58.3          23.4 i1     T09
     H246037*4C2017 03 04.44130 10 00 37.60 +02 34 03.6          24.7 i1     T09
     H259711*4C2017 02 27.39688 10 01 15.62 +02 48 51.5          22.9 y1     T09
     H259711 4C2017 02 27.40779 10 01 15.02 +02 48 56.7          22.6 y1     T09
     H259711 4C2017 02 27.41162 10 01 14.82 +02 48 58.5          22.7 y1     T09
     H259722*4C2017 02 27.38185 10 00 40.86 +02 35 54.6          21.8 y1     T09
     H259722 4C2017 02 27.38568 10 00 40.71 +02 35 55.9          22.4 y1     T09
     H259722 4C2017 02 27.38951 10 00 40.55 +02 35 57.6          22.8 y1     T09
     H259722 4C2017 02 27.40779 10 00 39.72 +02 36 06.3          22.4 y1     T09
     H259722 4C2017 02 27.41162 10 00 39.58 +02 36 07.8          22.0 y1     T09
     H259724*4C2017 02 27.38185 10 00 59.06 +02 40 23.1          22.0 y1     T09
     H259724 4C2017 02 27.38568 10 00 58.89 +02 40 23.8          22.1 y1     T09
     H259724 4C2017 02 27.41162 10 00 57.29 +02 40 30.2          22.2 y1     T09
     H259724 4C2017 02 27.41545 10 00 57.01 +02 40 31.2          22.3 y1     T09
     H260092*4C2017 03 04.26345 10 01 00.62 +02 54 47.8          22.7 z1     T09
     H260092 4C2017 03 04.31098 10 00 58.42 +02 54 59.5          22.8 z1     T09
     H260092 4C2017 03 04.31448 10 00 58.26 +02 55 00.4          22.7 z1     T09
     H260092 4C2017 03 04.34002 10 00 57.07 +02 55 06.6          22.6 z1     T09
     H260253*4C2017 02 27.38185 10 00 59.05 +02 41 56.3          22.4 y1     T09
     H260253 4C2017 02 27.38568 10 00 58.85 +02 41 58.3          21.9 y1     T09
     H260253 4C2017 02 27.38951 10 00 58.65 +02 42 00.0          22.3 y1     T09
     H260253 4C2017 02 27.41162 10 00 57.41 +02 42 11.3          22.2 y1     T09
     H260253 4C2017 02 27.41545 10 00 57.21 +02 42 13.3          22.3 y1     T09
     H260776 4C2017 02 25.44604 10 00 17.50 +02 45 29.6          24.3 i1     T09
     H267271 4C2017 02 25.44233 10 01 29.00 +02 33 15.4          23.5 i1     T09
     H267321*4C2017 03 04.25993 09 56 19.48 +03 01 08.3          22.6 z1     T09
     H267321 4C2017 03 04.31098 09 56 16.57 +03 01 21.6          21.9 z1     T09
     H267321 4C2017 03 04.33650 09 56 15.10 +03 01 28.3          22.0 z1     T09
     H267337*4C2017 03 04.28551 09 56 54.19 +03 23 30.5          22.4 z1     T09
     H267337 4C2017 03 04.31098 09 56 52.93 +03 23 43.5          22.3 z1     T09
     H267338*4C2017 03 04.28551 09 56 53.60 +03 33 04.8          23.2 z1     T09
     H267338 4C2017 03 04.31098 09 56 52.57 +03 33 15.2          23.0 z1     T09
     H267338 4C2017 03 04.33650 09 56 51.53 +03 33 26.1          23.2 z1     T09
     H267339*4C2017 03 04.31098 09 56 53.11 +03 36 00.2          22.0 z1     T09
     H267346*4C2017 03 04.28551 09 57 07.23 +03 27 27.6          22.9 z1     T09
     H267346 4C2017 03 04.31098 09 57 05.72 +03 27 34.9          22.6 z1     T09
     H267346 4C2017 03 04.33650 09 57 04.21 +03 27 42.3          22.4 z1     T09
     H267347*4C2017 03 04.28551 09 57 10.82 +03 29 29.0          23.6 z1     T09
     H267357*4C2017 03 04.25993 09 55 47.47 +03 23 49.5          22.2 z1     T09
     H267357 4C2017 03 04.28551 09 55 45.09 +03 23 34.4          22.2 z1     T09
     H267357 4C2017 03 04.31098 09 55 42.72 +03 23 19.4          22.3 z1     T09
     H268137 4C2017 02 25.44233 10 00 32.88 +02 24 15.9          23.6 i1     T09
     H275326*4C2017 03 04.28551 09 55 37.30 +03 10 31.5          24.0 z1     T09
     H275326 4C2017 03 04.33650 09 55 34.61 +03 10 39.8          23.5 z1     T09
     H275595 4C2017 02 25.44233 10 00 30.91 +02 42 06.2          25.2 i1     T09
     H281145*4C2017 03 04.26345 10 00 19.79 +02 57 41.5          22.9 z1     T09
     H281145 4C2017 03 04.28899 10 00 18.67 +02 57 50.8          22.9 z1     T09
     H281145 4C2017 03 04.31098 10 00 17.73 +02 57 58.7          23.8 z1     T09
     H283026*4C2017 03 04.25993 09 56 35.73 +03 20 03.6          23.4 z1     T09
     H283026 4C2017 03 04.28551 09 56 34.37 +03 20 12.7          23.5 z1     T09
     H283026 4C2017 03 04.31098 09 56 33.00 +03 20 22.0          23.3 z1     T09
     H283026 4C2017 03 04.33650 09 56 31.61 +03 20 31.0          23.7 z1     T09
     H286134*4C2017 03 04.27420 10 01 29.44 +02 32 35.9          23.1 z1     T09
     H286134 4C2017 03 04.29967 10 01 28.29 +02 32 41.5          23.2 z1     T09
     H286134 4C2017 03 04.30350 10 01 28.12 +02 32 42.4          22.9 z1     T09
     H286134 4C2017 03 04.30733 10 01 27.94 +02 32 43.3          23.2 z1     T09
     H286134 4C2017 03 04.32520 10 01 27.15 +02 32 47.1          23.0 z1     T09
     H286134 4C2017 03 04.32902 10 01 26.99 +02 32 47.9          23.0 z1     T09
     H286134 4C2017 03 04.33285 10 01 26.81 +02 32 48.7          23.3 z1     T09
     H286134 4C2017 03 04.34002 10 01 26.49 +02 32 50.4          22.8 z1     T09
     H286134 4C2017 03 04.35080 10 01 26.01 +02 32 52.6          23.1 z1     T09
     H286134 4C2017 03 04.35463 10 01 25.82 +02 32 53.5          23.2 z1     T09
     H286134*4C2017 03 04.44130 10 01 21.94 +02 33 12.3          23.1 i1     T09
     H288391*4C2017 03 04.44130 10 01 30.39 +02 39 35.5          22.7 i1     T09
     H288634*4C2017 03 04.26345 10 00 51.20 +02 50 12.6          22.8 z1     T09
     H288634 4C2017 03 04.28899 10 00 50.12 +02 50 22.0          22.6 z1     T09
     H288634 4C2017 03 04.29967 10 00 49.71 +02 50 25.5          22.4 z1     T09
     H288634 4C2017 03 04.31098 10 00 49.23 +02 50 29.5          22.6 z1     T09
     H288634 4C2017 03 04.31448 10 00 49.10 +02 50 30.7          22.5 z1     T09
     H288634 4C2017 03 04.33285 10 00 48.33 +02 50 37.1          22.3 z1     T09
     H288634 4C2017 03 04.33650 10 00 48.19 +02 50 38.3          22.3 z1     T09
     H288634 4C2017 03 04.35463 10 00 47.42 +02 50 44.8          22.6 z1     T09
     H288635*4C2017 03 04.26345 10 00 55.87 +02 43 44.0          23.7 z1     T09
     H288635 4C2017 03 04.27420 10 00 55.42 +02 43 48.3          23.3 z1     T09
     H288635 4C2017 03 04.28185 10 00 55.10 +02 43 50.9          23.1 z1     T09
     H288635 4C2017 03 04.29967 10 00 54.34 +02 43 58.3          23.2 z1     T09
     H288635 4C2017 03 04.30350 10 00 54.21 +02 43 59.5          23.2 z1     T09
     H288635 4C2017 03 04.32520 10 00 53.28 +02 44 08.2          23.2 z1     T09
     H288635 4C2017 03 04.33285 10 00 52.95 +02 44 11.2          22.9 z1     T09
     H288635 4C2017 03 04.33650 10 00 52.81 +02 44 12.5          23.9 z1     T09
     H288635 4C2017 03 04.35080 10 00 52.21 +02 44 18.1          23.5 z1     T09
     H288635 4C2017 03 04.35463 10 00 52.05 +02 44 19.5          23.7 z1     T09
     H288653*4C2017 03 04.27420 10 00 40.23 +02 47 56.8          23.4 z1     T09
     H288653 4C2017 03 04.28185 10 00 39.87 +02 47 58.4          23.3 z1     T09
     H288653 4C2017 03 04.28899 10 00 39.55 +02 48 00.0          23.6 z1     T09
     H288653 4C2017 03 04.29967 10 00 39.04 +02 48 02.2          23.0 z1     T09
     H288653 4C2017 03 04.30350 10 00 38.89 +02 48 03.0          23.6 z1     T09
     H288653 4C2017 03 04.30733 10 00 38.71 +02 48 03.8          22.8 z1     T09
     H288653 4C2017 03 04.31098 10 00 38.53 +02 48 04.6          23.1 z1     T09
     H288653*4C2017 03 04.32902 10 00 37.68 +02 48 08.4          23.0 z1     T09
     H288653 4C2017 03 04.33285 10 00 37.50 +02 48 09.1          23.1 z1     T09
     H288653 4C2017 03 04.33650 10 00 37.34 +02 48 09.9          23.0 z1     T09
     H288653 4C2017 03 04.35463 10 00 36.50 +02 48 13.8          23.2 z1     T09
     H288654*4C2017 03 04.27420 10 00 38.70 +02 45 39.9          24.1 z1     T09
     H288654 4C2017 03 04.28185 10 00 38.37 +02 45 43.4          24.3 z1     T09
     H288654 4C2017 03 04.28899 10 00 38.08 +02 45 46.8          24.0 z1     T09
     H288654*4C2017 03 04.29967 10 00 37.62 +02 45 51.5          24.6 z1     T09
     H288654 4C2017 03 04.30350 10 00 37.48 +02 45 53.0          23.7 z1     T09
     H288654 4C2017 03 04.30733 10 00 37.33 +02 45 54.7          24.3 z1     T09
     H288654 4C2017 03 04.32520 10 00 36.58 +02 46 02.6          24.5 z1     T09
     H288654 4C2017 03 04.32902 10 00 36.38 +02 46 04.6          24.2 z1     T09
     H288654 4C2017 03 04.33285 10 00 36.23 +02 46 06.4          23.9 z1     T09
     H288654 4C2017 03 04.35463 10 00 35.29 +02 46 16.2          23.6 z1     T09
     H288655*4C2017 03 04.27420 10 00 40.29 +02 41 15.3          24.3 z1     T09
     H288655 4C2017 03 04.28185 10 00 39.84 +02 41 18.7          24.1 z1     T09
     H288655 4C2017 03 04.28899 10 00 39.38 +02 41 22.2          23.7 z1     T09
     H288655 4C2017 03 04.30350 10 00 38.54 +02 41 28.1          24.3 z1     T09
     H288655 4C2017 03 04.33650 10 00 36.65 +02 41 41.9          24.8 z1     T09
     H288655*4C2017 03 04.44130 10 00 30.66 +02 42 24.0          23.8 i1     T09
     H288656*4C2017 03 04.27420 10 00 01.76 +02 47 51.2          22.6 z1     T09
     H288656 4C2017 03 04.28899 10 00 01.02 +02 47 59.4          23.3 z1     T09
     H288656 4C2017 03 04.29967 10 00 00.49 +02 48 05.2          22.7 z1     T09
     H288656 4C2017 03 04.30350 10 00 00.30 +02 48 07.3          22.8 z1     T09
     H288656 4C2017 03 04.30733 10 00 00.12 +02 48 09.3          22.8 z1     T09
     H288656 4C2017 03 04.31098 09 59 59.93 +02 48 11.3          22.9 z1     T09
     H288656 4C2017 03 04.32902 09 59 59.03 +02 48 21.1          22.9 z1     T09
     H288656 4C2017 03 04.33285 09 59 58.84 +02 48 23.2          22.6 z1     T09
     H288656 4C2017 03 04.33650 09 59 58.66 +02 48 25.1          23.2 z1     T09
     H288656 4C2017 03 04.35463 09 59 57.74 +02 48 35.0          22.9 z1     T09
     H288656*4C2017 03 04.44130 09 59 53.41 +02 49 21.9          22.8 i1     T09
     H290771 4C2017 02 25.44233 10 01 33.97 +02 45 58.3          23.2 i1     T09
     H290771*4C2017 02 27.39325 10 00 12.04 +02 59 17.9          23.5 y1     T09
     H290771 4C2017 02 27.39688 10 00 11.91 +02 59 19.3          23.5 y1     T09
     H290772 4C2017 02 25.44233 10 01 37.42 +02 48 11.7          24.1 i1     T09
     H295539 4C2017 02 25.44233 09 59 24.16 +02 38 15.9          24.4 i1     T09
     H296388 4C2017 03 04.33285 10 01 34.47 +02 34 00.5          23.6 z1     T09
     H296388 4C2017 03 04.44130 10 01 29.80 +02 34 47.8          24.0 i1     T09
     H298569 4C2017 02 25.44233 09 59 58.59 +02 37 58.2          24.9 i1     T09
     H305389*4C2017 03 04.25993 10 00 00.73 +02 52 10.2          22.0 z1     T09
     H305389 4C2017 03 04.26345 10 00 00.57 +02 52 10.6          21.7 z1     T09
     H305389 4C2017 03 04.28899 09 59 59.33 +02 52 14.5          21.8 z1     T09
     H305389 4C2017 03 04.29967 09 59 58.80 +02 52 16.1          21.7 z1     T09
     H305389 4C2017 03 04.31098 09 59 58.25 +02 52 17.7          21.9 z1     T09
     H305389 4C2017 03 04.33650 09 59 57.01 +02 52 21.6          21.8 z1     T09
     H305389 4C2017 03 04.35463 09 59 56.13 +02 52 24.3          21.8 z1     T09
     H307338*4C2017 03 04.28551 09 56 37.25 +03 20 37.1          23.9 z1     T09
     H307338 4C2017 03 04.33650 09 56 34.53 +03 22 06.3          24.7 z1     T09
     H307795*4C2017 02 27.38185 10 00 14.09 +02 34 19.0          23.1 y1     T09
     H307795 4C2017 02 27.38568 10 00 13.95 +02 34 19.5          23.6 y1     T09
     H307795 4C2017 02 27.38951 10 00 13.76 +02 34 20.2          23.3 y1     T09
     H307795 4C2017 02 27.40779 10 00 12.85 +02 34 23.9          24.1 y1     T09
     H307795 4C2017 02 27.41162 10 00 12.61 +02 34 24.9          23.8 y1     T09
     H307795 4C2017 02 27.41545 10 00 12.39 +02 34 25.6          23.9 y1     T09
     H313210*4C2017 03 04.28551 09 56 20.04 +03 29 31.9          23.7 z1     T09
     H313210 4C2017 03 04.31098 09 56 18.83 +03 29 37.3          24.1 z1     T09
     H370397*4C2017 03 04.29967 10 00 00.88 +02 35 34.2          24.1 z1     T09
     H370397 4C2017 03 04.30350 10 00 00.64 +02 35 36.2          24.0 z1     T09
     H370397 4C2017 03 04.30733 10 00 00.49 +02 35 37.3          23.7 z1     T09
     H370397 4C2017 03 04.33285 09 59 59.15 +02 35 47.0          24.2 z1     T09
     H370397 4C2017 03 04.33650 09 59 58.98 +02 35 48.3          23.5 z1     T09
     H370397 4C2017 03 04.35080 09 59 58.22 +02 35 53.7          23.7 z1     T09
     H370397 4C2017 03 04.35463 09 59 58.03 +02 35 55.4          23.9 z1     T09
     H370397 4C2017 03 04.44130 09 59 53.52 +02 36 28.1          24.0 i1     T09
     H260776 4C2017 02 25.44604 10 00 17.50 +02 45 29.6          24.3 i1     T09
     H267309*4C2017 03 04.33650 09 57 39.85 +03 07 00.2          23.3 z1     T09
     H274220*4C2017 03 04.28551 09 58 38.61 +03 04 36.4          22.7 z1     T09
     H274220 4C2017 03 04.31098 09 58 37.39 +03 04 40.1          22.8 z1     T09
     H274220 4C2017 03 04.33650 09 58 36.15 +03 04 43.9          22.8 z1     T09
     H283026*4C2017 03 04.25993 09 56 35.73 +03 20 03.6          23.4 z1     T09
     H283026 4C2017 03 04.28551 09 56 34.37 +03 20 12.7          23.5 z1     T09
     H283026 4C2017 03 04.31098 09 56 33.00 +03 20 22.0          23.3 z1     T09
     H283026 4C2017 03 04.33650 09 56 31.61 +03 20 31.0          23.7 z1     T09
     H288635 4C2017 03 04.32520 10 00 53.28 +02 44 08.2          23.2 z1     T09
     H288635 4C2017 03 04.33285 10 00 52.95 +02 44 11.2          22.9 z1     T09
     H288635 4C2017 03 04.33650 10 00 52.81 +02 44 12.5          23.9 z1     T09
     H288635 4C2017 03 04.35080 10 00 52.21 +02 44 18.1          23.5 z1     T09
     H288635 4C2017 03 04.35463 10 00 52.05 +02 44 19.5          23.7 z1     T09
     H288653 4C2017 03 04.35463 10 00 36.50 +02 48 13.8          23.2 z1     T09
     H288654*4C2017 03 04.27420 10 00 38.70 +02 45 39.9          24.1 z1     T09
     H288654 4C2017 03 04.28185 10 00 38.37 +02 45 43.4          24.3 z1     T09
     H288654 4C2017 03 04.28899 10 00 38.08 +02 45 46.8          24.0 z1     T09
     H288654*4C2017 03 04.29967 10 00 37.62 +02 45 51.5          24.6 z1     T09
     H288654 4C2017 03 04.30350 10 00 37.48 +02 45 53.0          23.7 z1     T09
     H288654 4C2017 03 04.30733 10 00 37.33 +02 45 54.7          24.3 z1     T09
     H288654 4C2017 03 04.32520 10 00 36.58 +02 46 02.6          24.5 z1     T09
     H288654 4C2017 03 04.32902 10 00 36.38 +02 46 04.6          24.2 z1     T09
     H288654 4C2017 03 04.33285 10 00 36.23 +02 46 06.4          23.9 z1     T09
     H288654 4C2017 03 04.35463 10 00 35.29 +02 46 16.2          23.6 z1     T09
     H288655*4C2017 03 04.27420 10 00 40.29 +02 41 15.3          24.3 z1     T09
     H288655 4C2017 03 04.28185 10 00 39.84 +02 41 18.7          24.1 z1     T09
     H288655 4C2017 03 04.28899 10 00 39.38 +02 41 22.2          23.7 z1     T09
     H288655 4C2017 03 04.30350 10 00 38.54 +02 41 28.1          24.3 z1     T09
     H288655 4C2017 03 04.33650 10 00 36.65 +02 41 41.9          24.8 z1     T09
     H288655*4C2017 03 04.44130 10 00 30.66 +02 42 24.0          23.8 i1     T09
     H288656*4C2017 03 04.27420 10 00 01.76 +02 47 51.2          22.6 z1     T09
     H288656 4C2017 03 04.28899 10 00 01.02 +02 47 59.4          23.3 z1     T09
     H288656 4C2017 03 04.29967 10 00 00.49 +02 48 05.2          22.7 z1     T09
     H288656 4C2017 03 04.30350 10 00 00.30 +02 48 07.3          22.8 z1     T09
     H288656 4C2017 03 04.30733 10 00 00.12 +02 48 09.3          22.8 z1     T09
     H288656 4C2017 03 04.31098 09 59 59.93 +02 48 11.3          22.9 z1     T09
     H288656 4C2017 03 04.32902 09 59 59.03 +02 48 21.1          22.9 z1     T09
     H288656 4C2017 03 04.33285 09 59 58.84 +02 48 23.2          22.6 z1     T09
     H288656 4C2017 03 04.33650 09 59 58.66 +02 48 25.1          23.2 z1     T09
     H288656 4C2017 03 04.35463 09 59 57.74 +02 48 35.0          22.9 z1     T09
     H288656*4C2017 03 04.44130 09 59 53.41 +02 49 21.9          22.8 i1     T09
     H288757*4C2017 03 04.29967 09 58 59.80 +02 49 36.7          23.9 z1     T09
     H288757 4C2017 03 04.31098 09 58 59.33 +02 49 39.8          24.2 z1     T09
     H288757 4C2017 03 04.33650 09 58 58.15 +02 49 47.5          24.1 z1     T09
     H288757 4C2017 03 04.44130 09 58 53.47 +02 50 18.0          24.1 i1     T09
     H303367*4C2017 03 04.25993 09 59 24.44 +02 55 17.5          23.6 z1     T09
     H303367 4C2017 03 04.31098 09 59 22.39 +02 55 37.7          23.4 z1     T09
     H303367 4C2017 03 04.33650 09 59 21.35 +02 55 47.4          22.9 z1     T09
     H303368*4C2017 03 04.31098 09 59 18.70 +02 57 40.4          23.9 z1     T09
     H305389*4C2017 03 04.25993 10 00 00.73 +02 52 10.2          22.0 z1     T09
     H305389 4C2017 03 04.26345 10 00 00.57 +02 52 10.6          21.7 z1     T09
     H305389 4C2017 03 04.28899 09 59 59.33 +02 52 14.5          21.8 z1     T09
     H305389 4C2017 03 04.29967 09 59 58.80 +02 52 16.1          21.7 z1     T09
     H305389 4C2017 03 04.31098 09 59 58.25 +02 52 17.7          21.9 z1     T09
     H305389 4C2017 03 04.33650 09 59 57.01 +02 52 21.6          21.8 z1     T09
     H305389 4C2017 03 04.35463 09 59 56.13 +02 52 24.3          21.8 z1     T09
     H307338*4C2017 03 04.28551 09 56 37.25 +03 20 37.1          23.9 z1     T09
     H307338 4C2017 03 04.33650 09 56 34.53 +03 22 06.3          24.7 z1     T09
     H260776 4C2017 02 25.44604 10 00 17.50 +02 45 29.6          24.3 i1     T09
     H267309*4C2017 03 04.33650 09 57 39.85 +03 07 00.2          23.3 z1     T09
     H267337*4C2017 03 04.28551 09 56 54.19 +03 23 30.5          22.4 z1     T09
     H267337 4C2017 03 04.31098 09 56 52.93 +03 23 43.5          22.3 z1     T09
     H267346*4C2017 03 04.28551 09 57 07.23 +03 27 27.6          22.9 z1     T09
     H267346 4C2017 03 04.31098 09 57 05.72 +03 27 34.9          22.6 z1     T09
     H267346 4C2017 03 04.33650 09 57 04.21 +03 27 42.3          22.4 z1     T09
     H274220*4C2017 03 04.28551 09 58 38.61 +03 04 36.4          22.7 z1     T09
     H274220 4C2017 03 04.31098 09 58 37.39 +03 04 40.1          22.8 z1     T09
     H274220 4C2017 03 04.33650 09 58 36.15 +03 04 43.9          22.8 z1     T09
     H274223*4C2017 03 04.28551 09 58 25.09 +03 10 58.6          23.1 z1     T09
     H274223 4C2017 03 04.31098 09 58 23.78 +03 11 10.1          23.5 z1     T09
     H274223 4C2017 03 04.33650 09 58 22.49 +03 11 21.4          23.1 z1     T09
     H280669*4C2017 03 04.31098 09 58 06.27 +03 13 43.5          23.9 z1     T09
     H283026*4C2017 03 04.25993 09 56 35.73 +03 20 03.6          23.4 z1     T09
     H283026 4C2017 03 04.28551 09 56 34.37 +03 20 12.7          23.5 z1     T09
     H283026 4C2017 03 04.31098 09 56 33.00 +03 20 22.0          23.3 z1     T09
     H283026 4C2017 03 04.33650 09 56 31.61 +03 20 31.0          23.7 z1     T09
     H288635 4C2017 03 04.32520 10 00 53.28 +02 44 08.2          23.2 z1     T09
     H288635 4C2017 03 04.33285 10 00 52.95 +02 44 11.2          22.9 z1     T09
     H288635 4C2017 03 04.33650 10 00 52.81 +02 44 12.5          23.9 z1     T09
     H288635 4C2017 03 04.35080 10 00 52.21 +02 44 18.1          23.5 z1     T09
     H288635 4C2017 03 04.35463 10 00 52.05 +02 44 19.5          23.7 z1     T09
     H288653 4C2017 03 04.29967 10 00 39.04 +02 48 02.2          23.0 z1     T09
     H288653 4C2017 03 04.30350 10 00 38.89 +02 48 03.0          23.6 z1     T09
     H288653 4C2017 03 04.30733 10 00 38.71 +02 48 03.8          22.8 z1     T09
     H288653 4C2017 03 04.31098 10 00 38.53 +02 48 04.6          23.1 z1     T09
     H288653*4C2017 03 04.32902 10 00 37.68 +02 48 08.4          23.0 z1     T09
     H288653 4C2017 03 04.33285 10 00 37.50 +02 48 09.1          23.1 z1     T09
     H288653 4C2017 03 04.33650 10 00 37.34 +02 48 09.9          23.0 z1     T09
     H288653 4C2017 03 04.35463 10 00 36.50 +02 48 13.8          23.2 z1     T09
     H288654*4C2017 03 04.27420 10 00 38.70 +02 45 39.9          24.1 z1     T09
     H288654 4C2017 03 04.28185 10 00 38.37 +02 45 43.4          24.3 z1     T09
     H288654 4C2017 03 04.28899 10 00 38.08 +02 45 46.8          24.0 z1     T09
     H288654*4C2017 03 04.29967 10 00 37.62 +02 45 51.5          24.6 z1     T09
     H288654 4C2017 03 04.30350 10 00 37.48 +02 45 53.0          23.7 z1     T09
     H288654 4C2017 03 04.30733 10 00 37.33 +02 45 54.7          24.3 z1     T09
     H288654 4C2017 03 04.32520 10 00 36.58 +02 46 02.6          24.5 z1     T09
     H288654 4C2017 03 04.32902 10 00 36.38 +02 46 04.6          24.2 z1     T09
     H288654 4C2017 03 04.33285 10 00 36.23 +02 46 06.4          23.9 z1     T09
     H288654 4C2017 03 04.35463 10 00 35.29 +02 46 16.2          23.6 z1     T09
     H288655*4C2017 03 04.27420 10 00 40.29 +02 41 15.3          24.3 z1     T09
     H288655 4C2017 03 04.28185 10 00 39.84 +02 41 18.7          24.1 z1     T09
     H288655 4C2017 03 04.28899 10 00 39.38 +02 41 22.2          23.7 z1     T09
     H288655 4C2017 03 04.30350 10 00 38.54 +02 41 28.1          24.3 z1     T09
     H288655 4C2017 03 04.33650 10 00 36.65 +02 41 41.9          24.8 z1     T09
     H288655*4C2017 03 04.44130 10 00 30.66 +02 42 24.0          23.8 i1     T09
     H288656*4C2017 03 04.27420 10 00 01.76 +02 47 51.2          22.6 z1     T09
     H288656 4C2017 03 04.28899 10 00 01.02 +02 47 59.4          23.3 z1     T09
     H288656 4C2017 03 04.29967 10 00 00.49 +02 48 05.2          22.7 z1     T09
     H288656 4C2017 03 04.30350 10 00 00.30 +02 48 07.3          22.8 z1     T09
     H288656 4C2017 03 04.30733 10 00 00.12 +02 48 09.3          22.8 z1     T09
     H288656 4C2017 03 04.31098 09 59 59.93 +02 48 11.3          22.9 z1     T09
     H288656 4C2017 03 04.32902 09 59 59.03 +02 48 21.1          22.9 z1     T09
     H288656 4C2017 03 04.33285 09 59 58.84 +02 48 23.2          22.6 z1     T09
     H288656 4C2017 03 04.33650 09 59 58.66 +02 48 25.1          23.2 z1     T09
     H288656 4C2017 03 04.35463 09 59 57.74 +02 48 35.0          22.9 z1     T09
     H288656*4C2017 03 04.44130 09 59 53.41 +02 49 21.9          22.8 i1     T09
     H303367*4C2017 03 04.25993 09 59 24.44 +02 55 17.5          23.6 z1     T09
     H303367 4C2017 03 04.31098 09 59 22.39 +02 55 37.7          23.4 z1     T09
     H303367 4C2017 03 04.33650 09 59 21.35 +02 55 47.4          22.9 z1     T09
     H303368*4C2017 03 04.31098 09 59 18.70 +02 57 40.4          23.9 z1     T09
     H305389*4C2017 03 04.25993 10 00 00.73 +02 52 10.2          22.0 z1     T09
     H305389 4C2017 03 04.26345 10 00 00.57 +02 52 10.6          21.7 z1     T09
     H305389 4C2017 03 04.28899 09 59 59.33 +02 52 14.5          21.8 z1     T09
     H305389 4C2017 03 04.29967 09 59 58.80 +02 52 16.1          21.7 z1     T09
     H305389 4C2017 03 04.31098 09 59 58.25 +02 52 17.7          21.9 z1     T09
     H305389 4C2017 03 04.33650 09 59 57.01 +02 52 21.6          21.8 z1     T09
     H305389 4C2017 03 04.35463 09 59 56.13 +02 52 24.3          21.8 z1     T09
     H307338*4C2017 03 04.28551 09 56 37.25 +03 20 37.1          23.9 z1     T09
     H307338 4C2017 03 04.33650 09 56 34.53 +03 22 06.3          24.7 z1     T09
