     H261245*4C2017 01 21.48947 10 03 05.63 +01 53 49.5          24.7 z1     T09
     H261245 4C2017 01 21.51187 10 03 04.70 +01 53 50.4          24.5 z1     T09
     H261245 4C2017 01 21.52330 10 03 04.23 +01 53 50.9          24.5 z1     T09
     H261245*4C2017 01 23.38565 10 01 51.17 +01 55 43.3          24.8 r1     T09
     H261245 4C2017 01 23.39955 10 01 50.52 +01 55 44.5          24.8 r1     T09
     H261245 4C2017 01 23.41467 10 01 49.89 +01 55 45.6          24.9 r1     T09
     H261245 4C2017 01 23.44310 10 01 48.63 +01 55 47.8          24.6 r1     T09
     H261245 4C2017 01 23.45235 10 01 48.25 +01 55 48.5          25.1 r1     T09
     H261245 4C2017 01 23.48534 10 01 46.75 +01 55 51.3          24.1 i1     T09
     H261245 4C2017 01 23.50215 10 01 46.05 +01 55 52.3          24.5 i1     T09
     H261245 4C2017 01 23.50600 10 01 45.88 +01 55 52.6          24.6 i1     T09
     H261245 4C2017 01 23.56544 10 01 43.22 +01 55 57.3          24.9 i1     T09
     H261245 4C2017 01 23.56929 10 01 43.05 +01 55 57.5          24.6 i1     T09
     H261245 4C2017 01 23.59193 10 01 42.05 +01 55 59.3          25.0 i1     T09
     H261245 4C2017 01 23.59947 10 01 41.72 +01 56 00.1          24.6 i1     T09
     H261245*4C2017 01 25.58290 10 00 24.83 +01 58 10.0          24.0 y1     T09
     H261245 4C2017 01 25.58673 10 00 24.68 +01 58 09.7          23.5 y1     T09
     H261245 4C2017 01 25.60864 10 00 24.02 +01 58 11.7          24.3 y1     T09
     H261245 4C2017 01 25.61247 10 00 23.83 +01 58 12.4          24.2 y1     T09


     H261245 4C2017 01 25.61247 10 00 23.83 +01 58 12.4          24.2 y1     T09
     H262347*4C2017 02 01.34247 09 58 07.98 +01 53 29.3          24.3 g1     T09
     H262347 4C2017 02 01.36247 09 58 07.07 +01 53 29.6          24.3 g1     T09
     H262347 4C2017 02 01.38893 09 58 05.83 +01 53 29.8          24.2 g1     T09
     H262347 4C2017 02 01.40890 09 58 04.87 +01 53 30.0          24.3 g1     T09
     H262347 4C2017 02 01.41734 09 58 04.50 +01 53 30.2          24.6 g1     T09
     H262347 4C2017 02 01.44607 09 58 03.16 +01 53 30.7          24.2 g1     T09
     H262561*4C2017 02 01.33400 09 59 51.02 +01 56 54.3          24.1 g1     T09
     H262561 4C2017 02 01.34247 09 59 50.63 +01 56 55.4          24.5 g1     T09
     H262561 4C2017 02 01.36247 09 59 49.77 +01 56 57.4          24.1 g1     T09
     H262561 4C2017 02 01.38893 09 59 48.60 +01 57 00.3          24.1 g1     T09
     H262561 4C2017 02 01.40890 09 59 47.68 +01 57 02.7          24.0 g1     T09
     H262561 4C2017 02 01.41734 09 59 47.33 +01 57 03.5          24.2 g1     T09
     H262561 4C2017 02 01.45183 09 59 45.82 +01 57 07.3          24.5 g1     T09
     H262570*4C2017 02 01.33400 10 00 37.55 +01 45 40.1          25.5 g1     T09
     H262570 4C2017 02 01.35930 10 00 36.33 +01 45 43.3          25.8 g1     T09
     H262570 4C2017 02 01.36247 10 00 36.20 +01 45 43.1          25.5 g1     T09
     H262570 4C2017 02 01.38049 10 00 35.36 +01 45 45.1          25.0 g1     T09
     H262570 4C2017 02 01.45183 10 00 31.97 +01 45 53.4          25.2 g1     T09
     H262572*4C2017 02 01.36247 10 00 19.39 +01 45 23.5          24.7 g1     T09
     H262572 4C2017 02 01.38049 10 00 18.49 +01 45 27.5          25.2 g1     T09
     H262572 4C2017 02 01.40890 10 00 17.08 +01 45 34.7          25.1 g1     T09
     H262572 4C2017 02 01.45183 10 00 14.98 +01 45 45.5          25.0 g1     T09
     H262581*4C2017 02 01.33400 09 59 18.66 +01 53 10.4          24.0 g1     T09
     H262581 4C2017 02 01.34247 09 59 18.23 +01 53 12.2          24.4 g1     T09
     H262581 4C2017 02 01.35671 09 59 17.53 +01 53 14.9          24.6 g1     T09
     H262581 4C2017 02 01.36247 09 59 17.25 +01 53 16.0          24.3 g1     T09
     H262581 4C2017 02 01.38893 09 59 15.93 +01 53 21.1          24.0 g1     T09
     H262581 4C2017 02 01.40890 09 59 14.91 +01 53 25.1          24.4 g1     T09
     H262581 4C2017 02 01.41734 09 59 14.50 +01 53 26.6          23.9 g1     T09
     H262601*4C2017 02 01.33400 10 01 10.66 +02 04 12.1          24.2 g1     T09
     H262601 4C2017 02 01.35930 10 01 09.40 +02 04 15.5          24.8 g1     T09
     H262601 4C2017 02 01.38049 10 01 08.33 +02 04 18.4          24.5 g1     T09
     H262601 4C2017 02 01.40890 10 01 06.94 +02 04 22.1          24.9 g1     T09
     H262601 4C2017 02 01.41992 10 01 06.44 +02 04 23.5          24.9 g1     T09
     H262601 4C2017 02 01.45183 10 01 04.86 +02 04 27.9          25.3 g1     T09
     H263136*4C2017 02 01.35930 10 00 25.12 +01 55 11.4          24.6 g1     T09
     H263136 4C2017 02 01.36247 10 00 25.06 +01 55 12.0          24.3 g1     T09
     H263136 4C2017 02 01.38049 10 00 24.56 +01 55 16.1          24.0 g1     T09
     H263136 4C2017 02 01.40890 10 00 23.74 +01 55 22.7          23.9 g1     T09
     H263136 4C2017 02 01.41992 10 00 23.47 +01 55 25.0          24.0 g1     T09
     H263136 4C2017 02 01.45183 10 00 22.58 +01 55 32.4          23.9 g1     T09
     H263137*4C2017 02 01.33400 10 00 07.73 +01 56 31.6          23.7 g1     T09
     H263137 4C2017 02 01.36247 10 00 06.28 +01 56 34.0          23.5 g1     T09
     H263137 4C2017 02 01.40890 10 00 03.85 +01 56 38.2          23.8 g1     T09
     H263137 4C2017 02 01.45183 10 00 01.66 +01 56 42.0          23.6 g1     T09
     H263170*4C2017 02 01.33400 10 00 43.63 +01 53 02.1          24.2 g1     T09
     H263170 4C2017 02 01.34504 10 00 43.00 +01 53 04.7          24.0 g1     T09
     H263170 4C2017 02 01.35930 10 00 42.24 +01 53 07.4          24.4 g1     T09
     H263170 4C2017 02 01.36247 10 00 42.07 +01 53 08.0          24.3 g1     T09
     H263170 4C2017 02 01.38049 10 00 41.05 +01 53 11.8          23.7 g1     T09
     H263170 4C2017 02 01.40890 10 00 39.53 +01 53 17.4          24.1 g1     T09
     H263170 4C2017 02 01.44869 10 00 37.35 +01 53 25.4          24.1 g1     T09
     H263170 4C2017 02 01.45183 10 00 37.18 +01 53 26.0          24.2 g1     T09
     H263182*4C2017 02 01.33400 10 01 11.00 +01 59 30.0          23.4 g1     T09
     H263182 4C2017 02 01.34504 10 01 10.50 +01 59 35.1          23.2 g1     T09
     H263182 4C2017 02 01.35930 10 01 09.85 +01 59 41.5          23.3 g1     T09
     H263182 4C2017 02 01.36247 10 01 09.71 +01 59 42.9          23.4 g1     T09
     H263182 4C2017 02 01.38049 10 01 08.92 +01 59 50.6          23.3 g1     T09
     H263182 4C2017 02 01.40890 10 01 07.55 +02 00 04.2          23.5 g1     T09
     H263182 4C2017 02 01.45183 10 01 05.58 +02 00 23.4          23.3 g1     T09
     H267682*4C2017 01 30.41352 09 59 25.90 +02 07 02.2          24.5 i1     T09
     H267684*4C2017 01 30.42076 09 59 32.85 +01 57 13.8          24.4 i1     T09
     H267684 4C2017 01 30.44278 09 59 31.87 +01 57 16.8          24.7 i1     T09
     H267684 4C2017 01 30.44661 09 59 31.64 +01 57 17.3          24.4 i1     T09
     H267684 4C2017 01 30.46494 09 59 30.79 +01 57 19.8          24.5 i1     T09
     H267684*4C2017 02 01.35671 09 58 02.71 +02 01 58.1          25.3 g1     T09
     H267684 4C2017 02 01.36247 09 58 02.45 +02 01 58.7          25.6 g1     T09
     H267684 4C2017 02 01.41734 09 57 59.73 +02 02 07.3          25.1 g1     T09
     H267684 4C2017 02 01.44607 09 57 58.33 +02 02 11.8          25.4 g1     T09
     H274799*4C2017 01 30.40253 09 57 41.58 +01 58 59.4          24.3 i1     T09
     H274799 4C2017 01 30.41352 09 57 41.12 +01 59 02.9          24.0 i1     T09
     H274799 4C2017 01 30.42076 09 57 40.80 +01 59 05.1          24.4 i1     T09
     H274799 4C2017 01 30.42459 09 57 40.64 +01 59 06.2          24.2 i1     T09
     H274799 4C2017 01 30.45764 09 57 39.24 +01 59 16.8          24.2 i1     T09
     H274799 4C2017 01 30.46877 09 57 38.76 +01 59 20.5          24.4 i1     T09
     H274799*4C2017 02 01.34247 09 56 20.41 +02 09 41.3          24.3 g1     T09
     H274799 4C2017 02 01.35671 09 56 19.79 +02 09 46.1          24.6 g1     T09
     H274799 4C2017 02 01.38893 09 56 18.39 +02 09 57.1          24.6 g1     T09
     H274799 4C2017 02 01.41734 09 56 17.11 +02 10 07.0          24.2 g1     T09
     H279501*4C2017 01 30.43553 09 56 46.46 +02 01 04.4          24.1 i1     T09
     H279501 4C2017 01 30.50184 09 56 43.72 +02 01 22.8          24.6 z1     T09
     H279501 4C2017 01 30.52778 09 56 42.63 +02 01 30.0          24.5 z1     T09
     H279502*4C2017 01 30.41352 09 56 47.38 +02 00 58.5          24.8 i1     T09
     H279502 4C2017 01 30.56478 09 56 41.09 +02 01 40.3          24.6 z1     T09
     H279502 4C2017 01 30.59058 09 56 40.02 +02 01 47.6          24.3 z1     T09
     H279522*4C2017 02 01.34247 09 58 03.96 +02 09 24.4          25.2 g1     T09
     H279522 4C2017 02 01.40890 09 58 01.22 +02 09 49.4          25.4 g1     T09
     H279522 4C2017 02 01.41734 09 58 00.88 +02 09 52.1          26.3 g1     T09
     H279525*4C2017 02 01.34247 09 58 17.98 +01 48 04.3          24.5 g1     T09
     H279525 4C2017 02 01.35671 09 58 17.48 +01 48 23.1          24.6 g1     T09
     H279525 4C2017 02 01.38893 09 58 16.33 +01 49 05.1          25.3 g1     T09
     H279525 4C2017 02 01.40890 09 58 15.58 +01 49 31.8          25.5 g1     T09
     H279525 4C2017 02 01.44607 09 58 14.26 +01 50 20.2          25.1 g1     T09
     H280254*4C2017 02 01.33400 09 58 02.49 +02 02 43.4          24.1 g1     T09
     H280254*4C2017 02 01.34247 09 58 01.67 +02 02 37.1          24.2 g1     T09
     H280254 4C2017 02 01.35671 09 58 00.21 +02 02 25.9          24.0 g1     T09
     H280254 4C2017 02 01.36247 09 57 59.67 +02 02 21.9          23.9 g1     T09
     H280254 4C2017 02 01.38893 09 57 56.96 +02 02 00.9          23.9 g1     T09
     H280254 4C2017 02 01.40890 09 57 54.95 +02 01 45.9          23.8 g1     T09
     H280254 4C2017 02 01.44607 09 57 51.20 +02 01 17.5          23.8 g1     T09
     H280254 4C2017 02 01.45183 09 57 50.57 +02 01 13.0          23.5 g1     T09
     H283190*4C2017 01 30.42076 09 57 31.67 +02 05 35.1          24.3 i1     T09
     H283190 4C2017 01 30.43553 09 57 30.74 +02 05 35.3          25.0 i1     T09
     H283190 4C2017 01 30.45764 09 57 29.32 +02 05 35.0          24.9 i1     T09
     H283190 4C2017 01 30.46877 09 57 28.58 +02 05 34.8          24.6 i1     T09
     H283190 4C2017 01 30.57591 09 57 21.78 +02 05 34.3          24.5 z1     T09
     H283190 4C2017 01 30.57975 09 57 21.53 +02 05 34.3          24.7 z1     T09
     H283190 4C2017 01 30.59058 09 57 20.83 +02 05 34.3          24.0 z1     T09
     H284447*4C2017 01 30.42829 09 56 44.60 +02 21 53.9          23.0 i1     T09
     H284447 4C2017 01 30.45035 09 56 45.44 +02 22 24.7          23.7 i1     T09
     H284493*4C2017 02 01.35671 09 58 07.39 +01 55 12.6          25.6 g1     T09
     H284493 4C2017 02 01.36247 09 58 07.12 +01 55 13.9          25.0 g1     T09
     H284493 4C2017 02 01.38049 09 58 06.03 +01 55 18.3          25.6 g1     T09
     H284493 4C2017 02 01.40890 09 58 04.50 +01 55 24.7          25.5 g1     T09
     H284493 4C2017 02 01.44607 09 58 02.50 +01 55 33.2          25.2 g1     T09
     H284493 4C2017 02 01.45183 09 58 02.19 +01 55 34.2          25.5 g1     T09
     H288787*4C2017 01 30.39870 09 58 39.92 +02 01 05.9          24.0 i1     T09
     H288787*4C2017 01 30.40253 09 58 39.71 +02 01 06.0          24.0 i1     T09
     H288787 4C2017 01 30.41352 09 58 39.10 +02 01 06.7          23.7 i1     T09
     H288787 4C2017 01 30.42076 09 58 38.68 +02 01 07.1          23.6 i1     T09
     H288787 4C2017 01 30.42459 09 58 38.43 +02 01 07.3          23.7 i1     T09
     H288787 4C2017 01 30.43553 09 58 37.84 +02 01 07.8          23.7 i1     T09
     H288787 4C2017 01 30.44278 09 58 37.45 +02 01 08.1          23.5 i1     T09
     H288787 4C2017 01 30.44661 09 58 37.23 +02 01 08.4          23.7 i1     T09
     H288787 4C2017 01 30.46494 09 58 36.20 +02 01 09.3          23.1 i1     T09
     H288787 4C2017 01 30.46877 09 58 36.00 +02 01 09.4          23.6 i1     T09
     H288787 4C2017 01 30.50920 09 58 33.69 +02 01 11.4          23.5 z1     T09
     H288787 4C2017 01 30.51304 09 58 33.43 +02 01 11.7          23.4 z1     T09
     H288787 4C2017 01 30.53900 09 58 32.03 +02 01 12.7          23.8 z1     T09
     H288787 4C2017 01 30.55001 09 58 31.43 +02 01 13.7          23.5 z1     T09
     H288787 4C2017 01 30.55385 09 58 31.19 +02 01 13.9          23.5 z1     T09
     H288787 4C2017 01 30.57208 09 58 30.15 +02 01 14.7          23.5 z1     T09
     H288787 4C2017 01 30.57591 09 58 29.93 +02 01 14.9          23.6 z1     T09
     H288787 4C2017 01 30.57975 09 58 29.74 +02 01 15.1          23.4 z1     T09
     H288787 4C2017 01 30.59788 09 58 28.73 +02 01 16.1          23.4 z1     T09
     H288787 4C2017 01 30.60170 09 58 28.51 +02 01 16.4          23.9 z1     T09
     H288787 4C2017 01 30.61243 09 58 27.85 +02 01 16.8          23.3 z1     T09
     H312259 4C2017 01 30.55385 10 01 33.99 +01 54 12.2          22.5 z1     T09
     H312259*4C2017 01 30.56834 10 01 33.26 +01 54 13.3          23.1 z1     T09
     H312259 4C2017 01 30.57591 10 01 32.89 +01 54 13.6          23.1 z1     T09
     H312259 4C2017 01 30.57975 10 01 32.68 +01 54 14.1          23.4 z1     T09
     H312259 4C2017 01 30.60170 10 01 31.62 +01 54 15.5          23.1 z1     T09
     H312259 4C2017 01 30.61597 10 01 30.94 +01 54 16.5          23.7 z1     T09
     H312310*4C2017 01 30.54618 10 01 17.36 +01 55 51.0          23.2 z1     T09
     H312310 4C2017 01 30.55001 10 01 17.21 +01 55 51.9          23.5 z1     T09
     H312310 4C2017 01 30.55385 10 01 16.99 +01 55 53.4          23.3 z1     T09
     H312311*4C2017 01 30.50547 10 01 19.19 +01 55 40.3          23.7 z1     T09
     H312311 4C2017 01 30.50920 10 01 19.00 +01 55 41.5          24.1 z1     T09
     H312311 4C2017 01 30.53141 10 01 18.02 +01 55 47.4          24.2 z1     T09
     H312311 4C2017 01 30.53514 10 01 17.82 +01 55 48.6          24.2 z1     T09
     H312316*4C2017 01 30.53514 10 00 47.29 +01 49 40.5          23.7 z1     T09
     H312316 4C2017 01 30.54618 10 00 46.71 +01 49 42.2          24.0 z1     T09
     H312316 4C2017 01 30.55385 10 00 46.37 +01 49 42.9          24.0 z1     T09
     H373658*4C2017 01 30.41352 09 58 54.59 +02 06 45.5          24.5 i1     T09
     H373658 4C2017 01 30.42076 09 58 54.27 +02 06 47.7          24.6 i1     T09
     H373658 4C2017 01 30.42459 09 58 54.07 +02 06 48.5          24.2 i1     T09
     H373658 4C2017 01 30.43553 09 58 53.53 +02 06 51.2          24.8 i1     T09
     H373658 4C2017 01 30.44278 09 58 53.14 +02 06 53.9          24.4 i1     T09
     H373658 4C2017 01 30.44661 09 58 52.96 +02 06 54.7          24.3 i1     T09
     H373658 4C2017 01 30.46494 09 58 52.02 +02 06 59.9          24.2 i1     T09
     H373804*4C2017 01 30.51304 10 01 26.23 +01 54 32.1          24.3 z1     T09
     H373804 4C2017 01 30.51687 10 01 26.12 +01 54 32.3          24.9 z1     T09
     H373804 4C2017 01 30.53514 10 01 25.50 +01 54 31.5          24.8 z1     T09
     H373804 4C2017 01 30.53900 10 01 25.35 +01 54 31.6          25.0 z1     T09
     H373804 4C2017 01 30.54618 10 01 25.09 +01 54 31.5          24.3 z1     T09
     H373804 4C2017 01 30.57208 10 01 24.25 +01 54 30.6          24.3 z1     T09
     H373804 4C2017 01 30.57975 10 01 24.01 +01 54 30.6          25.1 z1     T09
     H373804 4C2017 01 30.59788 10 01 23.40 +01 54 30.1          24.2 z1     T09
     H373804 4C2017 01 30.60170 10 01 23.27 +01 54 29.4          25.4 z1     T09
     H262561*4C2017 02 01.33400 09 59 51.02 +01 56 54.3          24.1 g1     T09
     H262561 4C2017 02 01.34247 09 59 50.63 +01 56 55.4          24.5 g1     T09
     H262561 4C2017 02 01.36247 09 59 49.77 +01 56 57.4          24.1 g1     T09
     H262561 4C2017 02 01.38893 09 59 48.60 +01 57 00.3          24.1 g1     T09
     H262561 4C2017 02 01.40890 09 59 47.68 +01 57 02.7          24.0 g1     T09
     H262561 4C2017 02 01.41734 09 59 47.33 +01 57 03.5          24.2 g1     T09
     H262561 4C2017 02 01.45183 09 59 45.82 +01 57 07.3          24.5 g1     T09
     H263136*4C2017 02 01.35930 10 00 25.12 +01 55 11.4          24.6 g1     T09
     H263136 4C2017 02 01.36247 10 00 25.06 +01 55 12.0          24.3 g1     T09
     H263136 4C2017 02 01.38049 10 00 24.56 +01 55 16.1          24.0 g1     T09
     H263136 4C2017 02 01.40890 10 00 23.74 +01 55 22.7          23.9 g1     T09
     H263136 4C2017 02 01.41992 10 00 23.47 +01 55 25.0          24.0 g1     T09
     H263136 4C2017 02 01.45183 10 00 22.58 +01 55 32.4          23.9 g1     T09
     H263137*4C2017 02 01.33400 10 00 07.73 +01 56 31.6          23.7 g1     T09
     H263137 4C2017 02 01.36247 10 00 06.28 +01 56 34.0          23.5 g1     T09
     H263137 4C2017 02 01.40890 10 00 03.85 +01 56 38.2          23.8 g1     T09
     H263137 4C2017 02 01.45183 10 00 01.66 +01 56 42.0          23.6 g1     T09
     H263170 4C2017 02 01.44869 10 00 37.35 +01 53 25.4          24.1 g1     T09
     H263170 4C2017 02 01.45183 10 00 37.18 +01 53 26.0          24.2 g1     T09
     H267684*4C2017 01 30.42076 09 59 32.85 +01 57 13.8          24.4 i1     T09
     H267684 4C2017 01 30.44278 09 59 31.87 +01 57 16.8          24.7 i1     T09
     H267684 4C2017 01 30.44661 09 59 31.64 +01 57 17.3          24.4 i1     T09
     H267684 4C2017 01 30.46494 09 59 30.79 +01 57 19.8          24.5 i1     T09
     H267684*4C2017 02 01.35671 09 58 02.71 +02 01 58.1          25.3 g1     T09
     H267684 4C2017 02 01.36247 09 58 02.45 +02 01 58.7          25.6 g1     T09
     H267684 4C2017 02 01.41734 09 57 59.73 +02 02 07.3          25.1 g1     T09
     H267684 4C2017 02 01.44607 09 57 58.33 +02 02 11.8          25.4 g1     T09
     H274799*4C2017 01 30.40253 09 57 41.58 +01 58 59.4          24.3 i1     T09
     H274799 4C2017 01 30.41352 09 57 41.12 +01 59 02.9          24.0 i1     T09
     H274799 4C2017 01 30.42076 09 57 40.80 +01 59 05.1          24.4 i1     T09
     H274799 4C2017 01 30.42459 09 57 40.64 +01 59 06.2          24.2 i1     T09
     H274799 4C2017 01 30.45764 09 57 39.24 +01 59 16.8          24.2 i1     T09
     H274799 4C2017 01 30.46877 09 57 38.76 +01 59 20.5          24.4 i1     T09
     H280254*4C2017 02 01.33400 09 58 02.49 +02 02 43.4          24.1 g1     T09
     H280254*4C2017 02 01.34247 09 58 01.67 +02 02 37.1          24.2 g1     T09
     H280254 4C2017 02 01.35671 09 58 00.21 +02 02 25.9          24.0 g1     T09
     H280254 4C2017 02 01.36247 09 57 59.67 +02 02 21.9          23.9 g1     T09
     H280254 4C2017 02 01.38893 09 57 56.96 +02 02 00.9          23.9 g1     T09
     H280254 4C2017 02 01.40890 09 57 54.95 +02 01 45.9          23.8 g1     T09
     H280254 4C2017 02 01.44607 09 57 51.20 +02 01 17.5          23.8 g1     T09
     H280254 4C2017 02 01.45183 09 57 50.57 +02 01 13.0          23.5 g1     T09
     H283190*4C2017 01 30.42076 09 57 31.67 +02 05 35.1          24.3 i1     T09
     H283190 4C2017 01 30.43553 09 57 30.74 +02 05 35.3          25.0 i1     T09
     H283190 4C2017 01 30.45764 09 57 29.32 +02 05 35.0          24.9 i1     T09
     H283190 4C2017 01 30.46877 09 57 28.58 +02 05 34.8          24.6 i1     T09
     H288787*4C2017 01 30.39870 09 58 39.92 +02 01 05.9          24.0 i1     T09
     H288787*4C2017 01 30.40253 09 58 39.71 +02 01 06.0          24.0 i1     T09
     H288787 4C2017 01 30.41352 09 58 39.10 +02 01 06.7          23.7 i1     T09
     H288787 4C2017 01 30.42076 09 58 38.68 +02 01 07.1          23.6 i1     T09
     H288787 4C2017 01 30.42459 09 58 38.43 +02 01 07.3          23.7 i1     T09
     H288787 4C2017 01 30.43553 09 58 37.84 +02 01 07.8          23.7 i1     T09
     H288787 4C2017 01 30.44278 09 58 37.45 +02 01 08.1          23.5 i1     T09
     H288787 4C2017 01 30.44661 09 58 37.23 +02 01 08.4          23.7 i1     T09
     H288787 4C2017 01 30.46494 09 58 36.20 +02 01 09.3          23.1 i1     T09
     H288787 4C2017 01 30.46877 09 58 36.00 +02 01 09.4          23.6 i1     T09
     H288787 4C2017 01 30.50920 09 58 33.69 +02 01 11.4          23.5 z1     T09
     H288787 4C2017 01 30.51304 09 58 33.43 +02 01 11.7          23.4 z1     T09
     H288787 4C2017 01 30.53900 09 58 32.03 +02 01 12.7          23.8 z1     T09
     H288787 4C2017 01 30.55001 09 58 31.43 +02 01 13.7          23.5 z1     T09
     H288787 4C2017 01 30.55385 09 58 31.19 +02 01 13.9          23.5 z1     T09
     H288787 4C2017 01 30.57208 09 58 30.15 +02 01 14.7          23.5 z1     T09
     H288787 4C2017 01 30.57591 09 58 29.93 +02 01 14.9          23.6 z1     T09
     H288787 4C2017 01 30.57975 09 58 29.74 +02 01 15.1          23.4 z1     T09
     H288787 4C2017 01 30.59788 09 58 28.73 +02 01 16.1          23.4 z1     T09
     H288787 4C2017 01 30.60170 09 58 28.51 +02 01 16.4          23.9 z1     T09
     H288787 4C2017 01 30.61243 09 58 27.85 +02 01 16.8          23.3 z1     T09
     H373659*4C2017 01 30.39870 09 59 04.80 +02 03 00.2          24.7 i1     T09
     H373659 4C2017 01 30.42076 09 59 03.63 +02 03 01.1          24.9 i1     T09
     H373659 4C2017 01 30.42459 09 59 03.38 +02 03 01.6          25.1 i1     T09
     H373659 4C2017 01 30.44278 09 59 02.42 +02 03 01.9          25.2 i1     T09
     H373659 4C2017 01 30.44661 09 59 02.23 +02 03 02.4          24.6 i1     T09
     H373659 4C2017 01 30.46494 09 59 01.20 +02 03 03.6          25.0 i1     T09
     H262561*4C2017 02 01.33400 09 59 51.02 +01 56 54.3          24.1 g1     T09
     H262561 4C2017 02 01.34247 09 59 50.63 +01 56 55.4          24.5 g1     T09
     H262561 4C2017 02 01.36247 09 59 49.77 +01 56 57.4          24.1 g1     T09
     H262561 4C2017 02 01.38893 09 59 48.60 +01 57 00.3          24.1 g1     T09
     H262561 4C2017 02 01.40890 09 59 47.68 +01 57 02.7          24.0 g1     T09
     H262561 4C2017 02 01.41734 09 59 47.33 +01 57 03.5          24.2 g1     T09
     H262561 4C2017 02 01.45183 09 59 45.82 +01 57 07.3          24.5 g1     T09
     H263136*4C2017 02 01.35930 10 00 25.12 +01 55 11.4          24.6 g1     T09
     H263136 4C2017 02 01.36247 10 00 25.06 +01 55 12.0          24.3 g1     T09
     H263136 4C2017 02 01.38049 10 00 24.56 +01 55 16.1          24.0 g1     T09
     H263136 4C2017 02 01.40890 10 00 23.74 +01 55 22.7          23.9 g1     T09
     H263136 4C2017 02 01.41992 10 00 23.47 +01 55 25.0          24.0 g1     T09
     H263136 4C2017 02 01.45183 10 00 22.58 +01 55 32.4          23.9 g1     T09
     H263137*4C2017 02 01.33400 10 00 07.73 +01 56 31.6          23.7 g1     T09
     H263137 4C2017 02 01.36247 10 00 06.28 +01 56 34.0          23.5 g1     T09
     H263137 4C2017 02 01.40890 10 00 03.85 +01 56 38.2          23.8 g1     T09
     H263137 4C2017 02 01.45183 10 00 01.66 +01 56 42.0          23.6 g1     T09
     H263170 4C2017 02 01.44869 10 00 37.35 +01 53 25.4          24.1 g1     T09
     H263170 4C2017 02 01.45183 10 00 37.18 +01 53 26.0          24.2 g1     T09
     H267682*4C2017 01 30.41352 09 59 25.90 +02 07 02.2          24.5 i1     T09
     H267682 4C2017 01 30.50920 09 59 21.88 +02 07 25.9          24.2 z1     T09
     H267682 4C2017 01 30.51304 09 59 21.70 +02 07 27.1          23.4 z1     T09
     H267682 4C2017 01 30.55001 09 59 20.15 +02 07 36.4          24.0 z1     T09
     H267682 4C2017 01 30.56478 09 59 19.58 +02 07 39.8          23.8 z1     T09
     H267682 4C2017 01 30.57591 09 59 19.08 +02 07 42.9          23.5 z1     T09
     H267682 4C2017 01 30.59058 09 59 18.44 +02 07 46.6          23.6 z1     T09
     H267682 4C2017 01 30.60170 09 59 17.98 +02 07 49.6          24.1 z1     T09
     H267684*4C2017 01 30.42076 09 59 32.85 +01 57 13.8          24.4 i1     T09
     H267684 4C2017 01 30.44278 09 59 31.87 +01 57 16.8          24.7 i1     T09
     H267684 4C2017 01 30.44661 09 59 31.64 +01 57 17.3          24.4 i1     T09
     H267684 4C2017 01 30.46494 09 59 30.79 +01 57 19.8          24.5 i1     T09
     H267684*4C2017 02 01.35671 09 58 02.71 +02 01 58.1          25.3 g1     T09
     H267684 4C2017 02 01.36247 09 58 02.45 +02 01 58.7          25.6 g1     T09
     H267684 4C2017 02 01.41734 09 57 59.73 +02 02 07.3          25.1 g1     T09
     H267684 4C2017 02 01.44607 09 57 58.33 +02 02 11.8          25.4 g1     T09
     H279522*4C2017 02 01.34247 09 58 03.96 +02 09 24.4          25.2 g1     T09
     H279522 4C2017 02 01.40890 09 58 01.22 +02 09 49.4          25.4 g1     T09
     H279522 4C2017 02 01.41734 09 58 00.88 +02 09 52.1          26.3 g1     T09
     H280254*4C2017 02 01.33400 09 58 02.49 +02 02 43.4          24.1 g1     T09
     H280254*4C2017 02 01.34247 09 58 01.67 +02 02 37.1          24.2 g1     T09
     H280254 4C2017 02 01.35671 09 58 00.21 +02 02 25.9          24.0 g1     T09
     H280254 4C2017 02 01.36247 09 57 59.67 +02 02 21.9          23.9 g1     T09
     H280254 4C2017 02 01.38893 09 57 56.96 +02 02 00.9          23.9 g1     T09
     H280254 4C2017 02 01.40890 09 57 54.95 +02 01 45.9          23.8 g1     T09
     H280254 4C2017 02 01.44607 09 57 51.20 +02 01 17.5          23.8 g1     T09
     H280254 4C2017 02 01.45183 09 57 50.57 +02 01 13.0          23.5 g1     T09
     H283190*4C2017 01 30.42076 09 57 31.67 +02 05 35.1          24.3 i1     T09
     H283190 4C2017 01 30.43553 09 57 30.74 +02 05 35.3          25.0 i1     T09
     H283190 4C2017 01 30.45764 09 57 29.32 +02 05 35.0          24.9 i1     T09
     H283190 4C2017 01 30.46877 09 57 28.58 +02 05 34.8          24.6 i1     T09
     H288787*4C2017 01 30.39870 09 58 39.92 +02 01 05.9          24.0 i1     T09
     H288787*4C2017 01 30.40253 09 58 39.71 +02 01 06.0          24.0 i1     T09
     H288787 4C2017 01 30.41352 09 58 39.10 +02 01 06.7          23.7 i1     T09
     H288787 4C2017 01 30.42076 09 58 38.68 +02 01 07.1          23.6 i1     T09
     H288787 4C2017 01 30.42459 09 58 38.43 +02 01 07.3          23.7 i1     T09
     H288787 4C2017 01 30.43553 09 58 37.84 +02 01 07.8          23.7 i1     T09
     H288787 4C2017 01 30.44278 09 58 37.45 +02 01 08.1          23.5 i1     T09
     H288787 4C2017 01 30.44661 09 58 37.23 +02 01 08.4          23.7 i1     T09
     H288787 4C2017 01 30.46494 09 58 36.20 +02 01 09.3          23.1 i1     T09
     H288787 4C2017 01 30.46877 09 58 36.00 +02 01 09.4          23.6 i1     T09
     H288787 4C2017 01 30.50920 09 58 33.69 +02 01 11.4          23.5 z1     T09
     H288787 4C2017 01 30.51304 09 58 33.43 +02 01 11.7          23.4 z1     T09
     H288787 4C2017 01 30.53900 09 58 32.03 +02 01 12.7          23.8 z1     T09
     H288787 4C2017 01 30.55001 09 58 31.43 +02 01 13.7          23.5 z1     T09
     H288787 4C2017 01 30.55385 09 58 31.19 +02 01 13.9          23.5 z1     T09
     H288787 4C2017 01 30.57208 09 58 30.15 +02 01 14.7          23.5 z1     T09
     H288787 4C2017 01 30.57591 09 58 29.93 +02 01 14.9          23.6 z1     T09
     H288787 4C2017 01 30.57975 09 58 29.74 +02 01 15.1          23.4 z1     T09
     H288787 4C2017 01 30.59788 09 58 28.73 +02 01 16.1          23.4 z1     T09
     H288787 4C2017 01 30.60170 09 58 28.51 +02 01 16.4          23.9 z1     T09
     H288787 4C2017 01 30.61243 09 58 27.85 +02 01 16.8          23.3 z1     T09
     H373658*4C2017 01 30.41352 09 58 54.59 +02 06 45.5          24.5 i1     T09
     H373658 4C2017 01 30.42076 09 58 54.27 +02 06 47.7          24.6 i1     T09
     H373658 4C2017 01 30.42459 09 58 54.07 +02 06 48.5          24.2 i1     T09
     H373658 4C2017 01 30.43553 09 58 53.53 +02 06 51.2          24.8 i1     T09
     H373658 4C2017 01 30.44278 09 58 53.14 +02 06 53.9          24.4 i1     T09
     H373658 4C2017 01 30.44661 09 58 52.96 +02 06 54.7          24.3 i1     T09
     H373658 4C2017 01 30.46494 09 58 52.02 +02 06 59.9          24.2 i1     T09
     H373659*4C2017 01 30.39870 09 59 04.80 +02 03 00.2          24.7 i1     T09
     H373659 4C2017 01 30.42076 09 59 03.63 +02 03 01.1          24.9 i1     T09
     H373659 4C2017 01 30.42459 09 59 03.38 +02 03 01.6          25.1 i1     T09
     H373659 4C2017 01 30.44278 09 59 02.42 +02 03 01.9          25.2 i1     T09
     H373659 4C2017 01 30.44661 09 59 02.23 +02 03 02.4          24.6 i1     T09
     H373659 4C2017 01 30.46494 09 59 01.20 +02 03 03.6          25.0 i1     T09
