     H258847*4C2016 09 05.35585 23 33 04.21 +01 30 59.4          24.5 i1     T09
     H258847 4C2016 09 05.36394 23 33 03.81 +01 30 57.5          24.2 i1     T09
     H258847 4C2016 09 05.39103 23 33 02.42 +01 30 51.3          24.1 i1     T09
     H258847*4C2016 09 07.39090 23 31 23.23 +01 23 02.1          24.2 r1     T09
     H258847 4C2016 09 07.41191 23 31 22.12 +01 22 57.1          24.7 r1     T09
     H258847 4C2016 09 07.44719 23 31 20.23 +01 22 48.3          24.1 r1     T09
     H258847 4C2016 09 07.49133 23 31 17.87 +01 22 37.8          24.0 r1     T09
     H258847*4C2019 04 08.45466 13 35 41.18 +01 26 43.3          22.4 y1     T09
     H258847 4C2019 04 08.49538 13 35 39.45 +01 26 59.3          22.7 y1     T09
     H258847 4C2019 04 08.53572 13 35 37.74 +01 27 15.4          22.8 y1     T09


     H243115 4C2019 04 08.53572 13 35 38.06 +01 24 51.7          22.6 y1     T09
     H249318 4C2019 04 08.53572 13 35 16.97 +01 12 15.7          22.6 y1     T09
     H249319 4C2019 04 08.53840 13 35 48.86 +01 12 26.2          22.0 y1     T09
     H258847 4C2019 04 08.53572 13 35 37.74 +01 27 15.4          22.8 y1     T09
     H258871 4C2019 04 08.53572 13 35 11.85 +01 23 28.6          21.8 y1     T09
