     H379219*4C2015 01 16.56037 10 03 01.84 +01 31 16.7          23.0 z1     T09
     H379219 4C2015 01 16.62952 10 02 59.58 +01 31 16.1          22.4 z1     T09
     H379219 4C2015 01 16.64776 10 02 59.02 +01 31 15.8          22.8 z1     T09
     H379219 4C2015 01 16.66214 10 02 58.56 +01 31 15.7          22.8 z1     T09
     H379219*4C2015 01 17.42357 10 02 34.90 +01 31 11.3          22.7 i1     T09
     H379219 4C2015 01 17.42812 10 02 34.75 +01 31 11.2          22.7 i1     T09
     H379219 4C2015 01 17.43268 10 02 34.60 +01 31 11.3          22.8 i1     T09
     H379219 4C2015 01 17.43723 10 02 34.45 +01 31 11.3          22.9 i1     T09
     H379219 4C2015 01 17.44180 10 02 34.30 +01 31 11.3          22.8 i1     T09
     H379219*4C2015 01 18.36462 10 02 04.51 +01 31 12.8          22.5 y1     T09
     H379219 4C2015 01 18.41127 10 02 02.93 +01 31 13.1          23.1 y1     T09
     H379219 4C2015 01 18.44841 10 02 01.64 +01 31 13.3          23.2 y1     T09
     H379219 4C2015 01 18.45296 10 02 01.53 +01 31 12.9          22.9 y1     T09
     H379219 4C2015 01 18.45938 10 02 01.31 +01 31 13.3          22.6 y1     T09
     H379219 4C2015 01 18.49633 10 02 00.03 +01 31 13.4          23.0 y1     T09
     H379219 4C2015 01 18.50092 10 01 59.87 +01 31 13.6          22.7 y1     T09
     H379219 4C2015 01 18.51962 10 01 59.22 +01 31 13.4          23.2 y1     T09
     H379219 4C2015 01 18.52421 10 01 59.08 +01 31 13.6          22.7 y1     T09
     H379219 4C2015 01 18.54300 10 01 58.43 +01 31 13.6          23.1 y1     T09
     H379219 4C2015 01 18.54759 10 01 58.26 +01 31 13.6          22.7 y1     T09


     H378233*4C2015 01 20.39453 09 59 42.71 +01 43 15.9          25.2 g1     T09
     H378233 4C2015 01 20.39935 09 59 42.48 +01 43 14.9          25.2 g1     T09
     H378233 4C2015 01 20.40416 09 59 42.24 +01 43 13.2          25.1 g1     T09
     H378233 4C2015 01 20.40897 09 59 42.02 +01 43 11.8          25.6 g1     T09
     H378233 4C2015 01 20.41375 09 59 41.80 +01 43 10.5          24.9 g1     T09
     H378234 4C2015 01 20.39935 09 59 19.76 +01 44 54.6          25.9 g1     T09
     H378234 4C2015 01 20.40416 09 59 19.57 +01 44 55.8          25.7 g1     T09
     H378234 4C2015 01 20.41375 09 59 19.30 +01 44 57.8          26.0 g1     T09
     H378235*4C2015 01 20.44268 09 59 35.09 +01 40 16.1          25.8 g1     T09
     H378235 4C2015 01 20.45227 09 59 34.72 +01 40 16.1          26.1 g1     T09
     H378235 4C2015 01 20.45704 09 59 34.57 +01 40 15.9          25.8 g1     T09
     H378235 4C2015 01 20.46183 09 59 34.42 +01 40 16.1          26.0 g1     T09
     H378236*4C2015 01 20.39935 09 59 47.61 +01 39 43.2          25.6 g1     T09
     H378236 4C2015 01 20.40416 09 59 47.37 +01 39 41.4          25.4 g1     T09
     H378236 4C2015 01 20.41375 09 59 46.96 +01 39 38.7          25.1 g1     T09
     H378236 4C2015 01 20.44268 09 59 45.62 +01 39 29.8          24.7 g1     T09
     H378236 4C2015 01 20.44750 09 59 45.40 +01 39 28.3          24.8 g1     T09
     H378236 4C2015 01 20.45227 09 59 45.16 +01 39 26.6          25.1 g1     T09
     H378236 4C2015 01 20.45704 09 59 44.97 +01 39 25.6          25.4 g1     T09
     H378236 4C2015 01 20.46183 09 59 44.72 +01 39 23.7          25.5 g1     T09
     H378318*4C2015 01 20.39453 09 59 51.67 +01 27 23.5          24.8 g1     T09
     H378318 4C2015 01 20.40897 09 59 51.15 +01 27 26.3          24.7 g1     T09
     H378318 4C2015 01 20.44268 09 59 49.96 +01 27 33.0          24.1 g1     T09
     H378318 4C2015 01 20.45227 09 59 49.61 +01 27 34.9          24.4 g1     T09
     H378318 4C2015 01 20.45704 09 59 49.48 +01 27 35.6          24.4 g1     T09
     H378318 4C2015 01 20.46183 09 59 49.31 +01 27 36.6          24.3 g1     T09
     H378320*4C2015 01 20.39453 09 59 21.64 +01 28 25.9          25.8 g1     T09
     H378320 4C2015 01 20.39935 09 59 21.47 +01 28 26.4          25.5 g1     T09
     H378320 4C2015 01 20.40416 09 59 21.30 +01 28 26.9          25.7 g1     T09
     H378320 4C2015 01 20.40897 09 59 21.12 +01 28 27.2          26.4 g1     T09
     H378320 4C2015 01 20.41375 09 59 20.91 +01 28 27.7          25.6 g1     T09
     H378951 4C2015 01 19.43808 10 02 12.63 +01 34 11.8          23.9 z1     T09
     H378951 4C2015 01 19.44263 10 02 12.55 +01 34 11.8          24.2 z1     T09
     H378951 4C2015 01 19.44721 10 02 12.34 +01 34 12.5          23.9 z1     T09
     H378951 4C2015 01 19.45179 10 02 12.23 +01 34 13.1          23.7 z1     T09
     H378951 4C2015 01 19.45634 10 02 12.09 +01 34 13.3          24.0 z1     T09
     H378951*4C2015 01 20.44268 10 01 44.46 +01 35 55.6          24.2 g1     T09
     H378951 4C2015 01 20.44750 10 01 44.32 +01 35 56.0          24.4 g1     T09
     H378951 4C2015 01 20.45227 10 01 44.17 +01 35 56.6          24.3 g1     T09
     H378951 4C2015 01 20.46183 10 01 43.86 +01 35 57.6          24.7 g1     T09
     H378952*4C2015 01 20.39453 10 01 27.09 +01 36 25.2          25.6 g1     T09
     H378952 4C2015 01 20.44268 10 01 25.35 +01 36 29.9          25.7 g1     T09
     H378952 4C2015 01 20.44750 10 01 25.18 +01 36 30.3          25.8 g1     T09
     H378952 4C2015 01 20.45227 10 01 24.99 +01 36 30.8          25.5 g1     T09
     H378952 4C2015 01 20.45704 10 01 24.83 +01 36 31.2          26.1 g1     T09
     H378952 4C2015 01 20.46183 10 01 24.67 +01 36 31.6          26.3 g1     T09
     H379117*4C2015 01 19.43808 10 02 22.82 +01 23 32.1          23.6 z1     T09
     H379117 4C2015 01 19.44263 10 02 22.67 +01 23 32.3          23.3 z1     T09
     H379117 4C2015 01 19.44721 10 02 22.50 +01 23 32.4          23.8 z1     T09
     H379117 4C2015 01 19.45179 10 02 22.34 +01 23 32.6          23.9 z1     T09
     H379117 4C2015 01 19.45634 10 02 22.19 +01 23 32.6          23.7 z1     T09
     H379117*4C2015 01 20.44268 10 01 49.20 +01 24 10.7          24.2 g1     T09
     H379117 4C2015 01 20.44750 10 01 49.03 +01 24 10.8          24.1 g1     T09
     H379117 4C2015 01 20.46183 10 01 48.54 +01 24 11.4          24.2 g1     T09
     H379118*4C2015 01 19.43808 10 02 37.95 +01 32 38.2          22.3 z1     T09
     H379118 4C2015 01 19.44263 10 02 37.81 +01 32 39.7          22.2 z1     T09
     H379118 4C2015 01 19.45179 10 02 37.56 +01 32 42.9          22.3 z1     T09
     H379118*4C2015 01 20.44268 10 02 11.25 +01 38 58.5          22.6 g1     T09
     H379118 4C2015 01 20.44750 10 02 11.11 +01 39 00.6          22.6 g1     T09
     H379118 4C2015 01 20.45227 10 02 10.97 +01 39 02.6          22.5 g1     T09
     H379118 4C2015 01 20.45704 10 02 10.83 +01 39 04.3          22.7 g1     T09
     H379118 4C2015 01 20.46183 10 02 10.69 +01 39 06.1          22.7 g1     T09
     H379119 4C2015 01 19.43808 10 02 37.68 +01 23 45.6          23.6 z1     T09
     H379119 4C2015 01 19.44263 10 02 37.52 +01 23 45.9          23.8 z1     T09
     H379119 4C2015 01 19.45179 10 02 37.19 +01 23 45.4          24.4 z1     T09
     H379219 4C2015 01 18.54759 10 01 58.26 +01 31 13.6          22.7 y1     T09
     H382047*4C2015 01 20.44268 10 01 34.69 +01 26 27.7          25.1 g1     T09
     H382047 4C2015 01 20.44750 10 01 34.50 +01 26 28.3          25.0 g1     T09
     H382047 4C2015 01 20.45704 10 01 34.16 +01 26 29.1          24.8 g1     T09
     H382047 4C2015 01 20.46183 10 01 33.99 +01 26 29.4          24.9 g1     T09
     H382048*4C2015 01 20.44268 10 02 02.57 +01 23 31.0          24.0 g1     T09
     H382048 4C2015 01 20.44750 10 02 02.39 +01 23 31.2          24.5 g1     T09
     H382048 4C2015 01 20.45704 10 02 02.02 +01 23 31.0          24.9 g1     T09
     H382048 4C2015 01 20.46183 10 02 01.86 +01 23 31.2          24.8 g1     T09
     H382106*4C2015 01 20.44268 10 01 15.09 +01 23 41.1          23.6 g1     T09
     H382106 4C2015 01 20.44750 10 01 14.94 +01 23 43.6          23.7 g1     T09
     H382106 4C2015 01 20.45227 10 01 14.84 +01 23 45.5          23.5 g1     T09
     H382106 4C2015 01 20.45704 10 01 14.74 +01 23 47.6          23.4 g1     T09
     H382106 4C2015 01 20.46183 10 01 14.62 +01 23 49.7          23.5 g1     T09
     H382187*4C2015 01 20.44268 10 02 23.90 +01 24 33.8          26.0 g1     T09
     H382187 4C2015 01 20.44750 10 02 23.76 +01 24 34.6          24.6 g1     T09
     H382187 4C2015 01 20.45227 10 02 23.56 +01 24 34.9          26.0 g1     T09
     H382187 4C2015 01 20.45704 10 02 23.43 +01 24 35.3          24.6 g1     T09
     H382188*4C2015 01 20.44268 10 02 29.67 +01 27 48.5          24.2 g1     T09
     H382188 4C2015 01 20.44750 10 02 29.48 +01 27 52.8          24.2 g1     T09
     H382188 4C2015 01 20.45704 10 02 29.13 +01 28 01.4          24.0 g1     T09
     H382188 4C2015 01 20.46183 10 02 28.95 +01 28 05.8          24.2 g1     T09
     H382189*4C2015 01 20.44268 10 02 12.32 +01 30 37.3          25.4 g1     T09
     H382189 4C2015 01 20.44750 10 02 12.14 +01 30 39.3          25.4 g1     T09
     H382189 4C2015 01 20.45227 10 02 11.99 +01 30 39.8          25.1 g1     T09
     H382189 4C2015 01 20.45704 10 02 11.78 +01 30 42.2          24.9 g1     T09
     H382189 4C2015 01 20.46183 10 02 11.61 +01 30 43.2          25.2 g1     T09
     H382189*4C2015 01 21.58764 10 01 30.27 +01 36 47.4          23.9 i1     T09
     H382189 4C2015 01 21.59154 10 01 30.11 +01 36 48.7          24.0 i1     T09
     H382189 4C2015 01 21.60626 10 01 29.56 +01 36 53.4          24.3 i1     T09
     H382189 4C2015 01 21.61354 10 01 29.27 +01 36 56.0          24.2 i1     T09
     H382189 4C2015 01 21.61742 10 01 29.10 +01 36 57.3          24.3 i1     T09
     H382189 4C2015 01 21.63213 10 01 28.55 +01 37 01.9          24.1 i1     T09
     H382210*4C2015 01 20.39453 10 00 55.74 +01 31 40.6          23.6 g1     T09
     H382210 4C2015 01 20.41375 10 00 55.04 +01 31 41.0          23.9 g1     T09
     H382210 4C2015 01 20.44268 10 00 54.00 +01 31 41.7          23.3 g1     T09
     H382210 4C2015 01 20.44750 10 00 53.83 +01 31 41.9          23.3 g1     T09
     H382210 4C2015 01 20.45227 10 00 53.65 +01 31 42.0          23.1 g1     T09
     H382210 4C2015 01 20.45704 10 00 53.49 +01 31 42.0          23.3 g1     T09
     H382210 4C2015 01 20.46183 10 00 53.31 +01 31 42.2          23.4 g1     T09
     H382256*4C2015 01 20.44268 10 02 50.21 +01 35 50.1          24.0 g1     T09
     H382256 4C2015 01 20.44750 10 02 50.07 +01 35 49.6          24.8 g1     T09
     H382256 4C2015 01 20.45227 10 02 49.91 +01 35 49.6          24.8 g1     T09
     H382256 4C2015 01 20.45704 10 02 49.75 +01 35 49.0          24.2 g1     T09
     H382256 4C2015 01 20.46183 10 02 49.61 +01 35 48.8          24.3 g1     T09
     H382256*4C2015 01 21.60626 10 02 12.75 +01 34 40.0          23.2 i1     T09
     H382256 4C2015 01 21.61354 10 02 12.50 +01 34 39.6          23.2 i1     T09
     H382256 4C2015 01 21.61742 10 02 12.36 +01 34 39.4          23.2 i1     T09
     H382256 4C2015 01 21.63213 10 02 11.86 +01 34 38.5          23.3 i1     T09
     H382256 4C2015 01 21.65807 10 02 10.98 +01 34 37.1          23.2 i1     T09
     H382257*4C2015 01 21.57962 10 02 16.23 +01 33 18.8          24.2 i1     T09
     H382257 4C2015 01 21.60626 10 02 15.22 +01 33 21.8          25.0 i1     T09
     H382257 4C2015 01 21.61354 10 02 14.94 +01 33 22.6          24.7 i1     T09
     H382257 4C2015 01 21.61742 10 02 14.80 +01 33 23.2          24.7 i1     T09
     H382345*4C2015 01 21.55881 10 01 49.53 +01 44 56.9          23.5 i1     T09
     H382345*4C2015 01 21.56266 10 01 49.38 +01 45 00.6          23.2 i1     T09
     H382345 4C2015 01 21.56653 10 01 49.23 +01 45 04.2          23.2 i1     T09
     H382345 4C2015 01 21.57962 10 01 48.70 +01 45 16.6          23.2 i1     T09
     H382345 4C2015 01 21.59154 10 01 48.23 +01 45 27.8          23.9 i1     T09
     H382345 4C2015 01 21.59540 10 01 48.08 +01 45 31.3          23.4 i1     T09
     H382345 4C2015 01 21.60626 10 01 47.65 +01 45 41.5          23.1 i1     T09
     H382345 4C2015 01 21.61742 10 01 47.18 +01 45 52.6          24.4 i1     T09
     H382637*4C2015 01 20.44268 10 02 32.61 +01 39 29.7          23.5 g1     T09
     H382637 4C2015 01 20.44750 10 02 32.40 +01 39 29.6          23.7 g1     T09
     H382637 4C2015 01 20.45227 10 02 32.27 +01 39 29.6          23.3 g1     T09
     H382637 4C2015 01 20.45704 10 02 32.09 +01 39 29.4          23.3 g1     T09
     H382637 4C2015 01 20.46183 10 02 31.92 +01 39 29.4          23.4 g1     T09
     H382637*4C2015 01 21.55881 10 01 52.52 +01 39 13.4          22.6 i1     T09
     H382637 4C2015 01 21.56266 10 01 52.37 +01 39 13.4          22.5 i1     T09
     H382637 4C2015 01 21.56653 10 01 52.23 +01 39 13.3          22.6 i1     T09
     H382637 4C2015 01 21.57962 10 01 51.73 +01 39 13.2          22.5 i1     T09
     H382637 4C2015 01 21.58764 10 01 51.43 +01 39 13.1          22.7 i1     T09
     H382637 4C2015 01 21.59154 10 01 51.28 +01 39 12.9          22.2 i1     T09
     H382637 4C2015 01 21.59540 10 01 51.14 +01 39 13.1          22.5 i1     T09
     H382637 4C2015 01 21.60626 10 01 50.73 +01 39 12.9          22.7 i1     T09
     H382637 4C2015 01 21.61742 10 01 50.31 +01 39 12.8          22.7 i1     T09
     H382637 4C2015 01 21.62126 10 01 50.16 +01 39 12.8          22.6 i1     T09
     H382637 4C2015 01 21.63213 10 01 49.76 +01 39 12.7          22.7 i1     T09
     H382637 4C2015 01 21.64327 10 01 49.34 +01 39 12.5          22.8 i1     T09
     H382637 4C2015 01 21.64723 10 01 49.19 +01 39 12.5          23.3 i1     T09
     H382638*4C2015 01 20.44268 10 02 19.90 +01 38 45.2          23.4 g1     T09
     H382638 4C2015 01 20.44750 10 02 19.74 +01 38 46.2          23.4 g1     T09
     H382638 4C2015 01 20.45227 10 02 19.60 +01 38 47.0          23.4 g1     T09
     H382638 4C2015 01 20.45704 10 02 19.46 +01 38 47.9          23.5 g1     T09
     H382638 4C2015 01 20.46183 10 02 19.30 +01 38 49.0          23.6 g1     T09
     H382638*4C2015 01 21.55881 10 01 45.52 +01 42 33.1          22.8 i1     T09
     H382638 4C2015 01 21.56266 10 01 45.39 +01 42 33.9          23.1 i1     T09
     H382638 4C2015 01 21.56653 10 01 45.27 +01 42 34.7          23.1 i1     T09
     H382638 4C2015 01 21.59154 10 01 44.45 +01 42 39.9          22.9 i1     T09
     H382638 4C2015 01 21.59540 10 01 44.34 +01 42 40.7          22.8 i1     T09
     H382638 4C2015 01 21.60626 10 01 43.99 +01 42 43.0          22.8 i1     T09
     H382638 4C2015 01 21.61354 10 01 43.76 +01 42 44.5          22.5 i1     T09
     H382638 4C2015 01 21.61742 10 01 43.61 +01 42 45.5          22.6 i1     T09
     H382638 4C2015 01 21.62126 10 01 43.50 +01 42 46.1          22.9 i1     T09
     H382638 4C2015 01 21.63213 10 01 43.15 +01 42 48.4          23.0 i1     T09
     H382638 4C2015 01 21.64723 10 01 42.70 +01 42 52.3          23.0 i1     T09
     H382638 4C2015 01 21.65807 10 01 42.32 +01 42 53.8          23.3 i1     T09
     H382803*4C2015 01 20.39453 10 00 03.88 +01 41 58.1          26.5 g1     T09
     H382803 4C2015 01 20.40897 10 00 03.43 +01 41 59.5          26.3 g1     T09
     H382803 4C2015 01 20.44268 10 00 02.28 +01 42 02.3          26.3 g1     T09
     H382803 4C2015 01 20.44750 10 00 02.11 +01 42 03.0          26.2 g1     T09
     H382803 4C2015 01 20.45227 10 00 01.95 +01 42 03.7          26.4 g1     T09
     H382804*4C2015 01 20.39453 10 00 02.37 +01 34 55.5          25.8 g1     T09
     H382804 4C2015 01 20.39935 10 00 02.20 +01 34 55.7          25.3 g1     T09
     H382804 4C2015 01 20.40416 10 00 02.03 +01 34 55.3          25.4 g1     T09
     H382804 4C2015 01 20.40897 10 00 01.83 +01 34 55.5          26.1 g1     T09
     H382804 4C2015 01 20.41375 10 00 01.66 +01 34 55.2          25.8 g1     T09
     H382804 4C2015 01 20.44268 10 00 00.59 +01 34 54.3          25.5 g1     T09
     H382804 4C2015 01 20.44750 10 00 00.40 +01 34 54.5          25.9 g1     T09
     H382804 4C2015 01 20.45227 10 00 00.23 +01 34 54.2          26.3 g1     T09
     H382804 4C2015 01 20.45704 10 00 00.04 +01 34 54.2          25.8 g1     T09
     H382804 4C2015 01 20.46183 09 59 59.86 +01 34 53.8          25.8 g1     T09
     H382805*4C2015 01 20.44268 10 00 07.96 +01 35 12.0          26.7 g1     T09
     H382805 4C2015 01 20.44750 10 00 07.82 +01 35 11.6          26.5 g1     T09
     H382805 4C2015 01 20.45227 10 00 07.63 +01 35 11.5          26.1 g1     T09
     H382805 4C2015 01 20.46183 10 00 07.27 +01 35 10.6          26.4 g1     T09
     H382817*4C2015 01 20.44268 10 02 30.61 +01 23 08.7          23.2 g1     T09
     H382817 4C2015 01 20.44750 10 02 30.46 +01 23 10.4          23.1 g1     T09
     H382817 4C2015 01 20.45227 10 02 30.31 +01 23 12.2          23.4 g1     T09
     H382817 4C2015 01 20.45704 10 02 30.16 +01 23 14.0          23.4 g1     T09
     H382817 4C2015 01 20.46183 10 02 30.01 +01 23 15.7          23.3 g1     T09
     H382817*4C2015 01 21.57962 10 01 55.81 +01 30 13.7          22.4 i1     T09
     H382817 4C2015 01 21.59540 10 01 55.29 +01 30 19.7          22.5 i1     T09
     H382817 4C2015 01 21.60626 10 01 54.95 +01 30 23.6          22.4 i1     T09
     H382817 4C2015 01 21.61354 10 01 54.68 +01 30 26.7          22.6 i1     T09
     H382817 4C2015 01 21.61742 10 01 54.56 +01 30 28.2          22.5 i1     T09
     H382817 4C2015 01 21.62126 10 01 54.43 +01 30 29.6          22.3 i1     T09
     H382817 4C2015 01 21.63213 10 01 54.08 +01 30 33.8          22.5 i1     T09
     H382817 4C2015 01 21.63940 10 01 53.83 +01 30 36.8          22.8 i1     T09
     H382817 4C2015 01 21.65807 10 01 53.22 +01 30 43.8          22.5 i1     T09
     H382818*4C2015 01 20.44268 10 02 23.03 +01 20 28.5          25.4 g1     T09
     H382818 4C2015 01 20.44750 10 02 22.89 +01 20 28.4          25.3 g1     T09
     H382818 4C2015 01 20.46183 10 02 22.40 +01 20 28.0          25.3 g1     T09
     H382819*4C2015 01 20.45227 10 02 05.83 +01 15 47.7          25.3 g1     T09
     H382819 4C2015 01 20.45704 10 02 05.70 +01 15 48.2          25.9 g1     T09
     H382819 4C2015 01 20.46183 10 02 05.54 +01 15 49.0          25.4 g1     T09
     H382852*4C2015 01 20.44750 10 03 07.40 +01 32 36.2          24.7 g1     T09
     H382852 4C2015 01 20.45704 10 03 07.07 +01 32 37.7          25.0 g1     T09
     H382852 4C2015 01 20.46183 10 03 06.84 +01 32 38.8          24.8 g1     T09
     H382853*4C2015 01 20.44750 10 03 05.64 +01 34 25.1          25.3 g1     T09
     H382853 4C2015 01 20.45704 10 03 05.23 +01 34 24.7          25.0 g1     T09
     H382853 4C2015 01 20.46183 10 03 05.03 +01 34 24.7          24.9 g1     T09
     H382863*4C2015 01 20.39453 10 00 16.91 +01 28 09.9          26.4 g1     T09
     H382863 4C2015 01 20.39935 10 00 16.63 +01 28 08.9          26.7 g1     T09
     H382863 4C2015 01 20.40416 10 00 16.48 +01 28 08.2          25.9 g1     T09
     H382863 4C2015 01 20.45227 10 00 14.49 +01 28 02.8          26.1 g1     T09
     H382863 4C2015 01 20.45704 10 00 14.25 +01 28 02.5          26.2 g1     T09
     H382863 4C2015 01 20.46183 10 00 14.11 +01 28 02.0          26.4 g1     T09
     H382864*4C2015 01 20.39453 10 00 06.11 +01 29 05.8          26.0 g1     T09
     H382864 4C2015 01 20.39935 10 00 05.93 +01 29 05.6          26.2 g1     T09
     H382864 4C2015 01 20.40416 10 00 05.79 +01 29 05.5          25.7 g1     T09
     H382864 4C2015 01 20.40897 10 00 05.59 +01 29 05.3          25.6 g1     T09
     H382864 4C2015 01 20.41375 10 00 05.48 +01 29 05.5          25.5 g1     T09
     H382864 4C2015 01 20.44268 10 00 04.45 +01 29 04.4          25.8 g1     T09
     H382864 4C2015 01 20.45704 10 00 03.96 +01 29 04.1          25.5 g1     T09
     H386855*4C2015 01 20.39453 10 01 05.55 +01 39 17.3          25.3 g1     T09
     H386855 4C2015 01 20.39935 10 01 05.43 +01 39 19.1          25.7 g1     T09
     H386855 4C2015 01 20.40416 10 01 05.28 +01 39 21.0          25.3 g1     T09
     H386855 4C2015 01 20.40897 10 01 05.11 +01 39 23.0          25.3 g1     T09
     H386855 4C2015 01 20.41375 10 01 05.00 +01 39 24.7          25.6 g1     T09
     H386855 4C2015 01 20.44268 10 01 04.17 +01 39 35.8          24.8 g1     T09
     H386855 4C2015 01 20.44750 10 01 04.01 +01 39 37.8          25.1 g1     T09
     H386855 4C2015 01 20.45227 10 01 03.87 +01 39 39.6          24.9 g1     T09
     H386855 4C2015 01 20.45704 10 01 03.74 +01 39 41.4          25.0 g1     T09
     H386855 4C2015 01 20.46183 10 01 03.60 +01 39 43.3          25.7 g1     T09
     H386856*4C2015 01 20.39935 10 01 06.66 +01 43 16.8          24.9 g1     T09
     H386856 4C2015 01 20.40416 10 01 06.48 +01 43 18.1          24.8 g1     T09
     H386856 4C2015 01 20.40897 10 01 06.33 +01 43 19.5          24.9 g1     T09
     H386856 4C2015 01 20.41375 10 01 06.16 +01 43 20.9          24.6 g1     T09
     H386857*4C2015 01 20.40897 10 01 22.69 +01 43 19.8          24.9 g1     T09
     H386857 4C2015 01 20.41375 10 01 22.57 +01 43 21.0          24.6 g1     T09
     H386857 4C2015 01 20.44268 10 01 21.66 +01 43 27.3          24.5 g1     T09
     H386857 4C2015 01 20.45227 10 01 21.34 +01 43 29.2          24.5 g1     T09
     H386857 4C2015 01 20.45704 10 01 21.23 +01 43 30.4          24.8 g1     T09
     H386857 4C2015 01 20.46183 10 01 21.08 +01 43 31.5          24.6 g1     T09
     H386858*4C2015 01 20.39935 10 01 10.14 +01 37 51.3          26.7 g1     T09
     H386858 4C2015 01 20.40897 10 01 09.76 +01 37 51.3          26.8 g1     T09
     H386858 4C2015 01 20.41375 10 01 09.58 +01 37 51.8          26.5 g1     T09
     H386858 4C2015 01 20.44268 10 01 08.54 +01 37 51.8          25.9 g1     T09
     H386858 4C2015 01 20.44750 10 01 08.36 +01 37 51.9          26.2 g1     T09
     H386859*4C2015 01 20.39935 10 01 07.20 +01 36 04.9          25.8 g1     T09
     H386859 4C2015 01 20.40416 10 01 07.02 +01 36 05.4          26.4 g1     T09
     H386859 4C2015 01 20.44750 10 01 05.29 +01 36 05.3          25.9 g1     T09
     H386859 4C2015 01 20.45227 10 01 05.16 +01 36 05.3          26.1 g1     T09
     H386859 4C2015 01 20.45704 10 01 04.93 +01 36 05.1          26.2 g1     T09
     H386859 4C2015 01 20.46183 10 01 04.74 +01 36 05.3          26.2 g1     T09
     H387396*4C2015 01 21.57962 10 02 21.35 +01 33 39.4          23.8 i1     T09
     H387396 4C2015 01 21.60626 10 02 20.26 +01 33 38.4          24.0 i1     T09
     H387396 4C2015 01 21.61354 10 02 19.98 +01 33 38.2          24.2 i1     T09
     H387396 4C2015 01 21.63213 10 02 19.20 +01 33 37.4          24.3 i1     T09
     H387396 4C2015 01 21.65807 10 02 18.18 +01 33 36.3          24.1 i1     T09
     H387439*4C2015 01 20.44750 10 01 28.16 +01 38 36.3          25.4 g1     T09
     H387439 4C2015 01 20.45227 10 01 28.02 +01 38 38.1          26.1 g1     T09
     H387439 4C2015 01 20.45704 10 01 27.89 +01 38 39.5          25.3 g1     T09
     H387439 4C2015 01 20.46183 10 01 27.77 +01 38 41.1          25.7 g1     T09
     H387466*4C2015 01 20.44268 10 01 49.15 +01 34 36.2          25.7 g1     T09
     H387466 4C2015 01 20.44750 10 01 49.02 +01 34 38.7          25.7 g1     T09
     H387466 4C2015 01 20.45227 10 01 48.88 +01 34 40.6          26.0 g1     T09
     H387466 4C2015 01 20.45704 10 01 48.76 +01 34 42.8          25.9 g1     T09
     H387466 4C2015 01 20.46183 10 01 48.66 +01 34 44.8          25.5 g1     T09
     H388462*4C2015 01 20.39453 10 01 36.41 +01 36 06.5          24.5 g1     T09
     H388462 4C2015 01 20.44268 10 01 34.31 +01 36 59.4          24.7 g1     T09
     H388462 4C2015 01 20.44750 10 01 34.08 +01 37 04.9          24.7 g1     T09
     H388462 4C2015 01 20.45227 10 01 33.87 +01 37 10.2          24.7 g1     T09
     H388462 4C2015 01 20.45704 10 01 33.67 +01 37 15.3          24.5 g1     T09
     H388462 4C2015 01 20.46183 10 01 33.45 +01 37 20.7          24.7 g1     T09
     H388463*4C2015 01 20.44268 10 01 57.86 +01 38 18.1          23.5 g1     T09
     H388463 4C2015 01 20.44750 10 01 57.65 +01 38 17.6          23.4 g1     T09
     H388463 4C2015 01 20.45227 10 01 57.45 +01 38 17.1          23.5 g1     T09
     H388463 4C2015 01 20.45704 10 01 57.25 +01 38 16.7          23.7 g1     T09
     H388463 4C2015 01 20.46183 10 01 57.03 +01 38 16.2          23.8 g1     T09
     H388464*4C2015 01 20.44268 10 01 26.28 +01 45 23.2          25.0 g1     T09
     H388464 4C2015 01 20.44750 10 01 26.08 +01 45 23.1          25.2 g1     T09
     H388464 4C2015 01 20.45227 10 01 25.88 +01 45 22.8          25.0 g1     T09
     H388464 4C2015 01 20.45704 10 01 25.74 +01 45 22.9          25.0 g1     T09
     H388465*4C2015 01 20.44268 10 01 47.85 +01 41 32.6          23.2 g1     T09
     H388465 4C2015 01 20.44750 10 01 47.67 +01 41 32.5          23.4 g1     T09
     H388465 4C2015 01 20.45227 10 01 47.50 +01 41 32.4          23.4 g1     T09
     H388465 4C2015 01 20.45704 10 01 47.33 +01 41 32.3          23.5 g1     T09
     H388465 4C2015 01 20.46183 10 01 47.12 +01 41 32.0          23.4 g1     T09
     H388466*4C2015 01 20.44268 10 01 46.16 +01 46 01.8          24.4 g1     T09
     H388466 4C2015 01 20.45227 10 01 45.76 +01 46 02.6          24.6 g1     T09
     H388466 4C2015 01 20.45704 10 01 45.57 +01 46 03.2          24.6 g1     T09
     H388466 4C2015 01 20.46183 10 01 45.38 +01 46 03.6          25.3 g1     T09
     H388467*4C2015 01 20.44268 10 01 41.34 +01 44 44.0          23.4 g1     T09
     H388467 4C2015 01 20.44750 10 01 41.10 +01 44 44.1          23.6 g1     T09
     H388467 4C2015 01 20.45704 10 01 40.68 +01 44 44.8          23.6 g1     T09
     H388467 4C2015 01 20.46183 10 01 40.49 +01 44 44.8          23.7 g1     T09
     H388468*4C2015 01 20.44750 10 01 50.09 +01 36 02.4          26.1 g1     T09
     H388468 4C2015 01 20.45227 10 01 49.88 +01 36 02.2          25.8 g1     T09
     H388468 4C2015 01 20.45704 10 01 49.65 +01 36 02.5          25.3 g1     T09
     H389721*4C2015 01 21.57962 10 01 49.35 +01 24 15.7          22.3 i1     T09
     H389721 4C2015 01 21.60626 10 01 48.17 +01 24 09.2          22.2 i1     T09
     H389721 4C2015 01 21.65807 10 01 45.94 +01 23 56.4          22.5 i1     T09
     H390244*4C2015 01 20.44268 10 02 22.16 +01 46 47.5          25.6 g1     T09
     H390244 4C2015 01 20.44750 10 02 22.01 +01 46 48.0          25.6 g1     T09
     H390244 4C2015 01 20.45227 10 02 21.83 +01 46 49.2          25.5 g1     T09
     H390244 4C2015 01 20.45704 10 02 21.68 +01 46 49.7          26.0 g1     T09
     H390244 4C2015 01 20.46183 10 02 21.53 +01 46 50.2          25.7 g1     T09
     H390257*4C2015 01 20.44268 10 02 35.11 +01 44 06.5          25.5 g1     T09
     H390257 4C2015 01 20.44750 10 02 34.98 +01 44 08.6          24.9 g1     T09
     H390257 4C2015 01 20.45227 10 02 34.85 +01 44 10.6          25.3 g1     T09
     H390257 4C2015 01 20.45704 10 02 34.72 +01 44 12.6          24.9 g1     T09
     H390257 4C2015 01 20.46183 10 02 34.58 +01 44 14.8          24.9 g1     T09
     H390258*4C2015 01 20.44750 10 02 40.47 +01 41 07.1          26.6 g1     T09
     H390258 4C2015 01 20.45227 10 02 40.28 +01 41 07.0          26.8 g1     T09
     H390258 4C2015 01 20.45704 10 02 40.12 +01 41 06.6          26.6 g1     T09
     H390258 4C2015 01 20.46183 10 02 39.88 +01 41 06.1          26.6 g1     T09
     H390259*4C2015 01 20.44268 10 02 44.50 +01 34 36.1          26.0 g1     T09
     H390259 4C2015 01 20.44750 10 02 44.40 +01 34 36.7          25.7 g1     T09
     H390259 4C2015 01 20.45227 10 02 44.23 +01 34 37.8          26.1 g1     T09
     H390259 4C2015 01 20.45704 10 02 44.10 +01 34 38.6          25.8 g1     T09
     H390259 4C2015 01 20.46183 10 02 43.94 +01 34 39.9          25.8 g1     T09
     H390692 4C2015 01 19.44263 10 01 32.59 +01 25 32.8          24.3 z1     T09
     H390692 4C2015 01 19.44721 10 01 32.42 +01 25 32.8          23.6 z1     T09
     H390692 4C2015 01 19.45179 10 01 32.27 +01 25 32.8          24.0 z1     T09
     H390692 4C2015 01 19.45634 10 01 32.10 +01 25 33.2          23.7 z1     T09
     H390693*4C2015 01 19.43808 10 01 28.63 +01 31 23.2          22.8 z1     T09
     H390693 4C2015 01 19.44263 10 01 28.43 +01 31 23.1          22.7 z1     T09
     H390693 4C2015 01 19.45634 10 01 27.94 +01 31 23.4          23.0 z1     T09
     H390937*4C2015 01 19.43808 10 00 52.04 +01 30 53.9          20.0 z1     T09
     H390937 4C2015 01 19.44263 10 00 51.89 +01 30 54.3          20.0 z1     T09
     H390937 4C2015 01 19.44721 10 00 51.75 +01 30 54.7          20.1 z1     T09
     H390937 4C2015 01 19.45179 10 00 51.60 +01 30 55.0          20.0 z1     T09
     H390937 4C2015 01 19.45634 10 00 51.46 +01 30 55.4          20.1 z1     T09
     H392817*4C2015 01 21.55881 10 00 50.53 +01 32 03.9          22.6 i1     T09
     H392817 4C2015 01 21.56266 10 00 50.43 +01 32 05.8          22.6 i1     T09
     H392817 4C2015 01 21.56653 10 00 50.33 +01 32 07.5          22.6 i1     T09
     H392817 4C2015 01 21.57962 10 00 50.00 +01 32 13.5          22.5 i1     T09
     H392817 4C2015 01 21.60626 10 00 49.32 +01 32 25.8          22.5 i1     T09
     H392817 4C2015 01 21.61354 10 00 49.14 +01 32 29.2          22.6 i1     T09
     H392817 4C2015 01 21.61742 10 00 49.03 +01 32 31.1          22.7 i1     T09
     H392817 4C2015 01 21.62126 10 00 48.94 +01 32 32.7          22.5 i1     T09
     H392817 4C2015 01 21.63940 10 00 48.49 +01 32 41.3          22.7 i1     T09
     H392817 4C2015 01 21.65807 10 00 48.02 +01 32 49.7          23.0 i1     T09
     H392818*4C2015 01 21.59154 10 00 53.66 +01 28 17.1          24.7 i1     T09
     H392818 4C2015 01 21.59540 10 00 53.51 +01 28 17.6          24.8 i1     T09
     H392818 4C2015 01 21.61354 10 00 52.78 +01 28 19.5          24.2 i1     T09
     H394154*4C2015 01 20.44268 10 01 48.76 +01 18 08.6          24.6 g1     T09
     H394154 4C2015 01 20.44750 10 01 48.57 +01 18 08.6          24.5 g1     T09
     H394154 4C2015 01 20.45227 10 01 48.37 +01 18 08.5          24.5 g1     T09
     H394154 4C2015 01 20.46183 10 01 48.03 +01 18 08.3          24.2 g1     T09
     H394155*4C2015 01 20.44268 10 01 21.48 +01 23 14.5          24.9 g1     T09
     H394155 4C2015 01 20.44750 10 01 21.29 +01 23 15.2          25.2 g1     T09
     H394155 4C2015 01 20.45227 10 01 21.11 +01 23 15.8          25.0 g1     T09
     H394155 4C2015 01 20.45704 10 01 20.96 +01 23 16.4          25.0 g1     T09
     H394155 4C2015 01 20.46183 10 01 20.80 +01 23 17.1          24.7 g1     T09
     H394156*4C2015 01 20.44268 10 01 26.17 +01 18 31.4          23.6 g1     T09
     H394156 4C2015 01 20.44750 10 01 25.96 +01 18 31.3          23.5 g1     T09
     H394156 4C2015 01 20.45227 10 01 25.76 +01 18 31.1          23.7 g1     T09
     H394156 4C2015 01 20.45704 10 01 25.55 +01 18 31.1          23.5 g1     T09
     H394156 4C2015 01 20.46183 10 01 25.34 +01 18 31.0          23.5 g1     T09
     H394157*4C2015 01 20.44268 10 01 34.55 +01 22 18.4          24.8 g1     T09
     H394157 4C2015 01 20.44750 10 01 34.37 +01 22 18.9          25.4 g1     T09
     H394157 4C2015 01 20.45227 10 01 34.16 +01 22 19.2          24.2 g1     T09
     H394157 4C2015 01 20.45704 10 01 34.04 +01 22 19.4          24.8 g1     T09
     H394157 4C2015 01 20.46183 10 01 33.86 +01 22 19.6          24.9 g1     T09
     H394158*4C2015 01 20.44268 10 01 10.20 +01 21 06.6          25.7 g1     T09
     H394158 4C2015 01 20.45227 10 01 09.85 +01 21 06.6          25.4 g1     T09
     H394158 4C2015 01 20.45704 10 01 09.73 +01 21 06.9          25.4 g1     T09
     H394158 4C2015 01 20.46183 10 01 09.52 +01 21 06.9          25.4 g1     T09
     H394159*4C2015 01 20.44268 10 01 19.99 +01 20 36.5          26.5 g1     T09
     H394159 4C2015 01 20.45227 10 01 19.64 +01 20 36.7          26.1 g1     T09
     H394159 4C2015 01 20.45704 10 01 19.47 +01 20 37.0          26.2 g1     T09
     H394159 4C2015 01 20.46183 10 01 19.30 +01 20 37.2          26.0 g1     T09
     H394160*4C2015 01 20.44268 10 01 35.90 +01 18 23.2          25.3 g1     T09
     H394160 4C2015 01 20.44750 10 01 35.62 +01 18 21.0          25.3 g1     T09
     H394160 4C2015 01 20.45704 10 01 34.87 +01 18 15.0          25.0 g1     T09
     H394160 4C2015 01 20.46183 10 01 34.53 +01 18 12.1          25.3 g1     T09
     H394161*4C2015 01 20.44268 10 01 50.39 +01 16 56.2          25.7 g1     T09
     H394161 4C2015 01 20.44750 10 01 50.21 +01 16 56.7          25.7 g1     T09
     H394161 4C2015 01 20.45227 10 01 50.05 +01 16 56.7          26.1 g1     T09
     H394162*4C2015 01 20.44268 10 01 16.30 +01 18 49.2          26.1 g1     T09
     H394162 4C2015 01 20.44750 10 01 16.10 +01 18 49.7          26.0 g1     T09
     H394162 4C2015 01 20.45227 10 01 15.95 +01 18 50.0          26.2 g1     T09
     H394162 4C2015 01 20.45704 10 01 15.76 +01 18 50.2          26.2 g1     T09
     H394162 4C2015 01 20.46183 10 01 15.58 +01 18 50.7          25.8 g1     T09
     H394163*4C2015 01 20.44268 10 01 34.22 +01 14 18.3          26.1 g1     T09
     H394163 4C2015 01 20.44750 10 01 34.06 +01 14 18.3          25.7 g1     T09
     H394163 4C2015 01 20.45227 10 01 33.84 +01 14 19.0          25.9 g1     T09
     H394163 4C2015 01 20.45704 10 01 33.72 +01 14 19.5          25.9 g1     T09
     H394264*4C2015 01 20.39935 10 00 06.14 +01 23 16.9          24.9 g1     T09
     H394264 4C2015 01 20.40416 10 00 05.89 +01 23 17.6          24.6 g1     T09
     H394264 4C2015 01 20.40897 10 00 05.73 +01 23 17.9          24.8 g1     T09
     H394264 4C2015 01 20.41375 10 00 05.49 +01 23 18.4          24.8 g1     T09
     H394264 4C2015 01 20.44268 10 00 04.15 +01 23 21.5          24.5 g1     T09
     H394264 4C2015 01 20.45227 10 00 03.71 +01 23 22.5          24.9 g1     T09
     H394264 4C2015 01 20.45704 10 00 03.49 +01 23 23.0          24.4 g1     T09
     H394264 4C2015 01 20.46183 10 00 03.27 +01 23 23.5          24.5 g1     T09
     H394265*4C2015 01 20.39453 09 59 41.69 +01 22 43.8          26.1 g1     T09
     H394265 4C2015 01 20.40416 09 59 41.35 +01 22 43.8          26.0 g1     T09
     H394265 4C2015 01 20.40897 09 59 41.18 +01 22 43.6          25.7 g1     T09
     H394265 4C2015 01 20.41375 09 59 41.04 +01 22 44.3          26.2 g1     T09
     H394265 4C2015 01 20.44268 09 59 39.98 +01 22 45.0          26.4 g1     T09
     H394265 4C2015 01 20.44750 09 59 39.81 +01 22 45.0          26.0 g1     T09
     H394265 4C2015 01 20.45227 09 59 39.64 +01 22 44.8          26.2 g1     T09
     H394265 4C2015 01 20.45704 09 59 39.49 +01 22 45.3          26.6 g1     T09
     H394265 4C2015 01 20.46183 09 59 39.32 +01 22 45.0          26.0 g1     T09
     H394266*4C2015 01 20.39453 09 59 48.96 +01 19 21.2          26.3 g1     T09
     H394266 4C2015 01 20.39935 09 59 48.74 +01 19 21.2          26.4 g1     T09
     H394266 4C2015 01 20.40416 09 59 48.58 +01 19 20.9          26.1 g1     T09
     H394266 4C2015 01 20.40897 09 59 48.38 +01 19 20.9          26.5 g1     T09
     H394266 4C2015 01 20.41375 09 59 48.21 +01 19 20.4          26.0 g1     T09
     H394266 4C2015 01 20.45704 09 59 46.39 +01 19 18.5          26.6 g1     T09
     H394267*4C2015 01 20.39453 09 59 52.86 +01 20 41.8          26.0 g1     T09
     H394267 4C2015 01 20.40416 09 59 52.60 +01 20 41.8          26.0 g1     T09
     H394267 4C2015 01 20.45227 09 59 50.64 +01 20 46.7          25.6 g1     T09
     H394267 4C2015 01 20.45704 09 59 50.43 +01 20 47.0          26.0 g1     T09
     H394268 4C2015 01 20.45227 10 00 06.08 +01 20 22.1          26.0 g1     T09
     H394269*4C2015 01 20.39935 09 59 49.03 +01 16 48.5          26.2 g1     T09
     H394269 4C2015 01 20.40897 09 59 48.66 +01 16 49.0          26.5 g1     T09
     H394269 4C2015 01 20.41375 09 59 48.47 +01 16 48.8          25.9 g1     T09
     H394293*4C2015 01 20.39453 09 59 10.19 +01 15 01.6          24.5 g1     T09
     H394293 4C2015 01 20.39935 09 59 10.02 +01 15 01.5          24.5 g1     T09
     H394293 4C2015 01 20.40416 09 59 09.84 +01 15 01.6          24.5 g1     T09
     H394293 4C2015 01 20.40897 09 59 09.68 +01 15 01.7          24.5 g1     T09
     H394293 4C2015 01 20.41375 09 59 09.50 +01 15 01.7          24.6 g1     T09
     H394294*4C2015 01 20.39453 09 59 00.69 +01 16 27.2          25.2 g1     T09
     H394294 4C2015 01 20.39935 09 59 00.52 +01 16 28.2          25.2 g1     T09
     H394294 4C2015 01 20.40416 09 59 00.34 +01 16 29.2          25.3 g1     T09
     H394294 4C2015 01 20.40897 09 59 00.16 +01 16 30.0          24.9 g1     T09
     H394294 4C2015 01 20.41375 09 59 00.01 +01 16 31.0          25.0 g1     T09
     H394295*4C2015 01 20.39453 09 59 10.85 +01 17 15.1          24.4 g1     T09
     H394295 4C2015 01 20.39935 09 59 10.59 +01 17 13.4          23.9 g1     T09
     H394295 4C2015 01 20.40416 09 59 10.39 +01 17 12.0          24.5 g1     T09
     H394295 4C2015 01 20.40897 09 59 10.16 +01 17 10.4          24.2 g1     T09
     H394295 4C2015 01 20.41375 09 59 09.92 +01 17 08.8          24.8 g1     T09
     H394296*4C2015 01 20.39453 09 58 55.23 +01 18 07.3          24.3 g1     T09
     H394296 4C2015 01 20.39935 09 58 55.05 +01 18 07.7          24.3 g1     T09
     H394296 4C2015 01 20.40416 09 58 54.87 +01 18 08.2          24.4 g1     T09
     H394296 4C2015 01 20.41375 09 58 54.53 +01 18 08.9          23.8 g1     T09
     H394297*4C2015 01 20.39453 09 59 09.92 +01 18 14.2          25.4 g1     T09
     H394297 4C2015 01 20.39935 09 59 09.54 +01 18 11.9          24.4 g1     T09
     H394297 4C2015 01 20.40416 09 59 09.15 +01 18 08.5          24.8 g1     T09
     H394299*4C2015 01 20.39453 09 59 06.98 +01 18 41.3          24.3 g1     T09
     H394299 4C2015 01 20.39935 09 59 06.72 +01 18 39.9          23.8 g1     T09
     H394299 4C2015 01 20.40416 09 59 06.57 +01 18 39.1          23.9 g1     T09
     H394299 4C2015 01 20.41375 09 59 06.18 +01 18 37.1          23.7 g1     T09
     H394300*4C2015 01 20.39935 09 59 27.29 +01 16 04.5          25.6 g1     T09
     H394300 4C2015 01 20.40416 09 59 27.09 +01 16 04.4          25.8 g1     T09
     H394300 4C2015 01 20.40897 09 59 26.87 +01 16 04.2          25.2 g1     T09
     H394301*4C2015 01 20.39935 09 59 20.20 +01 20 49.9          26.2 g1     T09
     H394301 4C2015 01 20.40416 09 59 20.02 +01 20 50.6          26.1 g1     T09
     H394301 4C2015 01 20.40897 09 59 19.88 +01 20 50.8          25.8 g1     T09
     H394301 4C2015 01 20.41375 09 59 19.70 +01 20 51.8          26.0 g1     T09
     H394302*4C2015 01 20.39453 09 59 30.01 +01 17 39.6          26.0 g1     T09
     H394302 4C2015 01 20.39935 09 59 29.88 +01 17 39.6          26.2 g1     T09
     H394302 4C2015 01 20.40416 09 59 29.71 +01 17 40.4          25.9 g1     T09
     H394303*4C2015 01 20.39453 09 59 26.11 +01 14 46.2          25.1 g1     T09
     H394303 4C2015 01 20.39935 09 59 25.77 +01 14 43.2          25.3 g1     T09
     H394303 4C2015 01 20.40416 09 59 25.48 +01 14 39.9          25.0 g1     T09
     H394303 4C2015 01 20.40897 09 59 25.17 +01 14 36.5          25.3 g1     T09
     H394311*4C2015 01 20.39453 09 58 35.92 +01 17 28.5          23.8 g1     T09
     H394311 4C2015 01 20.39935 09 58 35.74 +01 17 28.8          23.9 g1     T09
     H394311 4C2015 01 20.40416 09 58 35.56 +01 17 29.1          23.7 g1     T09
     H394312*4C2015 01 20.39453 09 58 21.38 +01 17 34.6          23.9 g1     T09
     H394312 4C2015 01 20.39935 09 58 21.22 +01 17 34.5          24.6 g1     T09
     H394312 4C2015 01 20.40416 09 58 21.03 +01 17 34.6          24.5 g1     T09
     H394313*4C2015 01 20.39453 09 58 42.29 +01 18 32.6          25.1 g1     T09
     H394313 4C2015 01 20.39935 09 58 42.13 +01 18 32.2          24.8 g1     T09
     H394313 4C2015 01 20.40416 09 58 41.92 +01 18 32.0          25.8 g1     T09
     H394313 4C2015 01 20.40897 09 58 41.71 +01 18 31.5          25.2 g1     T09
     H394313 4C2015 01 20.41375 09 58 41.60 +01 18 31.4          24.9 g1     T09
     H394314*4C2015 01 20.39935 09 58 08.30 +01 23 13.4          26.0 g1     T09
     H394314 4C2015 01 20.40416 09 58 08.11 +01 23 15.1          26.1 g1     T09
     H394314 4C2015 01 20.40897 09 58 07.88 +01 23 16.1          25.5 g1     T09
     H394314 4C2015 01 20.41375 09 58 07.75 +01 23 17.9          26.4 g1     T09
     H394315*4C2015 01 20.39453 09 58 29.93 +01 16 19.8          24.3 g1     T09
     H394315 4C2015 01 20.39935 09 58 29.78 +01 16 21.7          24.3 g1     T09
     H394315 4C2015 01 20.40416 09 58 29.64 +01 16 23.4          24.4 g1     T09
     H394315 4C2015 01 20.40897 09 58 29.47 +01 16 25.2          24.6 g1     T09
     H396515 4C2015 01 18.54759 10 00 00.17 +01 29 29.9          21.9 y1     T09
     H396599*4C2015 01 21.55881 10 00 14.29 +01 32 12.3          22.7 i1     T09
     H396599 4C2015 01 21.56266 10 00 14.14 +01 32 12.4          22.6 i1     T09
     H396599 4C2015 01 21.56653 10 00 14.00 +01 32 12.5          22.6 i1     T09
     H396599 4C2015 01 21.57962 10 00 13.51 +01 32 12.9          22.7 i1     T09
     H396599 4C2015 01 21.58392 10 00 13.35 +01 32 13.1          22.7 i1     T09
     H396599 4C2015 01 21.59154 10 00 13.06 +01 32 13.3          22.7 i1     T09
     H396599 4C2015 01 21.59540 10 00 12.92 +01 32 13.4          22.7 i1     T09
     H396599 4C2015 01 21.60626 10 00 12.52 +01 32 13.8          22.5 i1     T09
     H396599 4C2015 01 21.60979 10 00 12.38 +01 32 13.9          22.4 i1     T09
     H396599 4C2015 01 21.61354 10 00 12.24 +01 32 14.0          22.6 i1     T09
     H396599 4C2015 01 21.61742 10 00 12.10 +01 32 14.1          22.5 i1     T09
     H396599 4C2015 01 21.62126 10 00 11.95 +01 32 14.3          22.5 i1     T09
     H396599 4C2015 01 21.63572 10 00 11.43 +01 32 14.9          23.0 i1     T09
     H396599 4C2015 01 21.63940 10 00 11.28 +01 32 14.8          23.1 i1     T09
     H396599 4C2015 01 21.66158 10 00 10.45 +01 32 15.4          22.7 i1     T09
     H378318*4C2015 01 20.39453 09 59 51.67 +01 27 23.5          24.8 g1     T09
     H378318 4C2015 01 20.40897 09 59 51.15 +01 27 26.3          24.7 g1     T09
     H378318 4C2015 01 20.44268 09 59 49.96 +01 27 33.0          24.1 g1     T09
     H378318 4C2015 01 20.45227 09 59 49.61 +01 27 34.9          24.4 g1     T09
     H378318 4C2015 01 20.45704 09 59 49.48 +01 27 35.6          24.4 g1     T09
     H378318 4C2015 01 20.46183 09 59 49.31 +01 27 36.6          24.3 g1     T09
     H378320*4C2015 01 20.39453 09 59 21.64 +01 28 25.9          25.8 g1     T09
     H378320 4C2015 01 20.39935 09 59 21.47 +01 28 26.4          25.5 g1     T09
     H378320 4C2015 01 20.40416 09 59 21.30 +01 28 26.9          25.7 g1     T09
     H378320 4C2015 01 20.40897 09 59 21.12 +01 28 27.2          26.4 g1     T09
     H378320 4C2015 01 20.41375 09 59 20.91 +01 28 27.7          25.6 g1     T09
     H378951 4C2015 01 19.43808 10 02 12.63 +01 34 11.8          23.9 z1     T09
     H378951 4C2015 01 19.44263 10 02 12.55 +01 34 11.8          24.2 z1     T09
     H378951 4C2015 01 19.44721 10 02 12.34 +01 34 12.5          23.9 z1     T09
     H378951 4C2015 01 19.45179 10 02 12.23 +01 34 13.1          23.7 z1     T09
     H378951 4C2015 01 19.45634 10 02 12.09 +01 34 13.3          24.0 z1     T09
     H378951*4C2015 01 20.44268 10 01 44.46 +01 35 55.6          24.2 g1     T09
     H378951 4C2015 01 20.44750 10 01 44.32 +01 35 56.0          24.4 g1     T09
     H378951 4C2015 01 20.45227 10 01 44.17 +01 35 56.6          24.3 g1     T09
     H378951 4C2015 01 20.46183 10 01 43.86 +01 35 57.6          24.7 g1     T09
     H378952*4C2015 01 20.39453 10 01 27.09 +01 36 25.2          25.6 g1     T09
     H378952 4C2015 01 20.44268 10 01 25.35 +01 36 29.9          25.7 g1     T09
     H378952 4C2015 01 20.44750 10 01 25.18 +01 36 30.3          25.8 g1     T09
     H378952 4C2015 01 20.45227 10 01 24.99 +01 36 30.8          25.5 g1     T09
     H378952 4C2015 01 20.45704 10 01 24.83 +01 36 31.2          26.1 g1     T09
     H378952 4C2015 01 20.46183 10 01 24.67 +01 36 31.6          26.3 g1     T09
     H382047*4C2015 01 20.44268 10 01 34.69 +01 26 27.7          25.1 g1     T09
     H382047 4C2015 01 20.44750 10 01 34.50 +01 26 28.3          25.0 g1     T09
     H382047 4C2015 01 20.45704 10 01 34.16 +01 26 29.1          24.8 g1     T09
     H382047 4C2015 01 20.46183 10 01 33.99 +01 26 29.4          24.9 g1     T09
     H382189*4C2015 01 20.44268 10 02 12.32 +01 30 37.3          25.4 g1     T09
     H382189 4C2015 01 20.44750 10 02 12.14 +01 30 39.3          25.4 g1     T09
     H382189 4C2015 01 20.45227 10 02 11.99 +01 30 39.8          25.1 g1     T09
     H382189 4C2015 01 20.45704 10 02 11.78 +01 30 42.2          24.9 g1     T09
     H382189 4C2015 01 20.46183 10 02 11.61 +01 30 43.2          25.2 g1     T09
     H382189*4C2015 01 21.58764 10 01 30.27 +01 36 47.4          23.9 i1     T09
     H382189 4C2015 01 21.59154 10 01 30.11 +01 36 48.7          24.0 i1     T09
     H382189 4C2015 01 21.60626 10 01 29.56 +01 36 53.4          24.3 i1     T09
     H382189 4C2015 01 21.61354 10 01 29.27 +01 36 56.0          24.2 i1     T09
     H382189 4C2015 01 21.61742 10 01 29.10 +01 36 57.3          24.3 i1     T09
     H382189 4C2015 01 21.63213 10 01 28.55 +01 37 01.9          24.1 i1     T09
     H382210*4C2015 01 20.39453 10 00 55.74 +01 31 40.6          23.6 g1     T09
     H382210 4C2015 01 20.41375 10 00 55.04 +01 31 41.0          23.9 g1     T09
     H382210 4C2015 01 20.44268 10 00 54.00 +01 31 41.7          23.3 g1     T09
     H382210 4C2015 01 20.44750 10 00 53.83 +01 31 41.9          23.3 g1     T09
     H382210 4C2015 01 20.45227 10 00 53.65 +01 31 42.0          23.1 g1     T09
     H382210 4C2015 01 20.45704 10 00 53.49 +01 31 42.0          23.3 g1     T09
     H382210 4C2015 01 20.46183 10 00 53.31 +01 31 42.2          23.4 g1     T09
     H382256*4C2015 01 21.60626 10 02 12.75 +01 34 40.0          23.2 i1     T09
     H382256 4C2015 01 21.61354 10 02 12.50 +01 34 39.6          23.2 i1     T09
     H382256 4C2015 01 21.61742 10 02 12.36 +01 34 39.4          23.2 i1     T09
     H382256 4C2015 01 21.63213 10 02 11.86 +01 34 38.5          23.3 i1     T09
     H382256 4C2015 01 21.65807 10 02 10.98 +01 34 37.1          23.2 i1     T09
     H382257*4C2015 01 21.57962 10 02 16.23 +01 33 18.8          24.2 i1     T09
     H382257 4C2015 01 21.60626 10 02 15.22 +01 33 21.8          25.0 i1     T09
     H382257 4C2015 01 21.61354 10 02 14.94 +01 33 22.6          24.7 i1     T09
     H382257 4C2015 01 21.61742 10 02 14.80 +01 33 23.2          24.7 i1     T09
     H382804*4C2015 01 20.39453 10 00 02.37 +01 34 55.5          25.8 g1     T09
     H382804 4C2015 01 20.39935 10 00 02.20 +01 34 55.7          25.3 g1     T09
     H382804 4C2015 01 20.40416 10 00 02.03 +01 34 55.3          25.4 g1     T09
     H382804 4C2015 01 20.40897 10 00 01.83 +01 34 55.5          26.1 g1     T09
     H382804 4C2015 01 20.41375 10 00 01.66 +01 34 55.2          25.8 g1     T09
     H382804 4C2015 01 20.44268 10 00 00.59 +01 34 54.3          25.5 g1     T09
     H382804 4C2015 01 20.44750 10 00 00.40 +01 34 54.5          25.9 g1     T09
     H382804 4C2015 01 20.45227 10 00 00.23 +01 34 54.2          26.3 g1     T09
     H382804 4C2015 01 20.45704 10 00 00.04 +01 34 54.2          25.8 g1     T09
     H382804 4C2015 01 20.46183 09 59 59.86 +01 34 53.8          25.8 g1     T09
     H382805*4C2015 01 20.44268 10 00 07.96 +01 35 12.0          26.7 g1     T09
     H382805 4C2015 01 20.44750 10 00 07.82 +01 35 11.6          26.5 g1     T09
     H382805 4C2015 01 20.45227 10 00 07.63 +01 35 11.5          26.1 g1     T09
     H382805 4C2015 01 20.46183 10 00 07.27 +01 35 10.6          26.4 g1     T09
     H382817*4C2015 01 21.57962 10 01 55.81 +01 30 13.7          22.4 i1     T09
     H382817 4C2015 01 21.59540 10 01 55.29 +01 30 19.7          22.5 i1     T09
     H382817 4C2015 01 21.60626 10 01 54.95 +01 30 23.6          22.4 i1     T09
     H382817 4C2015 01 21.61354 10 01 54.68 +01 30 26.7          22.6 i1     T09
     H382817 4C2015 01 21.61742 10 01 54.56 +01 30 28.2          22.5 i1     T09
     H382817 4C2015 01 21.62126 10 01 54.43 +01 30 29.6          22.3 i1     T09
     H382817 4C2015 01 21.63213 10 01 54.08 +01 30 33.8          22.5 i1     T09
     H382817 4C2015 01 21.63940 10 01 53.83 +01 30 36.8          22.8 i1     T09
     H382817 4C2015 01 21.65807 10 01 53.22 +01 30 43.8          22.5 i1     T09
     H382861*4C2015 01 20.39453 10 00 27.29 +01 28 10.7          26.3 g1     T09
     H382861 4C2015 01 20.39935 10 00 27.13 +01 28 10.9          26.3 g1     T09
     H382861 4C2015 01 20.40416 10 00 26.90 +01 28 11.2          26.6 g1     T09
     H382861 4C2015 01 20.40897 10 00 26.73 +01 28 11.1          26.6 g1     T09
     H382861 4C2015 01 20.44268 10 00 25.44 +01 28 12.6          26.4 g1     T09
     H382861 4C2015 01 20.44750 10 00 25.30 +01 28 12.6          26.1 g1     T09
     H382861 4C2015 01 20.45704 10 00 24.89 +01 28 13.1          26.2 g1     T09
     H382862*4C2015 01 20.44268 10 00 31.44 +01 25 38.0          26.2 g1     T09
     H382862 4C2015 01 20.44750 10 00 31.29 +01 25 38.9          25.9 g1     T09
     H382862 4C2015 01 20.45227 10 00 31.12 +01 25 38.9          25.7 g1     T09
     H382862 4C2015 01 20.45704 10 00 30.93 +01 25 39.4          25.7 g1     T09
     H382863*4C2015 01 20.39453 10 00 16.91 +01 28 09.9          26.4 g1     T09
     H382863 4C2015 01 20.39935 10 00 16.63 +01 28 08.9          26.7 g1     T09
     H382863 4C2015 01 20.40416 10 00 16.48 +01 28 08.2          25.9 g1     T09
     H382863 4C2015 01 20.45227 10 00 14.49 +01 28 02.8          26.1 g1     T09
     H382863 4C2015 01 20.45704 10 00 14.25 +01 28 02.5          26.2 g1     T09
     H382863 4C2015 01 20.46183 10 00 14.11 +01 28 02.0          26.4 g1     T09
     H382864*4C2015 01 20.39453 10 00 06.11 +01 29 05.8          26.0 g1     T09
     H382864 4C2015 01 20.39935 10 00 05.93 +01 29 05.6          26.2 g1     T09
     H382864 4C2015 01 20.40416 10 00 05.79 +01 29 05.5          25.7 g1     T09
     H382864 4C2015 01 20.40897 10 00 05.59 +01 29 05.3          25.6 g1     T09
     H382864 4C2015 01 20.41375 10 00 05.48 +01 29 05.5          25.5 g1     T09
     H382864 4C2015 01 20.44268 10 00 04.45 +01 29 04.4          25.8 g1     T09
     H382864 4C2015 01 20.45704 10 00 03.96 +01 29 04.1          25.5 g1     T09
     H386859*4C2015 01 20.39935 10 01 07.20 +01 36 04.9          25.8 g1     T09
     H386859 4C2015 01 20.40416 10 01 07.02 +01 36 05.4          26.4 g1     T09
     H386859 4C2015 01 20.44750 10 01 05.29 +01 36 05.3          25.9 g1     T09
     H386859 4C2015 01 20.45227 10 01 05.16 +01 36 05.3          26.1 g1     T09
     H386859 4C2015 01 20.45704 10 01 04.93 +01 36 05.1          26.2 g1     T09
     H386859 4C2015 01 20.46183 10 01 04.74 +01 36 05.3          26.2 g1     T09
     H387396 4C2015 01 21.61354 10 02 19.98 +01 33 38.2          24.2 i1     T09
     H387396 4C2015 01 21.63213 10 02 19.20 +01 33 37.4          24.3 i1     T09
     H387396 4C2015 01 21.65807 10 02 18.18 +01 33 36.3          24.1 i1     T09
     H387466*4C2015 01 20.44268 10 01 49.15 +01 34 36.2          25.7 g1     T09
     H387466 4C2015 01 20.44750 10 01 49.02 +01 34 38.7          25.7 g1     T09
     H387466 4C2015 01 20.45227 10 01 48.88 +01 34 40.6          26.0 g1     T09
     H387466 4C2015 01 20.45704 10 01 48.76 +01 34 42.8          25.9 g1     T09
     H387466 4C2015 01 20.46183 10 01 48.66 +01 34 44.8          25.5 g1     T09
     H388462*4C2015 01 20.39453 10 01 36.41 +01 36 06.5          24.5 g1     T09
     H388462 4C2015 01 20.44268 10 01 34.31 +01 36 59.4          24.7 g1     T09
     H388462 4C2015 01 20.44750 10 01 34.08 +01 37 04.9          24.7 g1     T09
     H388462 4C2015 01 20.45227 10 01 33.87 +01 37 10.2          24.7 g1     T09
     H388468*4C2015 01 20.44750 10 01 50.09 +01 36 02.4          26.1 g1     T09
     H388468 4C2015 01 20.45227 10 01 49.88 +01 36 02.2          25.8 g1     T09
     H388468 4C2015 01 20.45704 10 01 49.65 +01 36 02.5          25.3 g1     T09
     H390692 4C2015 01 19.44263 10 01 32.59 +01 25 32.8          24.3 z1     T09
     H390692 4C2015 01 19.44721 10 01 32.42 +01 25 32.8          23.6 z1     T09
     H390692 4C2015 01 19.45179 10 01 32.27 +01 25 32.8          24.0 z1     T09
     H390692 4C2015 01 19.45634 10 01 32.10 +01 25 33.2          23.7 z1     T09
     H390693*4C2015 01 19.43808 10 01 28.63 +01 31 23.2          22.8 z1     T09
     H390693 4C2015 01 19.44263 10 01 28.43 +01 31 23.1          22.7 z1     T09
     H390693 4C2015 01 19.45634 10 01 27.94 +01 31 23.4          23.0 z1     T09
     H390937*4C2015 01 19.43808 10 00 52.04 +01 30 53.9          20.0 z1     T09
     H390937 4C2015 01 19.44263 10 00 51.89 +01 30 54.3          20.0 z1     T09
     H390937 4C2015 01 19.44721 10 00 51.75 +01 30 54.7          20.1 z1     T09
     H390937 4C2015 01 19.45179 10 00 51.60 +01 30 55.0          20.0 z1     T09
     H390937 4C2015 01 19.45634 10 00 51.46 +01 30 55.4          20.1 z1     T09
     H392817*4C2015 01 21.55881 10 00 50.53 +01 32 03.9          22.6 i1     T09
     H392817 4C2015 01 21.56266 10 00 50.43 +01 32 05.8          22.6 i1     T09
     H392817 4C2015 01 21.56653 10 00 50.33 +01 32 07.5          22.6 i1     T09
     H392817 4C2015 01 21.57962 10 00 50.00 +01 32 13.5          22.5 i1     T09
     H392817 4C2015 01 21.60626 10 00 49.32 +01 32 25.8          22.5 i1     T09
     H392817 4C2015 01 21.61354 10 00 49.14 +01 32 29.2          22.6 i1     T09
     H392817 4C2015 01 21.61742 10 00 49.03 +01 32 31.1          22.7 i1     T09
     H392817 4C2015 01 21.62126 10 00 48.94 +01 32 32.7          22.5 i1     T09
     H392817 4C2015 01 21.63940 10 00 48.49 +01 32 41.3          22.7 i1     T09
     H392817 4C2015 01 21.65807 10 00 48.02 +01 32 49.7          23.0 i1     T09
     H392818*4C2015 01 21.59154 10 00 53.66 +01 28 17.1          24.7 i1     T09
     H392818 4C2015 01 21.59540 10 00 53.51 +01 28 17.6          24.8 i1     T09
     H392818 4C2015 01 21.61354 10 00 52.78 +01 28 19.5          24.2 i1     T09
     H396599*4C2015 01 21.55881 10 00 14.29 +01 32 12.3          22.7 i1     T09
     H396599 4C2015 01 21.56266 10 00 14.14 +01 32 12.4          22.6 i1     T09
     H396599 4C2015 01 21.56653 10 00 14.00 +01 32 12.5          22.6 i1     T09
     H396599 4C2015 01 21.57962 10 00 13.51 +01 32 12.9          22.7 i1     T09
     H396599 4C2015 01 21.58392 10 00 13.35 +01 32 13.1          22.7 i1     T09
     H396599 4C2015 01 21.59154 10 00 13.06 +01 32 13.3          22.7 i1     T09
     H396599 4C2015 01 21.59540 10 00 12.92 +01 32 13.4          22.7 i1     T09
     H396599 4C2015 01 21.60626 10 00 12.52 +01 32 13.8          22.5 i1     T09
     H396599 4C2015 01 21.60979 10 00 12.38 +01 32 13.9          22.4 i1     T09
     H396599 4C2015 01 21.61354 10 00 12.24 +01 32 14.0          22.6 i1     T09
     H396599 4C2015 01 21.61742 10 00 12.10 +01 32 14.1          22.5 i1     T09
     H396599 4C2015 01 21.62126 10 00 11.95 +01 32 14.3          22.5 i1     T09
     H396599 4C2015 01 21.63572 10 00 11.43 +01 32 14.9          23.0 i1     T09
     H396599 4C2015 01 21.63940 10 00 11.28 +01 32 14.8          23.1 i1     T09
     H396599 4C2015 01 21.66158 10 00 10.45 +01 32 15.4          22.7 i1     T09
     H378318*4C2015 01 20.39453 09 59 51.67 +01 27 23.5          24.8 g1     T09
     H378318 4C2015 01 20.40897 09 59 51.15 +01 27 26.3          24.7 g1     T09
     H378318 4C2015 01 20.44268 09 59 49.96 +01 27 33.0          24.1 g1     T09
     H378318 4C2015 01 20.45227 09 59 49.61 +01 27 34.9          24.4 g1     T09
     H378318 4C2015 01 20.45704 09 59 49.48 +01 27 35.6          24.4 g1     T09
     H378318 4C2015 01 20.46183 09 59 49.31 +01 27 36.6          24.3 g1     T09
     H378320*4C2015 01 20.39453 09 59 21.64 +01 28 25.9          25.8 g1     T09
     H378320 4C2015 01 20.39935 09 59 21.47 +01 28 26.4          25.5 g1     T09
     H378320 4C2015 01 20.40416 09 59 21.30 +01 28 26.9          25.7 g1     T09
     H378320 4C2015 01 20.40897 09 59 21.12 +01 28 27.2          26.4 g1     T09
     H378320 4C2015 01 20.41375 09 59 20.91 +01 28 27.7          25.6 g1     T09
     H378951 4C2015 01 19.43808 10 02 12.63 +01 34 11.8          23.9 z1     T09
     H378951 4C2015 01 19.44263 10 02 12.55 +01 34 11.8          24.2 z1     T09
     H378951 4C2015 01 19.44721 10 02 12.34 +01 34 12.5          23.9 z1     T09
     H378951 4C2015 01 19.45179 10 02 12.23 +01 34 13.1          23.7 z1     T09
     H378951 4C2015 01 19.45634 10 02 12.09 +01 34 13.3          24.0 z1     T09
     H378951*4C2015 01 20.44268 10 01 44.46 +01 35 55.6          24.2 g1     T09
     H378951 4C2015 01 20.44750 10 01 44.32 +01 35 56.0          24.4 g1     T09
     H378951 4C2015 01 20.45227 10 01 44.17 +01 35 56.6          24.3 g1     T09
     H378951 4C2015 01 20.46183 10 01 43.86 +01 35 57.6          24.7 g1     T09
     H378952*4C2015 01 20.39453 10 01 27.09 +01 36 25.2          25.6 g1     T09
     H378952 4C2015 01 20.44268 10 01 25.35 +01 36 29.9          25.7 g1     T09
     H378952 4C2015 01 20.44750 10 01 25.18 +01 36 30.3          25.8 g1     T09
     H378952 4C2015 01 20.45227 10 01 24.99 +01 36 30.8          25.5 g1     T09
     H378952 4C2015 01 20.45704 10 01 24.83 +01 36 31.2          26.1 g1     T09
     H378952 4C2015 01 20.46183 10 01 24.67 +01 36 31.6          26.3 g1     T09
     H382047*4C2015 01 20.44268 10 01 34.69 +01 26 27.7          25.1 g1     T09
     H382047 4C2015 01 20.44750 10 01 34.50 +01 26 28.3          25.0 g1     T09
     H382047 4C2015 01 20.45704 10 01 34.16 +01 26 29.1          24.8 g1     T09
     H382047 4C2015 01 20.46183 10 01 33.99 +01 26 29.4          24.9 g1     T09
     H382189*4C2015 01 20.44268 10 02 12.32 +01 30 37.3          25.4 g1     T09
     H382189 4C2015 01 20.44750 10 02 12.14 +01 30 39.3          25.4 g1     T09
     H382189 4C2015 01 20.45227 10 02 11.99 +01 30 39.8          25.1 g1     T09
     H382189 4C2015 01 20.45704 10 02 11.78 +01 30 42.2          24.9 g1     T09
     H382189 4C2015 01 20.46183 10 02 11.61 +01 30 43.2          25.2 g1     T09
     H382189*4C2015 01 21.58764 10 01 30.27 +01 36 47.4          23.9 i1     T09
     H382189 4C2015 01 21.59154 10 01 30.11 +01 36 48.7          24.0 i1     T09
     H382189 4C2015 01 21.60626 10 01 29.56 +01 36 53.4          24.3 i1     T09
     H382189 4C2015 01 21.61354 10 01 29.27 +01 36 56.0          24.2 i1     T09
     H382189 4C2015 01 21.61742 10 01 29.10 +01 36 57.3          24.3 i1     T09
     H382189 4C2015 01 21.63213 10 01 28.55 +01 37 01.9          24.1 i1     T09
     H382210*4C2015 01 20.39453 10 00 55.74 +01 31 40.6          23.6 g1     T09
     H382210 4C2015 01 20.41375 10 00 55.04 +01 31 41.0          23.9 g1     T09
     H382210 4C2015 01 20.44268 10 00 54.00 +01 31 41.7          23.3 g1     T09
     H382210 4C2015 01 20.44750 10 00 53.83 +01 31 41.9          23.3 g1     T09
     H382210 4C2015 01 20.45227 10 00 53.65 +01 31 42.0          23.1 g1     T09
     H382210 4C2015 01 20.45704 10 00 53.49 +01 31 42.0          23.3 g1     T09
     H382210 4C2015 01 20.46183 10 00 53.31 +01 31 42.2          23.4 g1     T09
     H382256*4C2015 01 21.60626 10 02 12.75 +01 34 40.0          23.2 i1     T09
     H382256 4C2015 01 21.61354 10 02 12.50 +01 34 39.6          23.2 i1     T09
     H382256 4C2015 01 21.61742 10 02 12.36 +01 34 39.4          23.2 i1     T09
     H382256 4C2015 01 21.63213 10 02 11.86 +01 34 38.5          23.3 i1     T09
     H382256 4C2015 01 21.65807 10 02 10.98 +01 34 37.1          23.2 i1     T09
     H382257*4C2015 01 21.57962 10 02 16.23 +01 33 18.8          24.2 i1     T09
     H382257 4C2015 01 21.60626 10 02 15.22 +01 33 21.8          25.0 i1     T09
     H382257 4C2015 01 21.61354 10 02 14.94 +01 33 22.6          24.7 i1     T09
     H382257 4C2015 01 21.61742 10 02 14.80 +01 33 23.2          24.7 i1     T09
     H382804*4C2015 01 20.39453 10 00 02.37 +01 34 55.5          25.8 g1     T09
     H382804 4C2015 01 20.39935 10 00 02.20 +01 34 55.7          25.3 g1     T09
     H382804 4C2015 01 20.40416 10 00 02.03 +01 34 55.3          25.4 g1     T09
     H382804 4C2015 01 20.40897 10 00 01.83 +01 34 55.5          26.1 g1     T09
     H382804 4C2015 01 20.41375 10 00 01.66 +01 34 55.2          25.8 g1     T09
     H382804 4C2015 01 20.44268 10 00 00.59 +01 34 54.3          25.5 g1     T09
     H382804 4C2015 01 20.44750 10 00 00.40 +01 34 54.5          25.9 g1     T09
     H382804 4C2015 01 20.45227 10 00 00.23 +01 34 54.2          26.3 g1     T09
     H382804 4C2015 01 20.45704 10 00 00.04 +01 34 54.2          25.8 g1     T09
     H382804 4C2015 01 20.46183 09 59 59.86 +01 34 53.8          25.8 g1     T09
     H382805*4C2015 01 20.44268 10 00 07.96 +01 35 12.0          26.7 g1     T09
     H382805 4C2015 01 20.44750 10 00 07.82 +01 35 11.6          26.5 g1     T09
     H382805 4C2015 01 20.45227 10 00 07.63 +01 35 11.5          26.1 g1     T09
     H382805 4C2015 01 20.46183 10 00 07.27 +01 35 10.6          26.4 g1     T09
     H382817*4C2015 01 21.57962 10 01 55.81 +01 30 13.7          22.4 i1     T09
     H382817 4C2015 01 21.59540 10 01 55.29 +01 30 19.7          22.5 i1     T09
     H382817 4C2015 01 21.60626 10 01 54.95 +01 30 23.6          22.4 i1     T09
     H382817 4C2015 01 21.61354 10 01 54.68 +01 30 26.7          22.6 i1     T09
     H382817 4C2015 01 21.61742 10 01 54.56 +01 30 28.2          22.5 i1     T09
     H382817 4C2015 01 21.62126 10 01 54.43 +01 30 29.6          22.3 i1     T09
     H382817 4C2015 01 21.63213 10 01 54.08 +01 30 33.8          22.5 i1     T09
     H382817 4C2015 01 21.63940 10 01 53.83 +01 30 36.8          22.8 i1     T09
     H382817 4C2015 01 21.65807 10 01 53.22 +01 30 43.8          22.5 i1     T09
     H382861*4C2015 01 20.39453 10 00 27.29 +01 28 10.7          26.3 g1     T09
     H382861 4C2015 01 20.39935 10 00 27.13 +01 28 10.9          26.3 g1     T09
     H382861 4C2015 01 20.40416 10 00 26.90 +01 28 11.2          26.6 g1     T09
     H382861 4C2015 01 20.40897 10 00 26.73 +01 28 11.1          26.6 g1     T09
     H382861 4C2015 01 20.44268 10 00 25.44 +01 28 12.6          26.4 g1     T09
     H382861 4C2015 01 20.44750 10 00 25.30 +01 28 12.6          26.1 g1     T09
     H382861 4C2015 01 20.45704 10 00 24.89 +01 28 13.1          26.2 g1     T09
     H382862*4C2015 01 20.44268 10 00 31.44 +01 25 38.0          26.2 g1     T09
     H382862 4C2015 01 20.44750 10 00 31.29 +01 25 38.9          25.9 g1     T09
     H382862 4C2015 01 20.45227 10 00 31.12 +01 25 38.9          25.7 g1     T09
     H382862 4C2015 01 20.45704 10 00 30.93 +01 25 39.4          25.7 g1     T09
     H382863*4C2015 01 20.39453 10 00 16.91 +01 28 09.9          26.4 g1     T09
     H382863 4C2015 01 20.39935 10 00 16.63 +01 28 08.9          26.7 g1     T09
     H382863 4C2015 01 20.40416 10 00 16.48 +01 28 08.2          25.9 g1     T09
     H382863 4C2015 01 20.45227 10 00 14.49 +01 28 02.8          26.1 g1     T09
     H382863 4C2015 01 20.45704 10 00 14.25 +01 28 02.5          26.2 g1     T09
     H382863 4C2015 01 20.46183 10 00 14.11 +01 28 02.0          26.4 g1     T09
     H382864*4C2015 01 20.39453 10 00 06.11 +01 29 05.8          26.0 g1     T09
     H382864 4C2015 01 20.39935 10 00 05.93 +01 29 05.6          26.2 g1     T09
     H382864 4C2015 01 20.40416 10 00 05.79 +01 29 05.5          25.7 g1     T09
     H382864 4C2015 01 20.40897 10 00 05.59 +01 29 05.3          25.6 g1     T09
     H382864 4C2015 01 20.41375 10 00 05.48 +01 29 05.5          25.5 g1     T09
     H382864 4C2015 01 20.44268 10 00 04.45 +01 29 04.4          25.8 g1     T09
     H382864 4C2015 01 20.45704 10 00 03.96 +01 29 04.1          25.5 g1     T09
     H386859*4C2015 01 20.39935 10 01 07.20 +01 36 04.9          25.8 g1     T09
     H386859 4C2015 01 20.40416 10 01 07.02 +01 36 05.4          26.4 g1     T09
     H386859 4C2015 01 20.44750 10 01 05.29 +01 36 05.3          25.9 g1     T09
     H386859 4C2015 01 20.45227 10 01 05.16 +01 36 05.3          26.1 g1     T09
     H386859 4C2015 01 20.45704 10 01 04.93 +01 36 05.1          26.2 g1     T09
     H386859 4C2015 01 20.46183 10 01 04.74 +01 36 05.3          26.2 g1     T09
     H387396 4C2015 01 21.61354 10 02 19.98 +01 33 38.2          24.2 i1     T09
     H387396 4C2015 01 21.63213 10 02 19.20 +01 33 37.4          24.3 i1     T09
     H387396 4C2015 01 21.65807 10 02 18.18 +01 33 36.3          24.1 i1     T09
     H387466*4C2015 01 20.44268 10 01 49.15 +01 34 36.2          25.7 g1     T09
     H387466 4C2015 01 20.44750 10 01 49.02 +01 34 38.7          25.7 g1     T09
     H387466 4C2015 01 20.45227 10 01 48.88 +01 34 40.6          26.0 g1     T09
     H387466 4C2015 01 20.45704 10 01 48.76 +01 34 42.8          25.9 g1     T09
     H387466 4C2015 01 20.46183 10 01 48.66 +01 34 44.8          25.5 g1     T09
     H388462*4C2015 01 20.39453 10 01 36.41 +01 36 06.5          24.5 g1     T09
     H388462 4C2015 01 20.44268 10 01 34.31 +01 36 59.4          24.7 g1     T09
     H388462 4C2015 01 20.44750 10 01 34.08 +01 37 04.9          24.7 g1     T09
     H388462 4C2015 01 20.45227 10 01 33.87 +01 37 10.2          24.7 g1     T09
     H388462 4C2015 01 20.45704 10 01 33.67 +01 37 15.3          24.5 g1     T09
     H388468*4C2015 01 20.44750 10 01 50.09 +01 36 02.4          26.1 g1     T09
     H388468 4C2015 01 20.45227 10 01 49.88 +01 36 02.2          25.8 g1     T09
     H388468 4C2015 01 20.45704 10 01 49.65 +01 36 02.5          25.3 g1     T09
     H390692 4C2015 01 19.44263 10 01 32.59 +01 25 32.8          24.3 z1     T09
     H390692 4C2015 01 19.44721 10 01 32.42 +01 25 32.8          23.6 z1     T09
     H390692 4C2015 01 19.45179 10 01 32.27 +01 25 32.8          24.0 z1     T09
     H390692 4C2015 01 19.45634 10 01 32.10 +01 25 33.2          23.7 z1     T09
     H390693*4C2015 01 19.43808 10 01 28.63 +01 31 23.2          22.8 z1     T09
     H390693 4C2015 01 19.44263 10 01 28.43 +01 31 23.1          22.7 z1     T09
     H390693 4C2015 01 19.45634 10 01 27.94 +01 31 23.4          23.0 z1     T09
     H390937*4C2015 01 19.43808 10 00 52.04 +01 30 53.9          20.0 z1     T09
     H390937 4C2015 01 19.44263 10 00 51.89 +01 30 54.3          20.0 z1     T09
     H390937 4C2015 01 19.44721 10 00 51.75 +01 30 54.7          20.1 z1     T09
     H390937 4C2015 01 19.45179 10 00 51.60 +01 30 55.0          20.0 z1     T09
     H390937 4C2015 01 19.45634 10 00 51.46 +01 30 55.4          20.1 z1     T09
     H392817*4C2015 01 21.55881 10 00 50.53 +01 32 03.9          22.6 i1     T09
     H392817 4C2015 01 21.56266 10 00 50.43 +01 32 05.8          22.6 i1     T09
     H392817 4C2015 01 21.56653 10 00 50.33 +01 32 07.5          22.6 i1     T09
     H392817 4C2015 01 21.57962 10 00 50.00 +01 32 13.5          22.5 i1     T09
     H392817 4C2015 01 21.60626 10 00 49.32 +01 32 25.8          22.5 i1     T09
     H392817 4C2015 01 21.61354 10 00 49.14 +01 32 29.2          22.6 i1     T09
     H392817 4C2015 01 21.61742 10 00 49.03 +01 32 31.1          22.7 i1     T09
     H392817 4C2015 01 21.62126 10 00 48.94 +01 32 32.7          22.5 i1     T09
     H392817 4C2015 01 21.63940 10 00 48.49 +01 32 41.3          22.7 i1     T09
     H392817 4C2015 01 21.65807 10 00 48.02 +01 32 49.7          23.0 i1     T09
     H392818*4C2015 01 21.59154 10 00 53.66 +01 28 17.1          24.7 i1     T09
     H392818 4C2015 01 21.59540 10 00 53.51 +01 28 17.6          24.8 i1     T09
     H392818 4C2015 01 21.61354 10 00 52.78 +01 28 19.5          24.2 i1     T09
     H396599*4C2015 01 21.55881 10 00 14.29 +01 32 12.3          22.7 i1     T09
     H396599 4C2015 01 21.56266 10 00 14.14 +01 32 12.4          22.6 i1     T09
     H396599 4C2015 01 21.56653 10 00 14.00 +01 32 12.5          22.6 i1     T09
     H396599 4C2015 01 21.57962 10 00 13.51 +01 32 12.9          22.7 i1     T09
     H396599 4C2015 01 21.58392 10 00 13.35 +01 32 13.1          22.7 i1     T09
     H396599 4C2015 01 21.59154 10 00 13.06 +01 32 13.3          22.7 i1     T09
     H396599 4C2015 01 21.59540 10 00 12.92 +01 32 13.4          22.7 i1     T09
     H396599 4C2015 01 21.60626 10 00 12.52 +01 32 13.8          22.5 i1     T09
     H396599 4C2015 01 21.60979 10 00 12.38 +01 32 13.9          22.4 i1     T09
     H396599 4C2015 01 21.61354 10 00 12.24 +01 32 14.0          22.6 i1     T09
     H396599 4C2015 01 21.61742 10 00 12.10 +01 32 14.1          22.5 i1     T09
     H396599 4C2015 01 21.62126 10 00 11.95 +01 32 14.3          22.5 i1     T09
     H396599 4C2015 01 21.63572 10 00 11.43 +01 32 14.9          23.0 i1     T09
     H396599 4C2015 01 21.63940 10 00 11.28 +01 32 14.8          23.1 i1     T09
     H396599 4C2015 01 21.66158 10 00 10.45 +01 32 15.4          22.7 i1     T09
