     H382704*4C2015 03 18.50772 12 05 28.94 +00 59 47.0          24.8 r1     T09
     H382704 4C2015 03 18.52074 12 05 28.90 +00 59 47.3          24.8 r1     T09
     H382704 4C2015 03 18.55140 12 05 28.76 +00 59 48.3          24.7 r1     T09
     H382704 4C2015 03 18.57737 12 05 28.65 +00 59 49.0          24.7 r1     T09
     H382704*4C2015 03 20.44069 12 05 20.59 +01 00 41.1          24.3 i1     T09
     H382704 4C2015 03 20.44426 12 05 20.60 +01 00 41.1          24.4 i1     T09
     H382704 4C2015 03 20.47725 12 05 20.43 +01 00 42.4          24.5 i1     T09
     H382704 4C2015 03 20.49965 12 05 20.34 +01 00 42.8          24.2 i1     T09
     H382704 4C2015 03 20.55748 12 05 20.07 +01 00 44.6          24.1 i1     T09
     H382704*4C2015 03 25.46918 12 04 58.82 +01 03 01.9          25.8 g1     T09
     H382704 4C2015 03 25.52811 12 04 58.55 +01 03 03.6          25.5 g1     T09
     H382704 4C2015 03 25.55400 12 04 58.43 +01 03 04.3          25.5 g1     T09


     H381971 4C2015 03 29.35897 12 05 39.19 +00 48 18.0          22.4 y1     T09
     H382097 4C2015 03 25.55400 12 04 24.31 +00 52 22.9          25.3 g1     T09
     H382097*4C2015 03 29.29637 12 04 10.09 +00 53 55.2          24.2 y1     T09
     H382097 4C2015 03 29.32352 12 04 09.98 +00 53 55.9          23.9 y1     T09
     H382138 4C2015 03 25.55400 12 04 30.65 +00 54 58.3          24.9 g1     T09
     H382142 4C2015 03 25.55400 12 04 23.85 +00 59 22.4          24.9 g1     T09
     H382144 4C2015 03 25.55400 12 04 04.81 +00 57 07.7          24.8 g1     T09
     H382170 4C2015 03 25.55400 12 03 41.21 +00 52 34.0          22.4 g1     T09
     H382171 4C2015 03 25.55400 12 03 44.01 +00 54 00.3          24.0 g1     T09
     H382172 4C2015 03 25.55400 12 03 55.79 +00 55 06.9          23.3 g1     T09
     H382174 4C2015 03 25.55400 12 03 57.91 +01 00 02.0          24.9 g1     T09
     H382176 4C2015 03 25.55400 12 03 48.58 +00 52 16.0          23.1 g1     T09
     H382704 4C2015 03 25.55400 12 04 58.43 +01 03 04.3          25.5 g1     T09
     H382788 4C2015 03 25.55400 12 04 56.93 +01 06 51.3          24.6 g1     T09
     H382799*4C2015 03 29.26281 12 04 45.73 +01 01 30.1          22.5 y1     T09
     H382799 4C2015 03 29.28273 12 04 44.76 +01 01 38.6          22.3 y1     T09
     H382799 4C2015 03 29.32352 12 04 42.69 +01 01 57.1          22.4 y1     T09
     H382799 4C2015 03 29.35897 12 04 40.88 +01 02 12.9          22.5 y1     T09
     H382800*4C2015 03 29.26281 12 04 46.22 +01 02 17.5          21.7 y1     T09
     H382800 4C2015 03 29.28273 12 04 45.12 +01 02 24.1          21.7 y1     T09
     H382800 4C2015 03 29.29637 12 04 44.37 +01 02 28.5          21.7 y1     T09
     H382800 4C2015 03 29.32352 12 04 42.86 +01 02 37.2          21.7 y1     T09
     H382800 4C2015 03 29.35897 12 04 40.89 +01 02 48.7          21.6 y1     T09
     H382890 4C2015 03 25.55400 12 05 36.87 +00 53 11.3          23.2 g1     T09
     H382892 4C2015 03 25.55400 12 05 38.32 +01 01 05.9          24.3 g1     T09
     H382893 4C2015 03 25.55400 12 05 41.17 +00 56 13.8          23.7 g1     T09
     H382902*4C2015 03 29.30452 12 05 54.85 +00 56 08.8          22.0 y1     T09
     H382902 4C2015 03 29.34265 12 05 53.00 +00 56 17.7          22.7 y1     T09
     H382902 4C2015 03 29.35897 12 05 52.20 +00 56 21.4          22.8 y1     T09
     H384925 4C2015 03 25.55400 12 05 26.87 +00 48 59.3          24.7 g1     T09
     H384926 4C2015 03 25.55400 12 05 29.40 +00 49 53.8          23.9 g1     T09
     H384939 4C2015 03 25.55400 12 04 37.71 +00 48 38.8          21.9 g1     T09
     H384942*4C2015 03 29.28273 12 04 37.67 +00 46 04.0          21.6 y1     T09
     H384942 4C2015 03 29.29637 12 04 37.02 +00 46 10.6          21.6 y1     T09
     H384942 4C2015 03 29.32352 12 04 35.72 +00 46 22.9          21.8 y1     T09
     H384942 4C2015 03 29.34265 12 04 34.79 +00 46 31.7          21.7 y1     T09
     H384942 4C2015 03 29.35897 12 04 34.00 +00 46 39.3          22.0 y1     T09
     H385127 4C2015 03 25.55400 12 05 04.76 +00 55 20.2          24.8 g1     T09
     H385129 4C2015 03 25.55400 12 05 12.63 +00 56 13.2          24.9 g1     T09
     H385132 4C2015 03 25.55400 12 05 26.62 +00 52 25.2          24.7 g1     T09
     H385149*4C2015 03 29.26281 12 04 53.58 +00 52 07.8          21.8 y1     T09
     H385149 4C2015 03 29.29637 12 04 52.08 +00 52 18.3          22.4 y1     T09
     H385149 4C2015 03 29.32352 12 04 50.86 +00 52 26.8          22.3 y1     T09
     H385149 4C2015 03 29.35897 12 04 49.27 +00 52 37.8          22.5 y1     T09
     H385150*4C2015 03 29.29637 12 05 10.05 +01 00 04.2          22.0 y1     T09
     H385150 4C2015 03 29.32352 12 05 08.54 +01 00 14.1          22.0 y1     T09
     H385150 4C2015 03 29.34265 12 05 07.49 +01 00 20.9          22.0 y1     T09
     H385150 4C2015 03 29.35897 12 05 06.59 +01 00 26.9          21.9 y1     T09
     H385841*4C2015 03 29.26281 12 03 45.49 +00 58 24.6          22.3 y1     T09
     H385841 4C2015 03 29.29637 12 03 44.00 +00 58 39.0          21.7 y1     T09
     H385841 4C2015 03 29.30183 12 03 43.77 +00 58 41.4          22.3 y1     T09
     H385841 4C2015 03 29.32352 12 03 42.82 +00 58 50.5          22.3 y1     T09
     H385841 4C2015 03 29.35897 12 03 41.24 +00 59 05.7          22.0 y1     T09
     H388161*4C2015 03 29.26281 12 04 57.61 +01 12 10.5          21.3 y1     T09
     H388161 4C2015 03 29.26630 12 04 57.40 +01 12 11.5          21.4 y1     T09
     H388161 4C2015 03 29.28273 12 04 56.40 +01 12 15.9          21.6 y1     T09
     H388161 4C2015 03 29.30452 12 04 55.09 +01 12 21.8          21.3 y1     T09
     H388161 4C2015 03 29.35897 12 04 51.75 +01 12 36.6          21.5 y1     T09
     H388173 4C2015 03 25.55400 12 04 43.58 +01 03 47.2          23.2 g1     T09
     H388174 4C2015 03 25.55400 12 04 28.29 +01 05 45.3          24.3 g1     T09
     H388176 4C2015 03 25.55400 12 04 09.91 +01 06 56.5          22.1 g1     T09
     H388177 4C2015 03 25.55400 12 04 25.66 +01 07 16.0          24.9 g1     T09
     H388222 4C2015 03 25.55400 12 03 56.70 +01 03 23.9          24.1 g1     T09
     H388223 4C2015 03 25.55400 12 03 51.67 +01 07 42.6          24.0 g1     T09
     H388224 4C2015 03 25.55400 12 03 35.23 +01 09 02.9          21.9 g1     T09
     H388227 4C2015 03 25.55400 12 03 42.38 +01 08 02.8          24.1 g1     T09
     H388421*4C2015 03 29.26630 12 05 14.41 +01 16 25.1          21.1 y1     T09
     H388421 4C2015 03 29.30452 12 05 11.53 +01 16 17.8          20.4 y1     T09
     H388421 4C2015 03 29.32352 12 05 10.03 +01 16 13.9          20.8 y1     T09
     H390175 4C2015 03 25.55400 12 05 36.87 +00 55 33.5          25.7 g1     T09
     H382799*4C2015 03 29.26281 12 04 45.73 +01 01 30.1          22.5 y1     T09
     H382799 4C2015 03 29.28273 12 04 44.76 +01 01 38.6          22.3 y1     T09
     H382799 4C2015 03 29.32352 12 04 42.69 +01 01 57.1          22.4 y1     T09
     H382799 4C2015 03 29.35897 12 04 40.88 +01 02 12.9          22.5 y1     T09
     H382800*4C2015 03 29.26281 12 04 46.22 +01 02 17.5          21.7 y1     T09
     H382800 4C2015 03 29.28273 12 04 45.12 +01 02 24.1          21.7 y1     T09
     H382800 4C2015 03 29.29637 12 04 44.37 +01 02 28.5          21.7 y1     T09
     H382800 4C2015 03 29.32352 12 04 42.86 +01 02 37.2          21.7 y1     T09
     H382800 4C2015 03 29.35897 12 04 40.89 +01 02 48.7          21.6 y1     T09
     H385150*4C2015 03 29.29637 12 05 10.05 +01 00 04.2          22.0 y1     T09
     H385150 4C2015 03 29.32352 12 05 08.54 +01 00 14.1          22.0 y1     T09
     H385150 4C2015 03 29.34265 12 05 07.49 +01 00 20.9          22.0 y1     T09
     H385150 4C2015 03 29.35897 12 05 06.59 +01 00 26.9          21.9 y1     T09
     H382799*4C2015 03 29.26281 12 04 45.73 +01 01 30.1          22.5 y1     T09
     H382799 4C2015 03 29.28273 12 04 44.76 +01 01 38.6          22.3 y1     T09
     H382799 4C2015 03 29.32352 12 04 42.69 +01 01 57.1          22.4 y1     T09
     H382799 4C2015 03 29.35897 12 04 40.88 +01 02 12.9          22.5 y1     T09
     H382800*4C2015 03 29.26281 12 04 46.22 +01 02 17.5          21.7 y1     T09
     H382800 4C2015 03 29.28273 12 04 45.12 +01 02 24.1          21.7 y1     T09
     H382800 4C2015 03 29.29637 12 04 44.37 +01 02 28.5          21.7 y1     T09
     H382800 4C2015 03 29.32352 12 04 42.86 +01 02 37.2          21.7 y1     T09
     H382800 4C2015 03 29.35897 12 04 40.89 +01 02 48.7          21.6 y1     T09
     H385150*4C2015 03 29.29637 12 05 10.05 +01 00 04.2          22.0 y1     T09
     H385150 4C2015 03 29.32352 12 05 08.54 +01 00 14.1          22.0 y1     T09
     H385150 4C2015 03 29.34265 12 05 07.49 +01 00 20.9          22.0 y1     T09
     H385150 4C2015 03 29.35897 12 05 06.59 +01 00 26.9          21.9 y1     T09
