     HkKv1Ol !C2019 04 06.00445 10 03 35.60 -26 29 36.7          23.3 g      W84
     HkKv1Ol !C2019 04 06.00768 10 03 35.56 -26 29 35.5                      W84
     HkKv1Ol !C2019 04 06.01090 10 03 35.51 -26 29 34.5                      W84
     HkKv1Ol !C2019 04 07.00034 10 03 20.21 -26 23 58.8                      W84
     HkKv1Ol !C2019 04 07.00356 10 03 20.15 -26 23 57.5                      W84
     HkKv1Ol !C2019 04 07.00679 10 03 20.10 -26 23 56.4                      W84
     HkKv1Ol !C2019 04 08.00554 10 03 05.39 -26 18 15.6                      W84
     HkKv1Ol !C2019 04 08.00877 10 03 05.33 -26 18 14.5                      W84
     HkKv1Ol !C2019 04 08.01200 10 03 05.29 -26 18 13.4                      W84


     HkKv1Ol !C2019 04 08.01200 10 03 05.29 -26 18 13.4                      W84
