     HtxL1Jf !C2019 08 05.98548 19 37 38.79 -30 59 22.7          21.9 r      W84
     HtxL1Jf !C2019 08 06.00006 19 37 38.14 -30 59 25.4                      W84
     HtxL1Jf !C2019 08 06.01463 19 37 37.47 -30 59 28.1                      W84
     HtxL1Jf !C2019 08 06.02919 19 37 36.84 -30 59 30.8                      W84
     HtxL1Jf !C2019 08 06.99165 19 36 55.22 -31 02 19.1                      W84
     HtxL1Jf !C2019 08 07.02083 19 36 53.92 -31 02 24.4                      W84


     HtxL1Jf !C2019 08 07.02083 19 36 53.92 -31 02 24.4                      W84
     HtxL1Jz !C2019 08 07.02083 19 37 15.02 -30 50 38.1                      W84
