     H385554*4C2015 03 18.48012 11 54 59.65 +00 25 06.6          24.4 r1     T09
     H385554 4C2015 03 18.51214 11 54 59.51 +00 25 07.6          24.3 r1     T09
     H385554 4C2015 03 18.54702 11 54 59.38 +00 25 08.3          24.2 r1     T09
     H385554 4C2015 03 18.57308 11 54 59.27 +00 25 09.0          24.1 r1     T09
     H385554*4C2015 03 20.42657 11 54 51.82 +00 25 57.2          23.8 i1     T09
     H385554 4C2015 03 20.46619 11 54 51.65 +00 25 58.2          24.0 i1     T09
     H385554 4C2015 03 20.55195 11 54 51.30 +00 26 00.4          23.9 i1     T09
     H385554*4C2015 03 25.45755 11 54 31.58 +00 28 07.4          25.0 g1     T09
     H385554 4C2015 03 25.48926 11 54 31.45 +00 28 08.4          25.2 g1     T09
     H385554 4C2015 03 25.52385 11 54 31.31 +00 28 09.0          25.2 g1     T09
     H385554 4C2015 03 25.54970 11 54 31.20 +00 28 09.7          25.3 g1     T09
     H385554*4C2015 03 29.38231 11 54 15.93 +00 29 48.1          24.3 y1     T09
     H385554 4C2015 03 29.38505 11 54 15.92 +00 29 48.1          23.6 y1     T09
     H385554 4C2015 03 29.41824 11 54 15.79 +00 29 49.3          23.7 y1     T09
     H385554 4C2015 03 29.42099 11 54 15.80 +00 29 49.1          23.6 y1     T09


     H385554 4C2015 03 29.42099 11 54 15.80 +00 29 49.1          23.6 y1     T09
     H385699 4C2015 03 29.42099 11 55 16.52 +00 38 53.7          22.2 y1     T09
     H391924 4C2015 03 29.42099 11 53 49.61 +00 20 47.7          23.3 y1     T09
     H391928 4C2015 03 29.42099 11 53 20.82 +00 20 27.4          22.6 y1     T09
     H391929 4C2015 03 29.42099 11 53 11.23 +00 24 58.2          23.0 y1     T09
     H391930 4C2015 03 29.42099 11 53 22.44 +00 25 52.0          22.3 y1     T09
     H391931 4C2015 03 29.42099 11 53 12.36 +00 24 26.8          22.8 y1     T09
