     H382493*4C2015 03 18.49189 12 03 27.34 +00 57 34.5          23.6 r1     T09
     H382493 4C2015 03 18.52074 12 03 27.21 +00 57 35.5          23.6 r1     T09
     H382493 4C2015 03 18.55140 12 03 27.05 +00 57 36.5          23.6 r1     T09
     H382493 4C2015 03 18.57737 12 03 26.94 +00 57 37.5          23.9 r1     T09
     H382493*4C2015 03 20.44069 12 03 18.18 +00 58 36.6          23.3 i1     T09
     H382493 4C2015 03 20.47725 12 03 18.01 +00 58 38.0          23.2 i1     T09
     H382493 4C2015 03 20.49965 12 03 17.91 +00 58 38.6          22.9 i1     T09
     H382493 4C2015 03 20.51900 12 03 17.82 +00 58 39.3          22.9 i1     T09
     H382493 4C2015 03 20.55748 12 03 17.64 +00 58 40.3          22.9 i1     T09
     H382493*4C2015 03 25.46918 12 02 54.57 +01 01 16.6          24.5 g1     T09
     H382493 4C2015 03 25.49781 12 02 54.43 +01 01 17.4          24.5 g1     T09
     H382493 4C2015 03 25.52597 12 02 54.30 +01 01 18.2          24.3 g1     T09
     H382493 4C2015 03 25.52811 12 02 54.30 +01 01 18.2          24.4 g1     T09
     H382493 4C2015 03 25.55400 12 02 54.17 +01 01 19.2          24.7 g1     T09
     H382493*4C2015 03 29.26281 12 02 36.87 +01 03 15.8          23.4 y1     T09
     H382493 4C2015 03 29.28273 12 02 36.78 +01 03 16.5          22.7 y1     T09
     H382493 4C2015 03 29.30183 12 02 36.69 +01 03 17.0          23.1 y1     T09
     H382493 4C2015 03 29.35897 12 02 36.40 +01 03 18.9          23.4 y1     T09


     H381574 4C2015 03 29.35897 12 01 37.48 +00 49 45.0          23.4 y1     T09
     H381574 4C2015 03 29.42373 12 01 37.19 +00 49 47.0          23.4 y1     T09
     H382493 4C2015 03 29.35897 12 02 36.40 +01 03 18.9          23.4 y1     T09
     H385841 4C2015 03 29.35897 12 03 41.24 +00 59 05.7          22.0 y1     T09
     H385846 4C2015 03 29.35897 12 03 00.32 +00 50 43.7          22.2 y1     T09
     H385900 4C2015 03 29.35897 12 01 36.37 +00 53 12.7          22.3 y1     T09
     H385900 4C2015 03 29.41284 12 01 33.79 +00 53 21.3          22.2 y1     T09
     H388323 4C2015 03 29.41284 12 01 15.79 +01 01 44.1          22.3 y1     T09
     H393963 4C2015 03 29.41284 12 01 55.95 +01 22 24.2          22.5 y1     T09
