     H385639*4C2015 03 18.57308 11 56 15.39 +00 36 50.9          24.8 r1     T09
     H385639 4C2015 03 18.57522 11 56 15.38 +00 36 50.9          25.3 r1     T09
     H385639*4C2015 03 20.43719 11 56 05.07 +00 37 50.7          24.3 i1     T09
     H385639 4C2015 03 20.46619 11 56 04.89 +00 37 51.9          24.7 i1     T09
     H385639 4C2015 03 20.50521 11 56 04.69 +00 37 53.1          24.4 i1     T09
     H385639 4C2015 03 20.54104 11 56 04.49 +00 37 54.1          24.6 i1     T09
     H385639 4C2015 03 20.55195 11 56 04.42 +00 37 54.4          24.5 i1     T09
     H385639*4C2015 03 25.46627 11 55 37.25 +00 40 31.6          25.4 g1     T09
     H385639 4C2015 03 25.48926 11 55 37.11 +00 40 32.6          25.6 g1     T09
     H385639 4C2015 03 25.52385 11 55 36.91 +00 40 33.7          25.1 g1     T09
     H385639 4C2015 03 25.55185 11 55 36.76 +00 40 34.3          25.5 g1     T09
     H385639*4C2015 03 29.41014 11 55 15.63 +00 42 36.6          23.9 y1     T09
     H385639 4C2015 03 29.41824 11 55 15.59 +00 42 36.9          24.3 y1     T09
     H385639 4C2015 03 29.42099 11 55 15.55 +00 42 36.9          24.8 y1     T09


     H385554 4C2015 03 29.42099 11 54 15.80 +00 29 49.1          23.6 y1     T09
     H385639 4C2015 03 29.42099 11 55 15.55 +00 42 36.9          24.8 y1     T09
     H385695 4C2015 03 29.42099 11 55 45.21 +00 48 27.1          22.8 y1     T09
     H385699 4C2015 03 29.42099 11 55 16.52 +00 38 53.7          22.2 y1     T09
     H385700 4C2015 03 29.42099 11 55 55.10 +00 40 17.2          22.8 y1     T09
     H385701 4C2015 03 29.42099 11 55 26.32 +00 44 01.7          22.9 y1     T09
     H385819 4C2015 03 29.42099 11 56 09.25 +00 51 08.4          22.8 y1     T09
     H391924 4C2015 03 29.42099 11 53 49.61 +00 20 47.7          23.3 y1     T09
