     HtxK1O1 !C2019 08 05.97821 19 40 09.86 -31 20 17.5          21.9 g      W84
     HtxK1O1 !C2019 08 05.99276 19 40 09.17 -31 20 14.3                      W84
     HtxK1O1 !C2019 08 06.00734 19 40 08.41 -31 20 10.9                      W84
     HtxK1O1 !C2019 08 06.02192 19 40 07.69 -31 20 07.7                      W84
     HtxK1O1 !C2019 08 06.98437 19 39 21.27 -31 16 10.4                      W84
     HtxK1O1 !C2019 08 07.01356 19 39 19.81 -31 16 03.6                      W84


     HtxK1O1 !C2019 08 07.01356 19 39 19.81 -31 16 03.6                      W84
     HtxL1Jf !C2019 08 07.02083 19 36 53.92 -31 02 24.4                      W84
     HtxL1Jf !C2019 08 07.02083 19 36 53.92 -31 02 24.4                      W84
