     Hk2m1KY !C2019 04 02.39677 14 20 36.72 -13 09 19.5          23.4 V      W84
     Hk2m1KY !C2019 04 03.21705 14 20 33.26 -13 09 02.0                      W84
     Hk2m1KY !C2019 04 03.21877 14 20 33.25 -13 09 01.7                      W84
     Hk2m1KY !C2019 04 03.22047 14 20 33.24 -13 09 01.8                      W84
     Hk2m1KY !C2019 04 03.22219 14 20 33.25 -13 09 01.9                      W84
     Hk2m1KY !C2019 04 03.22390 14 20 33.23 -13 09 01.8                      W84
     Hk2m1KY !C2019 04 03.23247 14 20 33.19 -13 09 01.6                      W84
     Hk2m1KY !C2019 04 03.23419 14 20 33.19 -13 09 01.5                      W84
     Hk2m1KY !C2019 04 03.23593 14 20 33.18 -13 09 01.5                      W84
     Hk2m1KY !C2019 04 03.23764 14 20 33.17 -13 09 01.6                      W84
     Hk2m1KY !C2019 04 03.23937 14 20 33.15 -13 09 01.5                      W84
     Hk2m1KY !C2019 04 03.24626 14 20 33.13 -13 09 01.4                      W84
     Hk2m1KY !C2019 04 03.24799 14 20 33.12 -13 09 01.3                      W84
     Hk2m1KY !C2019 04 03.24971 14 20 33.11 -13 09 01.3                      W84
     Hk2m1KY !C2019 04 03.25143 14 20 33.10 -13 09 01.1                      W84
     Hk2m1KY !C2019 04 03.25487 14 20 33.09 -13 09 01.0                      W84
     Hk2m1KY !C2019 04 03.25658 14 20 33.08 -13 09 01.1                      W84
     Hk2m1KY !C2019 04 03.26519 14 20 33.04 -13 09 00.9                      W84
     Hk2m1KY !C2019 04 03.27383 14 20 33.01 -13 09 00.7                      W84
     Hk2m1KY !C2019 04 03.27728 14 20 33.00 -13 09 00.6                      W84
     Hk2m1KY !C2019 04 03.27901 14 20 32.98 -13 09 00.6                      W84
     Hk2m1KY !C2019 04 03.28074 14 20 32.98 -13 09 00.5                      W84
     Hk2m1KY !C2019 04 03.28246 14 20 32.98 -13 09 00.6                      W84
     Hk2m1KY !C2019 04 03.28589 14 20 32.96 -13 09 00.5                      W84
     Hk2m1KY !C2019 04 03.32385 14 20 32.79 -13 08 59.6                      W84
     Hk2m1KY !C2019 04 03.32901 14 20 32.76 -13 08 59.5                      W84
     Hk2m1KY !C2019 04 03.33074 14 20 32.76 -13 08 59.5                      W84
     Hk2m1KY !C2019 04 03.33416 14 20 32.75 -13 08 59.5                      W84
     Hk2m1KY !C2019 04 03.33605 14 20 32.74 -13 08 59.2                      W84
     Hk2m1KY !C2019 04 03.34465 14 20 32.71 -13 08 59.2                      W84
     Hk2m1KY !C2019 04 03.34636 14 20 32.70 -13 08 59.1                      W84
     Hk2m1KY !C2019 04 03.34808 14 20 32.69 -13 08 59.1                      W84
     Hk2m1KY !C2019 04 03.34980 14 20 32.69 -13 08 59.2                      W84
     Hk2m1KY !C2019 04 03.35152 14 20 32.68 -13 08 59.0                      W84
     Hk2m1KY !C2019 04 03.36186 14 20 32.63 -13 08 58.9                      W84
     Hk2m1KY !C2019 04 03.36873 14 20 32.60 -13 08 58.7                      W84
     Hk2m1KY !C2019 04 03.37046 14 20 32.59 -13 08 58.7                      W84
     Hk2m1KY !C2019 04 03.37562 14 20 32.57 -13 08 58.8                      W84
     Hk2m1KY !C2019 04 03.37733 14 20 32.57 -13 08 58.4                      W84
     Hk2m1KY !C2019 04 03.37905 14 20 32.55 -13 08 58.3                      W84
     Hk2m1KY !C2019 04 03.38078 14 20 32.55 -13 08 58.4                      W84
     Hk2m1KY !C2019 04 03.38250 14 20 32.55 -13 08 58.3                      W84
     Hk2m1KY !C2019 04 03.38596 14 20 32.52 -13 08 58.3                      W84
     Hk2m1KY !C2019 04 03.38768 14 20 32.51 -13 08 58.1                      W84
     Hk2m1KY !C2019 04 03.39112 14 20 32.51 -13 08 58.2                      W84
     Hk2m1KY !C2019 04 04.21103 14 20 29.00 -13 08 40.4                      W84


     Hk2m1KY !C2019 04 04.21103 14 20 29.00 -13 08 40.4                      W84
