     HtxL1Jz !C2019 08 05.98548 19 38 02.45 -30 51 50.0          22.1 r      W84
     HtxL1Jz !C2019 08 06.00006 19 38 01.74 -30 51 49.1                      W84
     HtxL1Jz !C2019 08 06.01463 19 38 01.01 -30 51 48.6                      W84
     HtxL1Jz !C2019 08 06.02919 19 38 00.33 -30 51 47.5                      W84
     HtxL1Jz !C2019 08 06.99165 19 37 16.38 -30 50 40.1                      W84
     HtxL1Jz !C2019 08 07.02083 19 37 15.02 -30 50 38.1                      W84


     HtxL1Jf !C2019 08 07.02083 19 36 53.92 -31 02 24.4                      W84
     HtxL1Jz !C2019 08 07.02083 19 37 15.02 -30 50 38.1                      W84
