     H381588*4C2015 03 20.44069 12 02 03.63 +00 43 16.5          22.9 i1     T09
     H381588 4C2015 03 20.46343 12 02 02.39 +00 43 20.4          22.9 i1     T09
     H381588 4C2015 03 20.47725 12 02 01.64 +00 43 22.8          22.9 i1     T09
     H381588 4C2015 03 20.55475 12 01 57.46 +00 43 36.2          22.9 i1     T09
     H381588*4C2015 07 20.42503 22 24 12.58 -00 22 02.5          22.8 i1     T09
     H381588 4C2015 07 20.44763 22 24 12.07 -00 21 51.1          22.9 i1     T09
     H381588 4C2015 07 20.46669 22 24 11.63 -00 21 42.1          23.2 i1     T09
     H381588 4C2015 07 20.48583 22 24 11.19 -00 21 33.0          23.5 i1     T09
     H381588 4C2015 07 20.50781 22 24 10.66 -00 21 22.2          23.1 i1     T09
     H381588 4C2015 07 20.51051 22 24 10.60 -00 21 20.8          23.0 i1     T09
     H381588 4C2015 07 20.52701 22 24 10.22 -00 21 12.7          23.1 i1     T09
     H381588*4C2015 07 22.42737 22 23 27.62 -00 06 04.2          22.9 z1     T09
     H381588 4C2015 07 22.44630 22 23 27.12 -00 05 55.5          23.2 z1     T09
     H381588 4C2015 07 22.49493 22 23 25.81 -00 05 32.8          23.4 z1     T09


     H380471 4C2015 07 22.49493 22 24 10.80 -00 05 13.6          23.1 z1     T09
     H381587 4C2015 07 22.49493 22 23 55.57 -00 12 58.4          23.4 z1     T09
     H381588 4C2015 07 22.49493 22 23 25.81 -00 05 32.8          23.4 z1     T09
