     /02CF4W OC2002 03 20.28619310 56 00.15 +09 13 32.9          23.1 rV     568
     /02CF4W OC2002 03 20.32150410 55 59.99 +09 13 33.5          23.4 rV     568
     /02CF4W OC2002 03 20.35591610 55 59.85 +09 13 34.0          23.2 rV     568
     /02CF4W OC2002 03 21.27729110 55 56.02 +09 13 52.1                V     568
     /02CF4W OC2002 03 21.34969310 55 55.72 +09 13 53.1                V     568
     /02CF4W OC2002 03 22.32602610 55 51.69 +09 14 11.7          23.4 rV     568
     /02CF4W OC2002 03 22.38377110 55 51.44 +09 14 12.7                V     568


     /02CF4W OC2002 03 22.38377110 55 51.44 +09 14 12.7                V     568
