     H389086*4C2015 07 21.43097 22 34 31.62 +00 01 07.4          23.0 i1     T09
     H389086 4C2015 07 21.50079 22 34 30.26 +00 00 58.8          23.5 i1     T09
     H389086 4C2015 07 21.60369 22 34 28.25 +00 00 46.1          23.6 i1     T09
     H389086*4C2015 07 22.41099 22 34 13.36 -00 00 57.3          23.4 z1     T09
     H389086 4C2015 07 22.43280 22 34 12.93 -00 01 00.2          23.4 z1     T09
     H389086 4C2015 07 22.45169 22 34 12.54 -00 01 02.5          23.0 z1     T09
     H389086 4C2015 07 22.47062 22 34 12.15 -00 01 05.0          22.9 z1     T09
     H389086 4C2015 07 22.51114 22 34 11.32 -00 01 10.4          23.1 z1     T09
     H389086*4C2015 07 23.43794 22 33 53.17 -00 03 16.9          23.1 y1     T09
     H389086 4C2015 07 23.44064 22 33 53.11 -00 03 17.0          22.8 y1     T09
     H389086 4C2015 07 23.48514 22 33 52.15 -00 03 23.4          23.3 y1     T09
     H389086 4C2015 07 23.51246 22 33 51.56 -00 03 27.5          23.0 y1     T09
     H389086 4C2015 07 23.53710 22 33 51.02 -00 03 31.0          22.7 y1     T09


     H389086 4C2015 07 23.53710 22 33 51.02 -00 03 31.0          22.7 y1     T09
     H389129 4C2015 07 23.53710 22 31 48.88 +00 02 45.2          21.4 y1     T09
