     HkKs1Ok !C2019 04 05.99480 10 03 35.77 -26 29 39.9          22.8 r      W84
     HkKs1Ok !C2019 04 05.99803 10 03 35.72 -26 29 38.7                      W84
     HkKs1Ok !C2019 04 06.00124 10 03 35.67 -26 29 37.7                      W84
     HkKs1Ok !C2019 04 06.99063 10 03 20.36 -26 24 02.0                      W84
     HkKs1Ok !C2019 04 06.99388 10 03 20.30 -26 24 00.8                      W84
     HkKs1Ok !C2019 04 06.99710 10 03 20.25 -26 23 59.8                      W84
     HkKs1Ok !C2019 04 07.99910 10 03 05.48 -26 18 17.8                      W84
     HkKs1Ok !C2019 04 08.00232 10 03 05.43 -26 18 16.7                      W84


     HkKs1Ok !C2019 04 08.00232 10 03 05.43 -26 18 16.7                      W84
     HkKv1Ol !C2019 04 08.00554 10 03 05.39 -26 18 15.6                      W84
     HkKv1Ol !C2019 04 08.00877 10 03 05.33 -26 18 14.5                      W84
     HkKv1Ol !C2019 04 08.01200 10 03 05.29 -26 18 13.4                      W84
     HkKv1Ol !C2019 04 08.00554 10 03 05.39 -26 18 15.6                      W84
     HkKv1Ol !C2019 04 08.00877 10 03 05.33 -26 18 14.5                      W84
     HkKv1Ol !C2019 04 08.01200 10 03 05.29 -26 18 13.4                      W84
     HkKv1Ol !C2019 04 08.00554 10 03 05.39 -26 18 15.6                      W84
     HkKv1Ol !C2019 04 08.00877 10 03 05.33 -26 18 14.5                      W84
     HkKv1Ol !C2019 04 08.01200 10 03 05.29 -26 18 13.4                      W84
