     K0AM11  ZC2010 01 10.46905 09 48 14.20 +19 57 45.7          21.2 rW     F51
     K0AM11 * C2010 01 11.32826 09 47 24.86 +19 49 49.4          20.6 Vo     691
     K0AM11   C2010 01 11.34599 09 47 23.73 +19 49 39.1          21.1 Vo     691
     K0AM11   C2010 01 11.36374 09 47 22.65 +19 49 29.6          20.7 Vo     691
     K0AM11  ZC2010 01 23.40974 09 32 11.68 +17 52 25.5          21.1 rW     F51
     K0AM11  ZC2010 01 23.41814 09 32 10.90 +17 52 20.3          21.1 rW     F51


     K0AM11  ZC2010 01 23.41814 09 32 10.90 +17 52 20.3          21.1 rW     F51
     A03031 * C2010 01 23.64783 09 29 16.94 +17 29 04.1          19.9 Ro     300
     A03031   C2010 01 23.65511 09 29 16.65 +17 29 00.9          19.1 Ro     300
     A03031   C2010 01 23.66240 09 29 16.46 +17 28 59.1          19.5 Ro     300
     A03031   C2010 01 23.66969 09 29 16.17 +17 28 56.4          19.4 Ro     300
     A03031   C2010 01 23.67699 09 29 15.98 +17 28 52.1          19.4 Ro     300
