     MN0564  + 2019 08 02.00150 18 31 02.91 -28 45 08.0          22.3 rV     W84
     MN0564  + 2019 08 02.00980 18 31 02.68 -28 45 07.0          22.3 rV     W84
     MN0564  + 2019 08 02.01809 18 31 02.46 -28 45 06.2          22.1 rV     W84
     MN0564  + 2019 08 02.02634 18 31 02.22 -28 45 05.3          22.1 rV     W84
     MN0564  + 2019 08 02.03708 18 31 01.93 -28 45 04.3          21.9 rV     W84
     MN0564  + 2019 08 02.04536 18 31 01.69 -28 45 03.3          22.1 rV     W84
     MN0564  + 2019 08 02.05362 18 31 01.46 -28 45 02.4          22.2 rV     W84
     MN0564  + 2019 08 02.06191 18 31 01.24 -28 45 01.5          22.2 rV     W84
     MN0564  + 2019 08 02.07016 18 31 01.00 -28 45 00.5          22.3 rV     W84
     MN0564  + 2019 08 02.07843 18 31 00.78 -28 44 59.5          22.1 rV     W84
     MN0564  + 2019 08 02.08671 18 31 00.54 -28 44 58.7          22.4 rV     W84
     MN0564  + 2019 08 02.09500 18 31 00.32 -28 44 57.7          22.5 rV     W84
     MN0564  + 2019 08 02.10328 18 31 00.09 -28 44 56.7          22.7 rV     W84
     MN0564  + 2019 08 02.11279 18 30 59.82 -28 44 55.5          22.5 rV     W84
     MN0564  + 2019 08 02.12957 18 30 59.36 -28 44 53.6          22.8 rV     W84
     MN0564  + 2019 08 02.13999 18 30 59.08 -28 44 52.1          23.1 rV     W84
     MN0564  + 2019 08 02.15656 18 30 58.62 -28 44 50.2          23.3 rV     W84
     MN0564  + 2019 08 02.18148 18 30 57.95 -28 44 47.1          23.5 rV     W84
     MN0564  + 2019 08 02.18975 18 30 57.73 -28 44 46.0          23.9 rV     W84
     MN0564  + 2019 08 02.19803 18 30 57.51 -28 44 45.1          23.3 rV     W84
     MN0564  + 2019 08 02.23111 18 30 56.62 -28 44 40.7          23.1 rV     W84
     MN0564  + 2019 08 02.23935 18 30 56.39 -28 44 39.6          23.0 rV     W84
     MN0564  + 2019 08 02.24759 18 30 56.16 -28 44 38.4          23.0 rV     W84
     MN0564  + 2019 08 02.25587 18 30 55.95 -28 44 37.2          22.7 rV     W84
     MN0564  + 2019 08 03.06253 18 30 38.15 -28 43 01.9          22.6 rV     W84
     MN0564  + 2019 08 03.09402 18 30 37.34 -28 42 57.9          22.4 rV     W84
     MN0564  + 2019 08 03.10229 18 30 37.13 -28 42 57.0          22.2 rV     W84
     MN0564  + 2019 08 03.11062 18 30 36.92 -28 42 55.9          22.2 rV     W84
     MN0564  + 2019 08 03.11912 18 30 36.71 -28 42 54.9          22.2 rV     W84
     MN0564  + 2019 08 03.12738 18 30 36.50 -28 42 53.8          22.2 rV     W84
     MN0564  + 2019 08 03.13568 18 30 36.29 -28 42 52.7          22.2 rV     W84
     MN0564  + 2019 08 03.14397 18 30 36.08 -28 42 51.6          22.3 rV     W84
     MN0564  + 2019 08 03.15446 18 30 35.81 -28 42 50.2          22.2 rV     W84
     MN0564  + 2019 08 03.16273 18 30 35.61 -28 42 49.2          22.6 rV     W84
     MN0564  + 2019 08 03.17101 18 30 35.41 -28 42 48.2          22.5 rV     W84
     MN0564  + 2019 08 03.17931 18 30 35.18 -28 42 47.0          22.5 rV     W84
     MN0564  + 2019 08 03.18758 18 30 35.00 -28 42 45.8          23.2 rV     W84
     MN0564  + 2019 08 03.20409 18 30 34.58 -28 42 43.6          22.9 rV     W84
     MN0564  + 2019 08 03.21235 18 30 34.40 -28 42 42.5          22.9 rV     W84
     MN0564  + 2019 08 03.22291 18 30 34.14 -28 42 41.0          23.1 rV     W84
     MN0564  + 2019 08 03.23118 18 30 33.92 -28 42 39.9          23.1 rV     W84
     MN0564  + 2019 08 03.23948 18 30 33.72 -28 42 38.9          23.3 rV     W84
     MN0564  + 2019 08 03.25206 18 30 33.43 -28 42 36.9          23.3 rV     W84
     MN0564  + 2019 08 03.26035 18 30 33.25 -28 42 36.0          23.5 rV     W84
     MN0564  + 2019 08 03.26862 18 30 33.04 -28 42 34.9          23.5 rV     W84
     MN0564  + 2019 08 03.29345 18 30 32.44 -28 42 31.0          23.9 rV     W84
     MN0564  + 2019 08 04.01356 18 30 18.55 -28 41 02.6          22.1 rV     W84
     MN0564  + 2019 08 04.02185 18 30 18.35 -28 41 01.6          22.7 rV     W84
     MN0564  + 2019 08 04.03845 18 30 18.00 -28 41 00.0          22.6 rV     W84
     MN0564  + 2019 08 04.04671 18 30 17.77 -28 40 59.1          22.7 rV     W84
     MN0564  + 2019 08 04.05499 18 30 17.58 -28 40 58.0          22.5 rV     W84
     MN0564  + 2019 08 04.06325 18 30 17.40 -28 40 57.1          22.6 rV     W84
     MN0564  + 2019 08 04.08199 18 30 16.96 -28 40 54.8          22.8 rV     W84
     MN0564  + 2019 08 04.09028 18 30 16.79 -28 40 53.7          22.9 rV     W84
     MN0564  + 2019 08 04.09855 18 30 16.60 -28 40 52.5          22.9 rV     W84
     MN0564  + 2019 08 04.10817 18 30 16.39 -28 40 51.1          23.3 rV     W84
     MN0564  + 2019 08 04.12692 18 30 15.92 -28 40 49.0          23.5 rV     W84
     MN0564  + 2019 08 04.13520 18 30 15.75 -28 40 47.8          22.8 rV     W84
     MN0564  + 2019 08 04.15177 18 30 15.39 -28 40 45.7          23.3 rV     W84
     MN0564  + 2019 08 04.16005 18 30 15.17 -28 40 44.4          22.4 rV     W84
     MN0564  + 2019 08 04.16833 18 30 14.99 -28 40 43.2          22.3 rV     W84
     MN0564  + 2019 08 04.17672 18 30 14.80 -28 40 42.4          22.4 rV     W84
     MN0564  + 2019 08 04.18719 18 30 14.56 -28 40 41.0          22.4 rV     W84


     MN0079  + 2019 08 04.18719 18 27 23.99 -28 22 02.6          23.2 rV     W84
     MN0081  + 2019 08 05.01164 18 27 28.46 -28 22 24.0          22.9 rV     W84
     MN0081  + 2019 08 05.01994 18 27 28.20 -28 22 25.4          22.3 rV     W84
     MN0081  + 2019 08 05.03654 18 27 27.65 -28 22 27.9          22.3 rV     W84
     MN0081  + 2019 08 05.04484 18 27 27.37 -28 22 29.4          22.2 rV     W84
     MN0081  + 2019 08 05.05536 18 27 27.04 -28 22 31.1          22.3 rV     W84
     MN0081  + 2019 08 05.06363 18 27 26.77 -28 22 32.1          22.4 rV     W84
     MN0081  + 2019 08 05.07194 18 27 26.49 -28 22 33.7          22.3 rV     W84
     MN0081  + 2019 08 05.08855 18 27 25.95 -28 22 36.4          22.4 rV     W84
     MN0081  + 2019 08 05.09931 18 27 25.59 -28 22 37.9          22.4 rV     W84
     MN0081  + 2019 08 05.21163 18 27 21.95 -28 22 54.6          22.3 rV     W84
     MN0081  + 2019 08 05.21992 18 27 21.68 -28 22 55.8          22.3 rV     W84
     MN0081  + 2019 08 05.22819 18 27 21.43 -28 22 57.0          22.5 rV     W84
     MN0081  + 2019 08 05.23646 18 27 21.17 -28 22 58.3          22.4 rV     W84
     MN0081  + 2019 08 05.24696 18 27 20.82 -28 22 59.6          22.3 rV     W84
     MN0081  + 2019 08 05.25524 18 27 20.56 -28 23 01.1          22.2 rV     W84
     MN0081  + 2019 08 05.26356 18 27 20.30 -28 23 02.0          22.4 rV     W84
     MN0081  + 2019 08 05.27185 18 27 20.06 -28 23 03.0          22.2 rV     W84
     MN0081  + 2019 08 05.28015 18 27 19.78 -28 23 04.4          22.4 rV     W84
     MN0081  + 2019 08 05.28844 18 27 19.53 -28 23 05.5          22.2 rV     W84
     MN0083  + 2019 08 05.01164 18 27 35.95 -28 23 43.3          22.7 rV     W84
     MN0083  + 2019 08 05.01994 18 27 35.66 -28 23 43.2          22.7 rV     W84
     MN0083  + 2019 08 05.02826 18 27 35.37 -28 23 43.1          23.0 rV     W84
     MN0083  + 2019 08 05.04484 18 27 34.81 -28 23 42.8          23.2 rV     W84
     MN0083  + 2019 08 05.05536 18 27 34.43 -28 23 42.6          23.2 rV     W84
     MN0083  + 2019 08 05.06363 18 27 34.14 -28 23 42.8          22.7 rV     W84
     MN0083  + 2019 08 05.08855 18 27 33.60 -28 23 42.4          23.2 rV     W84
     MN0083  + 2019 08 05.09931 18 27 33.30 -28 23 42.1          23.3 rV     W84
     MN0083  + 2019 08 05.20336 18 27 32.93 -28 23 42.0          23.2 rV     W84
     MN0083  + 2019 08 05.21163 18 27 29.38 -28 23 40.0          22.8 rV     W84
     MN0083  + 2019 08 05.21992 18 27 29.10 -28 23 39.8          22.8 rV     W84
     MN0083  + 2019 08 05.22819 18 27 28.82 -28 23 39.8          23.0 rV     W84
     MN0083  + 2019 08 05.24696 18 27 28.27 -28 23 38.9          23.0 rV     W84
     MN0083  + 2019 08 05.25524 18 27 27.91 -28 23 39.0          23.0 rV     W84
     MN0083  + 2019 08 05.26356 18 27 27.64 -28 23 38.8          23.2 rV     W84
     MN0083  + 2019 08 05.27185 18 27 27.36 -28 23 38.5          23.0 rV     W84
     MN0083  + 2019 08 05.28844 18 27 26.82 -28 23 38.4          22.7 rV     W84
     MN0115  + 2019 08 04.18719 18 28 57.50 -28 27 06.1          22.5 rV     W84
     MN0116  + 2019 08 04.18719 18 29 00.53 -28 25 42.5          23.0 rV     W84
     MN0117  + 2019 08 04.18719 18 28 49.22 -28 25 53.7          22.1 rV     W84
     MN0118  + 2019 08 04.18719 18 27 54.28 -28 20 12.8          22.1 rV     W84
     MN0182  + 2019 08 04.18719 18 30 43.72 -28 26 20.5          23.6 rV     W84
     MN0363  + 2019 08 04.18719 18 30 02.69 -28 36 44.6          25.7 rV     W84
     MN0367  + 2019 08 05.01164 18 30 12.99 -28 35 32.4          23.0 rV     W84
     MN0367  + 2019 08 05.01994 18 30 12.74 -28 35 33.7          24.2 rV     W84
     MN0367  + 2019 08 05.02826 18 30 12.44 -28 35 35.0          22.5 rV     W84
     MN0367  + 2019 08 05.03654 18 30 12.19 -28 35 36.3          22.3 rV     W84
     MN0367  + 2019 08 05.04484 18 30 11.89 -28 35 37.8          22.5 rV     W84
     MN0367  + 2019 08 05.05536 18 30 11.55 -28 35 39.2          22.4 rV     W84
     MN0367  + 2019 08 05.06363 18 30 11.29 -28 35 40.4          22.5 rV     W84
     MN0367  + 2019 08 05.07194 18 30 11.01 -28 35 41.9          22.6 rV     W84
     MN0367  + 2019 08 05.08025 18 30 10.74 -28 35 43.1          22.8 rV     W84
     MN0367  + 2019 08 05.08855 18 30 10.49 -28 35 44.1          22.7 rV     W84
     MN0367  + 2019 08 05.09931 18 30 10.13 -28 35 45.8          22.7 rV     W84
     MN0367  + 2019 08 05.20336 18 30 06.84 -28 36 00.4          22.9 rV     W84
     MN0367  + 2019 08 05.21163 18 30 06.59 -28 36 01.6          22.8 rV     W84
     MN0367  + 2019 08 05.21992 18 30 06.35 -28 36 02.6          22.2 rV     W84
     MN0367  + 2019 08 05.22819 18 30 06.14 -28 36 03.5          21.5 rV     W84
     MN0367  + 2019 08 05.26356 18 30 05.31 -28 36 07.4          25.7 rV     W84
     MN0367  + 2019 08 05.27185 18 30 05.09 -28 36 07.9          24.2 rV     W84
     MN0368  + 2019 08 04.18719 18 30 32.44 -28 28 54.9          22.4 rV     W84
     MN0368  + 2019 08 05.01994 18 30 08.00 -28 28 55.9          21.4 rV     W84
     MN0368  + 2019 08 05.02826 18 30 07.73 -28 28 55.9          23.3 rV     W84
     MN0368  + 2019 08 05.03654 18 30 07.47 -28 28 55.8          22.8 rV     W84
     MN0368  + 2019 08 05.05536 18 30 06.88 -28 28 55.9          23.0 rV     W84
     MN0368  + 2019 08 05.06363 18 30 06.62 -28 28 55.9          23.3 rV     W84
     MN0368  + 2019 08 05.07194 18 30 06.37 -28 28 55.9          22.7 rV     W84
     MN0368  + 2019 08 05.08025 18 30 06.12 -28 28 56.0          22.9 rV     W84
     MN0368  + 2019 08 05.09931 18 30 05.52 -28 28 55.9          22.8 rV     W84
     MN0368  + 2019 08 05.20336 18 30 02.33 -28 28 55.4          22.6 rV     W84
     MN0368  + 2019 08 05.21992 18 30 01.83 -28 28 55.2          22.6 rV     W84
     MN0368  + 2019 08 05.22819 18 30 01.56 -28 28 55.2          22.7 rV     W84
     MN0368  + 2019 08 05.23646 18 30 01.32 -28 28 55.0          22.6 rV     W84
     MN0368  + 2019 08 05.24696 18 30 01.01 -28 28 54.8          22.7 rV     W84
     MN0368  + 2019 08 05.25524 18 30 00.75 -28 28 54.8          22.5 rV     W84
     MN0368  + 2019 08 05.26356 18 30 00.50 -28 28 54.7          22.6 rV     W84
     MN0368  + 2019 08 05.27185 18 30 00.27 -28 28 54.5          23.2 rV     W84
     MN0368  + 2019 08 05.28015 18 30 00.02 -28 28 54.5          22.4 rV     W84
     MN0368  + 2019 08 05.28844 18 29 59.77 -28 28 54.5          22.6 rV     W84
     MN0376  + 2019 08 04.18719 18 30 16.49 -28 29 06.7          22.2 rV     W84
     MN0376  + 2019 08 05.01164 18 29 50.73 -28 32 35.1          21.5 rV     W84
     MN0376  + 2019 08 05.02826 18 29 50.20 -28 32 39.2          21.4 rV     W84
     MN0376  + 2019 08 05.03654 18 29 49.94 -28 32 41.4          21.4 rV     W84
     MN0376  + 2019 08 05.04484 18 29 49.67 -28 32 43.5          21.4 rV     W84
     MN0376  + 2019 08 05.06363 18 29 49.09 -28 32 48.2          21.5 rV     W84
     MN0376  + 2019 08 05.07194 18 29 48.81 -28 32 50.2          21.6 rV     W84
     MN0376  + 2019 08 05.08025 18 29 48.55 -28 32 52.1          21.4 rV     W84
     MN0376  + 2019 08 05.08855 18 29 48.29 -28 32 54.2          21.5 rV     W84
     MN0376  + 2019 08 05.09931 18 29 47.95 -28 32 56.7          21.5 rV     W84
     MN0376  + 2019 08 05.20336 18 29 44.67 -28 33 21.8          22.2 rV     W84
     MN0376  + 2019 08 05.23646 18 29 44.13 -28 33 28.3          22.1 rV     W84
     MN0376  + 2019 08 05.24696 18 29 43.62 -28 33 29.5          21.9 rV     W84
     MN0376  + 2019 08 05.25524 18 29 43.30 -28 33 31.9          21.9 rV     W84
     MN0376  + 2019 08 05.26356 18 29 43.04 -28 33 34.0          21.7 rV     W84
     MN0376  + 2019 08 05.27185 18 29 42.79 -28 33 35.9          21.5 rV     W84
     MN0376  + 2019 08 05.28015 18 29 42.53 -28 33 37.8          21.6 rV     W84
     MN0376  + 2019 08 05.28844 18 29 42.26 -28 33 39.8          21.5 rV     W84
     MN0509  + 2019 08 04.18719 18 27 13.68 -28 31 06.1          22.2 rV     W84
     MN0520  + 2019 08 04.18719 18 27 56.33 -28 44 05.2          21.5 rV     W84
     MN0520  + 2019 08 05.00112 18 27 38.48 -28 40 36.9          22.2 rV     W84
     MN0520  + 2019 08 05.01164 18 27 38.21 -28 40 34.2          21.9 rV     W84
     MN0520  + 2019 08 05.01994 18 27 38.00 -28 40 32.1          22.0 rV     W84
     MN0520  + 2019 08 05.02826 18 27 37.80 -28 40 30.0          22.0 rV     W84
     MN0520  + 2019 08 05.03654 18 27 37.59 -28 40 28.0          22.0 rV     W84
     MN0520  + 2019 08 05.04484 18 27 37.38 -28 40 25.8          21.8 rV     W84
     MN0520  + 2019 08 05.05536 18 27 37.12 -28 40 23.2          22.0 rV     W84
     MN0520  + 2019 08 05.06363 18 27 36.93 -28 40 21.1          22.0 rV     W84
     MN0520  + 2019 08 05.08025 18 27 36.52 -28 40 16.9          22.4 rV     W84
     MN0520  + 2019 08 05.08855 18 27 36.30 -28 40 14.9          22.6 rV     W84
     MN0520  + 2019 08 05.09931 18 27 36.04 -28 40 12.0          22.6 rV     W84
     MN0520  + 2019 08 05.20336 18 27 33.54 -28 39 44.7          22.1 rV     W84
     MN0520  + 2019 08 05.21163 18 27 33.34 -28 39 42.4          22.2 rV     W84
     MN0520  + 2019 08 05.21992 18 27 33.14 -28 39 40.1          22.0 rV     W84
     MN0520  + 2019 08 05.22819 18 27 32.95 -28 39 37.8          22.2 rV     W84
     MN0520  + 2019 08 05.23646 18 27 32.77 -28 39 35.5          22.0 rV     W84
     MN0520  + 2019 08 05.24696 18 27 32.54 -28 39 32.8          29.2 rV     W84
     MN0520  + 2019 08 05.26356 18 27 32.15 -28 39 28.1          22.6 rV     W84
     MN0520  + 2019 08 05.28015 18 27 31.76 -28 39 23.6          22.4 rV     W84
     MN0551  + 2019 08 05.01164 18 29 34.13 -28 46 26.4          22.6 rV     W84
     MN0551  + 2019 08 05.02826 18 29 33.34 -28 46 21.7          22.8 rV     W84
     MN0551  + 2019 08 05.03654 18 29 33.05 -28 46 21.0          22.8 rV     W84
     MN0551  + 2019 08 05.04484 18 29 32.74 -28 46 19.6          22.7 rV     W84
     MN0551  + 2019 08 05.05536 18 29 32.45 -28 46 18.5          22.7 rV     W84
     MN0551  + 2019 08 05.06363 18 29 32.08 -28 46 16.8          23.0 rV     W84
     MN0551  + 2019 08 05.07194 18 29 31.79 -28 46 15.5          22.7 rV     W84
     MN0551  + 2019 08 05.08025 18 29 31.49 -28 46 14.4          23.0 rV     W84
     MN0551  + 2019 08 05.08855 18 29 31.18 -28 46 12.9          22.8 rV     W84
     MN0551  + 2019 08 05.09931 18 29 30.89 -28 46 11.6          22.7 rV     W84
     MN0551  + 2019 08 05.21163 18 29 26.84 -28 45 52.7          22.4 rV     W84
     MN0551  + 2019 08 05.21992 18 29 26.52 -28 45 51.8          22.6 rV     W84
     MN0551  + 2019 08 05.22819 18 29 26.24 -28 45 50.4          22.7 rV     W84
     MN0551  + 2019 08 05.23646 18 29 25.94 -28 45 49.1          22.8 rV     W84
     MN0551  + 2019 08 05.24696 18 29 25.66 -28 45 47.7          22.8 rV     W84
     MN0551  + 2019 08 05.25524 18 29 25.29 -28 45 45.8          22.9 rV     W84
     MN0551  + 2019 08 05.26356 18 29 25.00 -28 45 44.5          22.6 rV     W84
     MN0551  + 2019 08 05.28015 18 29 24.45 -28 45 41.7          22.8 rV     W84
     MN0551  + 2019 08 05.28844 18 29 24.13 -28 45 40.5          22.6 rV     W84
     MN0564  + 2019 08 04.18719 18 30 14.56 -28 40 41.0          22.4 rV     W84
     MN0565  + 2019 08 04.18719 18 29 46.78 -28 38 41.8          23.4 rV     W84
     MN0566  + 2019 08 04.18719 18 29 33.47 -28 29 17.4          22.4 rV     W84
     MN0618  + 2019 08 05.01164 18 30 25.34 -28 34 24.3          22.0 rV     W84
     MN0618  + 2019 08 05.01994 18 30 25.05 -28 34 22.1          22.2 rV     W84
     MN0618  + 2019 08 05.02826 18 30 24.73 -28 34 19.9          21.9 rV     W84
     MN0618  + 2019 08 05.04484 18 30 24.14 -28 34 15.8          21.8 rV     W84
     MN0618  + 2019 08 05.05536 18 30 23.74 -28 34 12.9          22.0 rV     W84
     MN0618  + 2019 08 05.06363 18 30 23.42 -28 34 10.7          21.4 rV     W84
     MN0618  + 2019 08 05.07194 18 30 23.13 -28 34 08.4          22.0 rV     W84
     MN0618  + 2019 08 05.08025 18 30 22.82 -28 34 06.5          21.4 rV     W84
     MN0618  + 2019 08 05.08855 18 30 22.51 -28 34 04.0          22.0 rV     W84
     MN0618  + 2019 08 05.09931 18 30 22.12 -28 34 01.4          22.0 rV     W84
     MN0618  + 2019 08 05.20336 18 30 18.32 -28 33 32.6          22.0 rV     W84
     MN0618  + 2019 08 05.21163 18 30 18.03 -28 33 30.2          21.9 rV     W84
     MN0618  + 2019 08 05.21992 18 30 17.73 -28 33 27.9          21.9 rV     W84
     MN0618  + 2019 08 05.22819 18 30 17.43 -28 33 25.4          21.7 rV     W84
     MN0618  + 2019 08 05.23646 18 30 17.13 -28 33 23.4          21.9 rV     W84
     MN0618  + 2019 08 05.24696 18 30 16.76 -28 33 20.3          21.4 rV     W84
     MN0618  + 2019 08 05.25524 18 30 16.48 -28 33 17.9          21.7 rV     W84
     MN0618  + 2019 08 05.26356 18 30 16.18 -28 33 15.4          22.0 rV     W84
     MN0618  + 2019 08 05.28844 18 30 15.30 -28 33 08.0          22.2 rV     W84
     MN0367  + 2019 08 05.01164 18 30 12.99 -28 35 32.4          23.0 rV     W84
     MN0367  + 2019 08 05.01994 18 30 12.74 -28 35 33.7          24.2 rV     W84
     MN0367  + 2019 08 05.02826 18 30 12.44 -28 35 35.0          22.5 rV     W84
     MN0367  + 2019 08 05.03654 18 30 12.19 -28 35 36.3          22.3 rV     W84
     MN0367  + 2019 08 05.04484 18 30 11.89 -28 35 37.8          22.5 rV     W84
     MN0367  + 2019 08 05.05536 18 30 11.55 -28 35 39.2          22.4 rV     W84
     MN0367  + 2019 08 05.06363 18 30 11.29 -28 35 40.4          22.5 rV     W84
     MN0367  + 2019 08 05.07194 18 30 11.01 -28 35 41.9          22.6 rV     W84
     MN0367  + 2019 08 05.08025 18 30 10.74 -28 35 43.1          22.8 rV     W84
     MN0367  + 2019 08 05.08855 18 30 10.49 -28 35 44.1          22.7 rV     W84
     MN0367  + 2019 08 05.09931 18 30 10.13 -28 35 45.8          22.7 rV     W84
     MN0367  + 2019 08 05.20336 18 30 06.84 -28 36 00.4          22.9 rV     W84
     MN0367  + 2019 08 05.21163 18 30 06.59 -28 36 01.6          22.8 rV     W84
     MN0367  + 2019 08 05.21992 18 30 06.35 -28 36 02.6          22.2 rV     W84
     MN0367  + 2019 08 05.22819 18 30 06.14 -28 36 03.5          21.5 rV     W84
     MN0367  + 2019 08 05.26356 18 30 05.31 -28 36 07.4          25.7 rV     W84
     MN0367  + 2019 08 05.27185 18 30 05.09 -28 36 07.9          24.2 rV     W84
     MN0376  + 2019 08 05.01164 18 29 50.73 -28 32 35.1          21.5 rV     W84
     MN0376  + 2019 08 05.02826 18 29 50.20 -28 32 39.2          21.4 rV     W84
     MN0376  + 2019 08 05.03654 18 29 49.94 -28 32 41.4          21.4 rV     W84
     MN0376  + 2019 08 05.04484 18 29 49.67 -28 32 43.5          21.4 rV     W84
     MN0376  + 2019 08 05.06363 18 29 49.09 -28 32 48.2          21.5 rV     W84
     MN0376  + 2019 08 05.07194 18 29 48.81 -28 32 50.2          21.6 rV     W84
     MN0376  + 2019 08 05.08025 18 29 48.55 -28 32 52.1          21.4 rV     W84
     MN0376  + 2019 08 05.08855 18 29 48.29 -28 32 54.2          21.5 rV     W84
     MN0376  + 2019 08 05.09931 18 29 47.95 -28 32 56.7          21.5 rV     W84
     MN0376  + 2019 08 05.20336 18 29 44.67 -28 33 21.8          22.2 rV     W84
     MN0376  + 2019 08 05.23646 18 29 44.13 -28 33 28.3          22.1 rV     W84
     MN0376  + 2019 08 05.24696 18 29 43.62 -28 33 29.5          21.9 rV     W84
     MN0376  + 2019 08 05.25524 18 29 43.30 -28 33 31.9          21.9 rV     W84
     MN0376  + 2019 08 05.26356 18 29 43.04 -28 33 34.0          21.7 rV     W84
     MN0376  + 2019 08 05.27185 18 29 42.79 -28 33 35.9          21.5 rV     W84
     MN0376  + 2019 08 05.28015 18 29 42.53 -28 33 37.8          21.6 rV     W84
     MN0376  + 2019 08 05.28844 18 29 42.26 -28 33 39.8          21.5 rV     W84
     MN0367  + 2019 08 05.01164 18 30 12.99 -28 35 32.4          23.0 rV     W84
     MN0367  + 2019 08 05.01994 18 30 12.74 -28 35 33.7          24.2 rV     W84
     MN0367  + 2019 08 05.02826 18 30 12.44 -28 35 35.0          22.5 rV     W84
     MN0367  + 2019 08 05.03654 18 30 12.19 -28 35 36.3          22.3 rV     W84
     MN0367  + 2019 08 05.04484 18 30 11.89 -28 35 37.8          22.5 rV     W84
     MN0367  + 2019 08 05.05536 18 30 11.55 -28 35 39.2          22.4 rV     W84
     MN0367  + 2019 08 05.06363 18 30 11.29 -28 35 40.4          22.5 rV     W84
     MN0367  + 2019 08 05.07194 18 30 11.01 -28 35 41.9          22.6 rV     W84
     MN0367  + 2019 08 05.08025 18 30 10.74 -28 35 43.1          22.8 rV     W84
     MN0367  + 2019 08 05.08855 18 30 10.49 -28 35 44.1          22.7 rV     W84
     MN0367  + 2019 08 05.09931 18 30 10.13 -28 35 45.8          22.7 rV     W84
     MN0367  + 2019 08 05.20336 18 30 06.84 -28 36 00.4          22.9 rV     W84
     MN0367  + 2019 08 05.21163 18 30 06.59 -28 36 01.6          22.8 rV     W84
     MN0367  + 2019 08 05.21992 18 30 06.35 -28 36 02.6          22.2 rV     W84
     MN0367  + 2019 08 05.22819 18 30 06.14 -28 36 03.5          21.5 rV     W84
     MN0367  + 2019 08 05.26356 18 30 05.31 -28 36 07.4          25.7 rV     W84
     MN0367  + 2019 08 05.27185 18 30 05.09 -28 36 07.9          24.2 rV     W84
     MN0376  + 2019 08 05.01164 18 29 50.73 -28 32 35.1          21.5 rV     W84
     MN0376  + 2019 08 05.02826 18 29 50.20 -28 32 39.2          21.4 rV     W84
     MN0376  + 2019 08 05.03654 18 29 49.94 -28 32 41.4          21.4 rV     W84
     MN0376  + 2019 08 05.04484 18 29 49.67 -28 32 43.5          21.4 rV     W84
     MN0376  + 2019 08 05.06363 18 29 49.09 -28 32 48.2          21.5 rV     W84
     MN0376  + 2019 08 05.07194 18 29 48.81 -28 32 50.2          21.6 rV     W84
     MN0376  + 2019 08 05.08025 18 29 48.55 -28 32 52.1          21.4 rV     W84
     MN0376  + 2019 08 05.08855 18 29 48.29 -28 32 54.2          21.5 rV     W84
     MN0376  + 2019 08 05.09931 18 29 47.95 -28 32 56.7          21.5 rV     W84
     MN0376  + 2019 08 05.20336 18 29 44.67 -28 33 21.8          22.2 rV     W84
     MN0376  + 2019 08 05.23646 18 29 44.13 -28 33 28.3          22.1 rV     W84
     MN0376  + 2019 08 05.24696 18 29 43.62 -28 33 29.5          21.9 rV     W84
     MN0376  + 2019 08 05.25524 18 29 43.30 -28 33 31.9          21.9 rV     W84
     MN0376  + 2019 08 05.26356 18 29 43.04 -28 33 34.0          21.7 rV     W84
     MN0376  + 2019 08 05.27185 18 29 42.79 -28 33 35.9          21.5 rV     W84
     MN0376  + 2019 08 05.28015 18 29 42.53 -28 33 37.8          21.6 rV     W84
     MN0376  + 2019 08 05.28844 18 29 42.26 -28 33 39.8          21.5 rV     W84
