     OCA0633 KC2021 07 08.96756 18 01 16.80 -23 05 38.5          19.2 rq     X74
     OCA0633 KC2021 07 08.97497 18 01 16.42 -23 05 40.2          19.6 rq     X74
     OCA0633 KC2021 07 08.98286 18 01 16.02 -23 05 40.7                q     X74
     OCA0633 KC2021 07 08.99090 18 01 15.69 -23 05 40.8                q     X74
     OCA0633 KC2021 07 08.99833 18 01 15.41 -23 05 41.8                q     X74
     OCA0633 KC2021 07 09.00624 18 01 14.83 -23 05 43.4          17.8 rq     X74
     OCA0633 KC2021 07 10.00004 18 00 29.41 -23 07 31.6          18.2 rq     X74
     OCA0633 KC2021 07 10.00744 18 00 28.98 -23 07 33.7          18.2 rq     X74
     OCA0633 KC2021 07 10.01534 18 00 28.53 -23 07 34.8          20.0 rq     X74
     OCA0633 KC2021 07 10.02336 18 00 28.21 -23 07 35.5          19.6 rq     X74
     OCA0633 KC2021 07 10.03079 18 00 27.85 -23 07 36.7          18.3 rq     X74
     OCA0633 KC2021 07 10.03869 18 00 27.44 -23 07 37.8          18.6 rq     X74
     OCA0633 |C2021 07 10.16083 18 00 21.68 -23 07 49.3          18.4 Vu     807
     OCA0633 |C2021 07 10.16306 18 00 21.56 -23 07 49.2          18.4 Vu     807
     OCA0633 |C2021 07 10.16520 18 00 21.44 -23 07 49.2          19.2 Vu     807


     OCA0633 |C2021 07 10.16520 18 00 21.44 -23 07 49.2          19.2 Vu     807
