     pis0001* C2012 09 15.94834 22 45 35.07 +20 57 07.5                c     122
     pis0001  C2012 09 15.96347 22 45 34.24 +20 57 03.9                c     122
     pis0001  C2012 09 15.97946 22 45 33.38 +20 57 00.6                c     122
     pis0001* C2012 09 16.05396 01 24 59.40 +29 14 32.7                c     122
     pis0001  C2012 09 16.06908 01 24 58.95 +29 14 33.3                c     122
     pis0001  C2012 09 16.08540 01 24 58.44 +29 14 33.4                c     122
     pis0001  C2012 09 16.09018 02 16 13.26 +30 09 07.7                c     122
     pis0001  C2012 09 16.10523 02 16 13.05 +30 09 11.0                c     122
     pis0001  C2012 09 16.12089 02 16 12.85 +30 09 15.1                c     122
     pis0001* C2013 07 10.91932 16 28 21.82 +07 18 40.9                c     122
     pis0001  C2013 07 10.92431 16 28 20.63 +07 18 29.4                c     122
     pis0001  C2013 07 10.92929 16 28 19.55 +07 18 21.8                c     122
     pis0001* C2014 10 17.95749 02 03 21.51 +21 40 42.0                c     122
     pis0001  C2014 10 17.96928 02 03 20.81 +21 40 39.4                c     122
     pis0001  C2014 10 17.98127 02 03 19.90 +21 40 36.0                c     122
     pis0001  C2014 10 25.94534 00 23 37.11 +27 51 17.8          20.4  c     122
     pis0001  C2014 10 25.95520 00 23 36.80 +27 51 14.6          20.5  c     122
     pis0001  C2014 10 25.96516 00 23 36.48 +27 51 09.2          20.5  c     122


     pis0001  C2014 10 25.96516 00 23 36.48 +27 51 09.2          20.5  c     122
