     NK0874  1C2020 11 06.71894 22 55 34.25 +50 06 57.5          18.3 GV     246
     NK0874  1C2020 11 06.71918 22 55 34.28 +50 07 01.4                V     246
     NK0874  1C2020 11 06.71942 22 55 34.14 +50 07 06.5                V     246
     NK0874  1C2020 11 06.71965 22 55 34.04 +50 07 10.8                V     246
     NK0874  1C2020 11 06.71990 22 55 33.97 +50 07 15.5                V     246
     NK0874  1C2020 11 06.72014 22 55 33.87 +50 07 19.1                V     246
     NK0874  1C2020 11 06.72038 22 55 33.75 +50 07 22.5                V     246
     NK0874  1C2020 11 06.81837 22 54 58.02 +50 36 24.4                V     246
     NK0874  1C2020 11 06.81861 22 54 57.78 +50 36 29.0          19.5 GV     246
     NK0874  1C2020 11 06.81885 22 54 57.86 +50 36 32.1                V     246
     NK0874  1C2020 11 06.81910 22 54 57.74 +50 36 36.1                V     246
     NK0874  1C2020 11 06.81933 22 54 57.67 +50 36 40.5          19.8 GV     246
     NK0874  1C2020 11 06.81990 22 54 57.69 +50 36 49.0                V     246
     NK0874  1C2021 10 09.79168400 33 47.96 +15 31 18.6          20.7 GV     246
     NK0874  1C2021 10 09.79225200 33 47.80 +15 31 16.8          19.8 GV     246
     NK0874  1C2021 10 09.79253600 33 47.65 +15 31 15.2                V     246
     NK0874  1C2021 10 09.79282000 33 47.49 +15 31 14.5                V     246
     NK0874  1C2021 10 09.79338700 33 46.92 +15 31 13.7          20.0 GV     246
     NK0874  1C2023 02 14.98156912 14 25.700+42 05 54.10         20.9 Rq     246
     NK0874  1C2023 02 14.98222012 14 25.440+42 05 51.20               q     246
     NK0874  1C2023 02 14.98248112 14 25.300+42 05 50.30         20.3 Rq     246
     NK0874  1C2023 02 14.98274212 14 25.200+42 05 48.70               q     246
     NK0874  1C2023 02 14.98300212 14 25.070+42 05 47.40         20.3 Rq     246
     NK0874  1C2023 02 14.98352412 14 24.920+42 05 46.00               q     246


     NK0873  1C2023 02 14.98352412 14 20.430+42 03 09.80               q     246
     NK0874  1C2023 02 14.98352412 14 24.920+42 05 46.00               q     246
