     P10hzOO* C2015 01 16.33756 07 57 16.401+16 49 26.33         21.6 wL     F51
     P10hzOO  C2015 01 16.34974 07 57 15.588+16 49 29.08         21.5 wL     F51
     P10hzOO  C2015 01 16.36195 07 57 14.793+16 49 31.80         21.6 wL     F51
     P10hzOO  C2015 01 16.37425 07 57 13.972+16 49 34.60         21.4 wL     F51
     P10hzOO OC2015 01 17.56141607 55 57.98 +16 53 50.8                V     568
     P10hzOO OC2015 01 17.56271807 55 57.90 +16 53 51.1                V     568
     P10hzOO OC2015 01 17.56401007 55 57.81 +16 53 51.4                V     568
     P10hzOO OC2015 01 19.37099707 54 02.93 +17 00 29.5                V     568
     P10hzOO OC2015 01 19.37300707 54 02.80 +17 00 30.0                V     568
     P10hzOO OC2015 01 19.37501907 54 02.65 +17 00 30.6                V     568


     G00585 *'C2015 01 26.22138 07 47 54.98 +18 01 13.4          21.4 Rt     309
     G00585  'C2015 01 26.22259 07 47 54.90 +18 01 13.5          21.4 Rt     309
     G00585  'C2015 01 26.22380 07 47 54.82 +18 01 13.5          21.2 Rt     309
     G00585  'C2015 01 26.22501 07 47 54.76 +18 01 13.5          21.4 Rt     309
     G00585  'C2015 01 26.22624 07 47 54.67 +18 01 13.3          21.3 Rt     309
     G00585  'C2015 01 26.22745 07 47 54.60 +18 01 13.4          21.4 Rt     309
     G00585  'C2015 01 26.22866 07 47 54.54 +18 01 13.3          21.5 Rt     309
     G00585  'C2015 01 26.22986 07 47 54.46 +18 01 13.5          21.1 Rt     309
     G00585  'C2015 01 26.23107 07 47 54.38 +18 01 13.4          21.4 Rt     309
     G00585  'C2015 01 26.23227 07 47 54.31 +18 01 13.4          21.7 Rt     309
     GB0069 *(C2015 01 26.22138 07 47 54.96 +18 01 13.2          21.6  q     309
     GB0069  (C2015 01 26.22501 07 47 54.76 +18 01 13.4          21.5  q     309
     GB0069  (C2015 01 26.22866 07 47 54.53 +18 01 13.3          21.6  q     309
     GB0069  (C2015 01 26.23227 07 47 54.31 +18 01 13.3          21.6  q     309
     P10hzOO OC2015 01 19.37501907 54 02.65 +17 00 30.6                V     568
     P10hzwg OC2015 01 19.37501907 53 50.64 +16 57 03.3                V     568
