     MA67954*1C2015 03 23.13808 10 20 42.96 +11 49 27.7          22.8 Ro     695
     MA67954 1C2015 03 23.20204 10 20 42.68 +11 49 29.2                o     695
     MA67954 1C2015 03 23.26541 10 20 42.39 +11 49 30.6                o     695
     MA67954*1C2015 04 15.17849 10 19 15.33 +11 56 32.9          23.1 Ro     695
     MA67954 1C2015 04 15.25040 10 19 15.12 +11 56 33.9                o     695
     MA67954 1C2015 04 15.32937 10 19 14.89 +11 56 34.7                o     695
     MA67954* C2015 04 24.14928 10 18 52.83 +11 58 08.4          23.2 Ro     G37
     MA67954  C2015 04 24.25541 10 18 52.60 +11 58 09.1                o     G37


     LA2103   C2015 04 24.25541 10 19 13.15 +12 03 21.1                o     G37
     MA67954  C2015 04 24.25541 10 18 52.60 +11 58 09.1                o     G37
