     obj10   1C2002 02 17.01748 08 13 54.44 +02 05 22.9          19.1 Rc     561
     obj10   1C2002 02 17.02164 08 13 54.39 +02 05 21.4          19.2 Rc     561
     obj10   1C2003 05 04.03825 11 49 39.26 +41 09 35.5          20.0 Rc     561
     obj10   1C2003 05 04.04259 11 49 39.29 +41 09 33.3          20.0 Rc     561
     obj10   1C2003 05 04.04631 11 49 39.29 +41 09 32.2          20.0 Rc     561
     obj10  *1C2013 07 01.91207 16 31 30.90 +12 40 10.6          19.83Rq     561
     obj10   1C2013 07 01.91579 16 31 30.79 +12 40 09.4          20.33Rq     561
     obj10   1C2013 07 01.91949 16 31 30.71 +12 40 07.9          20.04Rq     561
     obj10   1C2013 07 01.92321 16 31 30.68 +12 40 06.2          19.93Rq     561
     obj10  *1C2013 08 09.03578 22 32 33.34 +01 07 47.0          20.4 Rq     561
     obj10   1C2013 08 09.03948 22 32 33.20 +01 07 45.0          20.98Rq     561
     obj10   1C2013 08 09.04318 22 32 33.10 +01 07 44.5          19.9 Rq     561
     obj10   1C2013 08 09.04689 22 32 32.98 +01 07 43.1          21.49Rq     561


     obj10   1C2013 08 09.04689 22 32 32.98 +01 07 43.1          21.49Rq     561
