     MN0535  + 2019 06 30.01183 18 28 41.13 -28 39 13.0          21.9 rV     W84
     MN0535  + 2019 06 30.03657 18 28 39.77 -28 39 10.0          22.3 rV     W84
     MN0535  + 2019 06 30.04484 18 28 39.31 -28 39 09.1          21.9 rV     W84
     MN0535  + 2019 06 30.05311 18 28 38.86 -28 39 08.3          22.0 rV     W84
     MN0535  + 2019 06 30.06138 18 28 38.39 -28 39 07.4          21.9 rV     W84
     MN0535  + 2019 06 30.06963 18 28 37.94 -28 39 06.6          21.9 rV     W84
     MN0535  + 2019 06 30.07791 18 28 37.48 -28 39 05.7          22.0 rV     W84
     MN0535  + 2019 06 30.08618 18 28 37.02 -28 39 05.0          22.0 rV     W84
     MN0535  + 2019 06 30.09447 18 28 36.55 -28 39 04.2          22.0 rV     W84
     MN0535  + 2019 06 30.10272 18 28 36.09 -28 39 03.3          21.9 rV     W84
     MN0535  + 2019 06 30.11100 18 28 35.62 -28 39 02.4          21.9 rV     W84
     MN0535  + 2019 06 30.12839 18 28 34.65 -28 39 00.7          22.0 rV     W84
     MN0535  + 2019 06 30.13664 18 28 34.20 -28 38 59.9          22.2 rV     W84
     MN0535  + 2019 06 30.21331 18 28 29.90 -28 38 51.9          21.8 rV     W84
     MN0535  + 2019 06 30.22155 18 28 29.43 -28 38 50.9          21.9 rV     W84
     MN0535  + 2019 06 30.22979 18 28 28.95 -28 38 50.0          22.1 rV     W84
     MN0535  + 2019 06 30.24638 18 28 28.29 -28 38 49.3          21.6 rV     W84
     MN0535  + 2019 06 30.25464 18 28 28.05 -28 38 48.2          21.9 rV     W84
     MN0535  + 2019 06 30.26334 18 28 27.58 -28 38 47.3          22.0 rV     W84
     MN0535  + 2019 06 30.27160 18 28 27.09 -28 38 46.3          21.9 rV     W84
     MN0535  + 2019 06 30.27987 18 28 26.62 -28 38 45.4          21.7 rV     W84
     MN0535  + 2019 06 30.28815 18 28 26.15 -28 38 44.3          22.0 rV     W84
     MN0535  + 2019 06 30.29644 18 28 25.71 -28 38 43.5          22.1 rV     W84
     MN0535  + 2019 06 30.31369 18 28 24.76 -28 38 41.2          22.1 rV     W84
     MN0535  + 2019 06 30.32197 18 28 24.27 -28 38 40.3          22.0 rV     W84
     MN0535  + 2019 06 30.33851 18 28 23.38 -28 38 38.9          22.2 rV     W84
     MN0535  + 2019 06 30.34679 18 28 22.89 -28 38 37.6          21.9 rV     W84
     MN0535  + 2019 06 30.35508 18 28 22.43 -28 38 36.9          21.9 rV     W84
     MN0535  + 2019 06 30.36332 18 28 21.98 -28 38 35.8          22.0 rV     W84
     MN0535  + 2019 06 30.37162 18 28 21.52 -28 38 34.9          22.2 rV     W84
     MN0535  + 2019 06 30.39647 18 28 20.14 -28 38 31.6          21.7 rV     W84
     MN0535  + 2019 07 01.17420 18 27 37.70 -28 37 07.3          22.1 rV     W84
     MN0535  + 2019 07 01.18249 18 27 37.24 -28 37 06.5          22.1 rV     W84
     MN0535  + 2019 07 01.19076 18 27 36.77 -28 37 05.6          22.0 rV     W84
     MN0535  + 2019 07 01.20041 18 27 36.23 -28 37 04.4          22.0 rV     W84
     MN0535  + 2019 07 01.21846 18 27 35.23 -28 37 02.3          22.4 rV     W84
     MN0535  + 2019 07 01.24339 18 27 34.29 -28 37 00.6          21.9 rV     W84
     MN0535  + 2019 07 01.25997 18 27 33.33 -28 36 57.8          22.0 rV     W84
     MN0535  + 2019 07 01.27653 18 27 32.90 -28 36 57.6          22.0 rV     W84
     MN0535  + 2019 07 01.28481 18 27 31.98 -28 36 55.7          22.1 rV     W84
     MN0535  + 2019 07 01.29309 18 27 31.51 -28 36 54.6          21.8 rV     W84
     MN0535  + 2019 07 01.30139 18 27 31.06 -28 36 53.8          21.9 rV     W84
     MN0535  + 2019 07 01.31093 18 27 30.60 -28 36 52.8          21.8 rV     W84
     MN0535  + 2019 07 01.31924 18 27 30.06 -28 36 51.7          22.0 rV     W84
     MN0535  + 2019 07 01.32749 18 27 29.60 -28 36 50.7          22.0 rV     W84
     MN0535  + 2019 07 01.33576 18 27 29.14 -28 36 49.8          21.8 rV     W84
     MN0535  + 2019 07 01.34402 18 27 28.68 -28 36 48.8          22.0 rV     W84
     MN0535  + 2019 07 01.35228 18 27 28.25 -28 36 47.7          21.9 rV     W84
     MN0535  + 2019 07 01.36883 18 27 27.37 -28 36 45.4          21.9 rV     W84
     MN0535  + 2019 07 01.38046 18 27 26.86 -28 36 44.8          22.2 rV     W84
     MN0535  + 2019 07 01.38873 18 27 26.22 -28 36 43.3          22.0 rV     W84
     MN0535  + 2019 07 02.10074 18 26 47.55 -28 35 23.3          25.7 rV     W84
     MN0535  + 2019 07 02.11098 18 26 47.00 -28 35 21.7          22.1 rV     W84
     MN0535  + 2019 07 02.11929 18 26 46.59 -28 35 21.2          21.6 rV     W84
     MN0535  + 2019 07 02.12758 18 26 46.12 -28 35 20.2          23.3 rV     W84
     MN0535  + 2019 07 02.14418 18 26 45.64 -28 35 19.2          24.4 rV     W84
     MN0535  + 2019 07 02.22069 18 26 41.63 -28 35 10.7          22.9 rV     W84
     MN0535  + 2019 07 02.24547 18 26 40.35 -28 35 07.8          19.3 rV     W84
     MN0535  + 2019 07 02.25374 18 26 39.84 -28 35 07.3          22.6 rV     W84
     MN0535  + 2019 07 02.26199 18 26 39.35 -28 35 06.4          23.7 rV     W84
     MN0535  + 2019 07 02.27025 18 26 38.84 -28 35 05.3          22.3 rV     W84
     MN0535  + 2019 07 02.27851 18 26 38.39 -28 35 04.0          25.0 rV     W84
     MN0535  + 2019 07 02.28677 18 26 37.89 -28 35 03.0          22.1 rV     W84
     MN0535  + 2019 07 02.32076 18 26 36.36 -28 35 00.5          23.6 rV     W84
     MN0535  + 2019 07 02.32904 18 26 35.87 -28 34 59.2          20.4 rV     W84
     MN0535  + 2019 07 02.33823 18 26 35.39 -28 34 58.4          23.0 rV     W84
     MN0535  + 2019 07 02.34650 18 26 34.88 -28 34 57.2          24.0 rV     W84


     MN0064  + 2019 07 02.34650 18 26 37.08 -28 23 55.1          23.4 rV     W84
     MN0067  + 2019 07 02.34650 18 27 22.38 -28 25 51.4          23.2 rV     W84
     MN0068  + 2019 07 02.34650 18 27 29.26 -28 24 25.1          22.5 rV     W84
     MN0068  + 2019 07 02.35478 18 27 28.83 -28 24 25.4          24.0 rV     W84
     MN0224  + 2019 07 02.34650 18 25 28.81 -28 35 53.0          21.7 rV     W84
     MN0284  + 2019 07 02.34650 18 26 23.29 -28 32 16.4          21.2 rV     W84
     MN0284  + 2019 07 02.35478 18 26 22.70 -28 32 18.1          21.8 rV     W84
     MN0327  + 2019 07 02.34650 18 27 45.84 -28 33 31.5          22.3 rV     W84
     MN0535  + 2019 07 02.34650 18 26 34.88 -28 34 57.2          24.0 rV     W84
     MN0536  + 2019 07 02.34650 18 26 30.09 -28 43 58.5          22.9 rV     W84
     MN0536  + 2019 07 02.35478 18 26 29.47 -28 43 57.5          22.6 rV     W84
     MN0555  + 2019 07 02.34650 18 27 46.28 -28 34 27.9          23.3 rV     W84
     MN0555  + 2019 07 02.35478 18 27 45.68 -28 34 25.9          23.2 rV     W84
     MN0276  + 2019 07 02.35478 18 25 22.22 -28 33 00.9          23.7 rV     W84
     MN0284  + 2019 07 02.35478 18 26 22.70 -28 32 18.1          21.8 rV     W84
     MN0276  + 2019 07 02.35478 18 25 22.22 -28 33 00.9          23.7 rV     W84
     MN0284  + 2019 07 02.35478 18 26 22.70 -28 32 18.1          21.8 rV     W84
