     obj11   1C2004 04 14.97847 16 19 20.49 +52 42 41.8          19.5 Rc     561
     obj11   1C2004 04 14.98252 16 19 21.11 +52 42 42.3          19.5 Rc     561
     obj11   1C2004 04 14.98634 16 19 21.73 +52 42 45.6          19.5 Rc     561
     obj11  *1C2010 10 07.97624 04 35 53.91 +34 49 06.7          20.1 Ru     561
     obj11   1C2010 10 07.97994 04 35 53.79 +34 49 11.3          20.4 Ru     561
     obj11   1C2010 10 07.98363 04 35 53.57 +34 49 12.1          20.0 Ru     561
     obj11  *1C2013 08 09.03578 22 30 27.11 +01 13 20.8          20.45Rq     561
     obj11   1C2013 08 09.03948 22 30 26.90 +01 13 18.6          20.60Rq     561
     obj11   1C2013 08 09.04318 22 30 26.68 +01 13 16.9          20.8 Rq     561


     obj11   1C2013 08 09.04318 22 30 26.68 +01 13 16.9          20.8 Rq     561
