     NK0865   C2018 04 21.93505 15 12 11.14 +23 48 41.9          18.5 Rq     246
     NK0865   C2018 04 21.93516 15 12 10.68 +23 48 42.7                q     246
     NK0865   C2018 04 21.93526 15 12 10.40 +23 48 41.9                q     246
     NK0865   C2018 04 21.93536 15 12 10.16 +23 48 40.6                q     246
     NK0865   C2018 04 22.00222 15 08 43.13 +23 42 46.7          18.9 Rq     246
     NK0865   C2018 04 22.00236 15 08 42.70 +23 42 43.6          18.8 Rq     246
     NK0865   C2018 04 22.91411 14 21 36.36 +21 50 54.9          18.8 Rq     246
     NK0865   C2018 04 22.91422 14 21 35.95 +21 50 54.2                q     246
     NK0865   C2018 04 22.91434 14 21 35.64 +21 50 53.8          19.0 Rq     246
     NK0865   C2018 04 22.92049 14 21 16.25 +21 49 57.8          18.7 Rq     246
     NK0865   C2018 04 22.92083 14 21 15.85 +21 49 56.4          18.7 Rq     246
     NK0865   C2018 04 22.92152 14 21 13.27 +21 49 49.6                q     246
     NK0865  KC2018 04 23.93125 13 31 31.56 +18 50 47.7          18.8 Rq     160
     NK0865  KC2018 04 23.93401 13 31 36.26 +18 51 04.7          18.9 Rq     160
     NK0865  KC2018 04 23.93676 13 31 39.41 +18 51 20.7          19.4 Rq     160
     NK0865   C2018 10 13.79561 22 48 54.59 +20 25 03.7          19.5  V     246
     NK0865   C2018 10 13.79610 22 48 54.90 +20 25 00.7                V     246
     NK0865   C2018 10 13.79755 22 48 55.00 +20 25 00.9                V     246
     NK0865   C2018 10 13.79833 22 48 55.04 +20 24 59.0                V     246
     NK0865   C2018 10 13.79892 22 48 54.92 +20 24 59.1                V     246
     NK0865   C2018 10 13.79921 22 48 54.95 +20 24 59.6                V     246


     NK0865   C2018 10 13.79921 22 48 54.95 +20 24 59.6                V     246
