     obj15   1C2001 12 15.06522 04 43 22.04 +29 59 30.8          19.2 Rc     561
     obj15   1C2001 12 15.06997 04 43 22.00 +29 59 26.5          19.6 Rc     561
     obj15   1C2001 12 15.07454 04 43 22.01 +29 59 31.0          20.1 Rc     561
     obj15   1C2003 05 03.96238 12 14 28.90 -10 41 01.1          19.5 Rc     561
     obj15   1C2003 05 03.96667 12 14 28.61 -10 41 06.2          19.5 Rc     561
     obj15   1C2003 05 03.97072 12 14 28.23 -10 41 10.9          19.5 Rc     561
     obj15   1C2006 06 01.05683 17 56 34.72 +22 53 47.6          18.1 Rc     561
     obj15   1C2006 06 01.05767 17 56 34.51 +22 53 52.0          18.1 Rc     561
     obj15   1C2006 06 01.05854 17 56 34.15 +22 53 56.6          18.0 Rc     561


     obj02   1C2006 06 01.05854 17 57 27.11 +22 51 59.4          18.3 Rc     561
     obj15   1C2006 06 01.05854 17 56 34.15 +22 53 56.6          18.0 Rc     561
