     MN0367  + 2019 08 03.06253 18 31 14.42 -28 30 32.5          22.3 rV     W84
     MN0367  + 2019 08 03.08575 18 31 13.60 -28 30 36.4          22.2 rV     W84
     MN0367  + 2019 08 03.09402 18 31 13.29 -28 30 37.9          22.2 rV     W84
     MN0367  + 2019 08 03.10229 18 31 12.99 -28 30 39.2          22.1 rV     W84
     MN0367  + 2019 08 03.11062 18 31 12.67 -28 30 40.6          22.1 rV     W84
     MN0367  + 2019 08 03.11912 18 31 12.38 -28 30 41.8          22.4 rV     W84
     MN0367  + 2019 08 03.12738 18 31 12.09 -28 30 43.0          22.2 rV     W84
     MN0367  + 2019 08 03.13568 18 31 11.78 -28 30 44.4          21.9 rV     W84
     MN0367  + 2019 08 03.14397 18 31 11.48 -28 30 45.8          19.6 rV     W84
     MN0367  + 2019 08 03.17101 18 31 10.52 -28 30 49.9          21.5 rV     W84
     MN0367  + 2019 08 03.18758 18 31 09.94 -28 30 52.1          21.8 rV     W84
     MN0367  + 2019 08 03.19582 18 31 09.64 -28 30 53.6          22.8 rV     W84
     MN0367  + 2019 08 03.20409 18 31 09.34 -28 30 54.8          22.4 rV     W84
     MN0367  + 2019 08 03.21235 18 31 09.05 -28 30 56.0          22.4 rV     W84
     MN0367  + 2019 08 03.22291 18 31 08.69 -28 30 57.7          22.4 rV     W84
     MN0367  + 2019 08 03.23118 18 31 08.38 -28 30 58.8          22.4 rV     W84
     MN0367  + 2019 08 03.23948 18 31 08.09 -28 30 59.9          22.3 rV     W84
     MN0367  + 2019 08 03.25206 18 31 07.66 -28 31 01.8          22.4 rV     W84
     MN0367  + 2019 08 03.26035 18 31 07.37 -28 31 03.1          22.3 rV     W84
     MN0367  + 2019 08 03.28517 18 31 06.52 -28 31 06.6          22.5 rV     W84
     MN0367  + 2019 08 03.29345 18 31 06.24 -28 31 07.9          22.6 rV     W84
     MN0367  + 2019 08 04.01356 18 30 43.56 -28 33 01.4          22.2 rV     W84
     MN0367  + 2019 08 04.02185 18 30 43.27 -28 33 03.0          23.3 rV     W84
     MN0367  + 2019 08 04.03015 18 30 43.00 -28 33 04.4          24.7 rV     W84
     MN0367  + 2019 08 04.03845 18 30 42.69 -28 33 05.5          22.3 rV     W84
     MN0367  + 2019 08 04.05499 18 30 42.15 -28 33 08.2          22.5 rV     W84
     MN0367  + 2019 08 04.06325 18 30 41.87 -28 33 09.6          22.2 rV     W84
     MN0367  + 2019 08 04.07372 18 30 41.52 -28 33 11.2          22.4 rV     W84
     MN0367  + 2019 08 04.08199 18 30 41.23 -28 33 12.6          22.1 rV     W84
     MN0367  + 2019 08 04.09028 18 30 40.95 -28 33 13.7          24.4 rV     W84
     MN0367  + 2019 08 04.09855 18 30 40.65 -28 33 15.0          22.7 rV     W84
     MN0367  + 2019 08 04.10817 18 30 40.31 -28 33 16.5          22.7 rV     W84
     MN0367  + 2019 08 04.11865 18 30 39.96 -28 33 18.1          23.2 rV     W84
     MN0367  + 2019 08 04.14350 18 30 39.14 -28 33 21.9          22.4 rV     W84
     MN0367  + 2019 08 04.15177 18 30 38.84 -28 33 23.0          22.8 rV     W84
     MN0367  + 2019 08 04.16005 18 30 38.57 -28 33 24.2          22.4 rV     W84
     MN0367  + 2019 08 04.17672 18 30 38.00 -28 33 26.8          22.2 rV     W84
     MN0367  + 2019 08 05.01164 18 30 12.99 -28 35 32.4          23.0 rV     W84
     MN0367  + 2019 08 05.01994 18 30 12.74 -28 35 33.7          24.2 rV     W84
     MN0367  + 2019 08 05.02826 18 30 12.44 -28 35 35.0          22.5 rV     W84
     MN0367  + 2019 08 05.03654 18 30 12.19 -28 35 36.3          22.3 rV     W84
     MN0367  + 2019 08 05.04484 18 30 11.89 -28 35 37.8          22.5 rV     W84
     MN0367  + 2019 08 05.05536 18 30 11.55 -28 35 39.2          22.4 rV     W84
     MN0367  + 2019 08 05.06363 18 30 11.29 -28 35 40.4          22.5 rV     W84
     MN0367  + 2019 08 05.07194 18 30 11.01 -28 35 41.9          22.6 rV     W84
     MN0367  + 2019 08 05.08025 18 30 10.74 -28 35 43.1          22.8 rV     W84
     MN0367  + 2019 08 05.08855 18 30 10.49 -28 35 44.1          22.7 rV     W84
     MN0367  + 2019 08 05.09931 18 30 10.13 -28 35 45.8          22.7 rV     W84
     MN0367  + 2019 08 05.20336 18 30 06.84 -28 36 00.4          22.9 rV     W84
     MN0367  + 2019 08 05.21163 18 30 06.59 -28 36 01.6          22.8 rV     W84
     MN0367  + 2019 08 05.21992 18 30 06.35 -28 36 02.6          22.2 rV     W84
     MN0367  + 2019 08 05.22819 18 30 06.14 -28 36 03.5          21.5 rV     W84
     MN0367  + 2019 08 05.26356 18 30 05.31 -28 36 07.4          25.7 rV     W84
     MN0367  + 2019 08 05.27185 18 30 05.09 -28 36 07.9          24.2 rV     W84


     MN0156  + 2019 08 05.27185 18 30 10.71 -28 21 13.4          22.7 rV     W84
     MN0367  + 2019 08 05.27185 18 30 05.09 -28 36 07.9          24.2 rV     W84
     MN0368  + 2019 08 05.27185 18 30 00.27 -28 28 54.5          23.2 rV     W84
     MN0368  + 2019 08 05.28015 18 30 00.02 -28 28 54.5          22.4 rV     W84
     MN0368  + 2019 08 05.28844 18 29 59.77 -28 28 54.5          22.6 rV     W84
     MN0376  + 2019 08 05.27185 18 29 42.79 -28 33 35.9          21.5 rV     W84
     MN0376  + 2019 08 05.28015 18 29 42.53 -28 33 37.8          21.6 rV     W84
     MN0376  + 2019 08 05.28844 18 29 42.26 -28 33 39.8          21.5 rV     W84
     MN0520  + 2019 08 05.28015 18 27 31.76 -28 39 23.6          22.4 rV     W84
     MN0551  + 2019 08 05.28015 18 29 24.45 -28 45 41.7          22.8 rV     W84
     MN0551  + 2019 08 05.28844 18 29 24.13 -28 45 40.5          22.6 rV     W84
     MN0618  + 2019 08 05.28844 18 30 15.30 -28 33 08.0          22.2 rV     W84
     MN0376  + 2019 08 05.28015 18 29 42.53 -28 33 37.8          21.6 rV     W84
     MN0376  + 2019 08 05.28844 18 29 42.26 -28 33 39.8          21.5 rV     W84
     MN0618  + 2019 08 05.28844 18 30 15.30 -28 33 08.0          22.2 rV     W84
     MN0376  + 2019 08 05.28015 18 29 42.53 -28 33 37.8          21.6 rV     W84
     MN0376  + 2019 08 05.28844 18 29 42.26 -28 33 39.8          21.5 rV     W84
     MN0618  + 2019 08 05.28844 18 30 15.30 -28 33 08.0          22.2 rV     W84
