     MN0456  + 2019 06 30.02832 18 26 59.73 -28 43 20.8          22.3 rV     W84
     MN0456  + 2019 06 30.03657 18 26 59.17 -28 43 17.8          22.2 rV     W84
     MN0456  + 2019 06 30.04484 18 26 58.64 -28 43 14.9          22.2 rV     W84
     MN0456  + 2019 06 30.05311 18 26 58.07 -28 43 11.8          22.3 rV     W84
     MN0456  + 2019 06 30.06138 18 26 57.52 -28 43 09.0          23.0 rV     W84
     MN0456  + 2019 06 30.06963 18 26 56.99 -28 43 06.0          22.6 rV     W84
     MN0456  + 2019 06 30.07791 18 26 56.43 -28 43 03.0          22.5 rV     W84
     MN0456  + 2019 06 30.09447 18 26 55.32 -28 42 56.9          22.0 rV     W84
     MN0456  + 2019 06 30.10272 18 26 54.79 -28 42 54.1          22.3 rV     W84
     MN0456  + 2019 06 30.11100 18 26 54.24 -28 42 51.2          22.0 rV     W84
     MN0456  + 2019 06 30.13664 18 26 52.54 -28 42 41.9          22.1 rV     W84
     MN0456  + 2019 06 30.14492 18 26 51.98 -28 42 38.9          22.0 rV     W84
     MN0456  + 2019 06 30.15319 18 26 51.42 -28 42 36.0          22.2 rV     W84
     MN0456  + 2019 06 30.16148 18 26 50.85 -28 42 32.6          21.8 rV     W84
     MN0456  + 2019 06 30.17882 18 26 49.72 -28 42 26.4          22.1 rV     W84
     MN0456  + 2019 06 30.18708 18 26 49.17 -28 42 23.4          23.1 rV     W84
     MN0456  + 2019 06 30.19536 18 26 48.63 -28 42 20.4          22.7 rV     W84
     MN0456  + 2019 06 30.21331 18 26 47.43 -28 42 13.7          22.3 rV     W84
     MN0456  + 2019 06 30.22155 18 26 46.87 -28 42 10.8          22.1 rV     W84
     MN0456  + 2019 06 30.22979 18 26 46.34 -28 42 07.4          21.6 rV     W84
     MN0456  + 2019 06 30.23808 18 26 45.80 -28 42 04.4          22.1 rV     W84
     MN0456  + 2019 06 30.24638 18 26 45.25 -28 42 01.3          22.9 rV     W84
     MN0456  + 2019 06 30.25464 18 26 44.69 -28 41 58.5          23.6 rV     W84
     MN0456  + 2019 06 30.26334 18 26 44.09 -28 41 55.0          22.1 rV     W84
     MN0456  + 2019 06 30.27160 18 26 43.55 -28 41 51.8          22.2 rV     W84
     MN0456  + 2019 06 30.27987 18 26 43.03 -28 41 48.7          22.3 rV     W84
     MN0456  + 2019 06 30.28815 18 26 42.47 -28 41 45.7          22.8 rV     W84
     MN0456  + 2019 06 30.29644 18 26 41.95 -28 41 42.4          24.2 rV     W84
     MN0456  + 2019 06 30.30472 18 26 41.36 -28 41 39.2          22.7 rV     W84
     MN0456  + 2019 06 30.31369 18 26 40.77 -28 41 36.0          22.5 rV     W84
     MN0456  + 2019 06 30.32197 18 26 40.23 -28 41 32.5          22.0 rV     W84
     MN0456  + 2019 06 30.33023 18 26 39.69 -28 41 29.4          22.3 rV     W84
     MN0456  + 2019 06 30.33851 18 26 39.14 -28 41 26.2          22.0 rV     W84
     MN0456  + 2019 06 30.34679 18 26 38.59 -28 41 23.0          22.0 rV     W84
     MN0456  + 2019 06 30.35508 18 26 38.06 -28 41 20.0          17.1 rV     W84
     MN0456  + 2019 06 30.36332 18 26 37.52 -28 41 16.5          22.1 rV     W84
     MN0456  + 2019 06 30.37162 18 26 36.97 -28 41 13.3          22.0 rV     W84
     MN0456  + 2019 06 30.38818 18 26 35.89 -28 41 06.6          22.0 rV     W84
     MN0456  + 2019 07 01.07307 18 25 53.31 -28 36 52.7          22.3 rV     W84
     MN0456  + 2019 07 01.08132 18 25 52.76 -28 36 50.0          22.7 rV     W84
     MN0456  + 2019 07 01.08962 18 25 52.23 -28 36 46.9          22.1 rV     W84
     MN0456  + 2019 07 01.09791 18 25 51.69 -28 36 43.9          22.4 rV     W84
     MN0456  + 2019 07 01.10615 18 25 51.14 -28 36 41.1          22.3 rV     W84
     MN0456  + 2019 07 01.12269 18 25 50.06 -28 36 35.2          21.9 rV     W84
     MN0456  + 2019 07 01.13096 18 25 49.51 -28 36 32.0          22.1 rV     W84
     MN0456  + 2019 07 01.14935 18 25 48.29 -28 36 25.2          22.2 rV     W84
     MN0456  + 2019 07 01.16591 18 25 47.19 -28 36 19.1          22.3 rV     W84
     MN0456  + 2019 07 01.17420 18 25 46.64 -28 36 16.1          22.4 rV     W84
     MN0456  + 2019 07 01.18249 18 25 46.09 -28 36 12.8          22.6 rV     W84
     MN0456  + 2019 07 01.19076 18 25 45.54 -28 36 09.7          22.5 rV     W84
     MN0456  + 2019 07 01.20041 18 25 44.89 -28 36 06.0          22.7 rV     W84
     MN0456  + 2019 07 01.29309 18 25 38.76 -28 35 30.8          23.1 rV     W84
     MN0456  + 2019 07 01.31093 18 25 37.62 -28 35 23.7          23.2 rV     W84
     MN0456  + 2019 07 01.31924 18 25 37.07 -28 35 20.6          22.4 rV     W84
     MN0456  + 2019 07 01.33576 18 25 36.02 -28 35 14.1          22.9 rV     W84
     MN0456  + 2019 07 01.34402 18 25 35.46 -28 35 10.9          22.2 rV     W84
     MN0456  + 2019 07 01.35228 18 25 34.92 -28 35 07.6          21.9 rV     W84
     MN0456  + 2019 07 01.36056 18 25 34.41 -28 35 04.6          21.8 rV     W84
     MN0456  + 2019 07 01.36883 18 25 33.86 -28 35 01.2          21.9 rV     W84
     MN0456  + 2019 07 01.38046 18 25 33.12 -28 34 56.9          21.9 rV     W84
     MN0456  + 2019 07 01.38873 18 25 32.60 -28 34 53.6          22.3 rV     W84
     MN0456  + 2019 07 02.09244 18 24 49.16 -28 30 29.3          22.6 rV     W84
     MN0456  + 2019 07 02.10074 18 24 48.62 -28 30 26.1          22.8 rV     W84
     MN0456  + 2019 07 02.11098 18 24 47.93 -28 30 22.9          22.4 rV     W84
     MN0456  + 2019 07 02.11929 18 24 47.38 -28 30 20.3          22.4 rV     W84
     MN0456  + 2019 07 02.12758 18 24 46.82 -28 30 17.6          18.6 rV     W84
     MN0456  + 2019 07 02.13588 18 24 46.30 -28 30 14.1          22.5 rV     W84
     MN0456  + 2019 07 02.14418 18 24 45.78 -28 30 10.7          22.6 rV     W84
     MN0456  + 2019 07 02.21243 18 24 41.27 -28 29 46.2          24.0 rV     W84
     MN0456  + 2019 07 02.22069 18 24 40.76 -28 29 43.2          20.1 rV     W84
     MN0456  + 2019 07 02.22897 18 24 40.17 -28 29 40.1          17.6 rV     W84
     MN0456  + 2019 07 02.24547 18 24 39.08 -28 29 32.8          22.0 rV     W84
     MN0456  + 2019 07 02.25374 18 24 38.60 -28 29 30.4          20.3 rV     W84
     MN0456  + 2019 07 02.26199 18 24 38.04 -28 29 26.2          22.8 rV     W84
     MN0456  + 2019 07 02.27851 18 24 37.14 -28 29 24.8          25.9 rV     W84
     MN0456  + 2019 07 02.29502 18 24 36.95 -28 29 20.4          22.4 rV     W84
     MN0456  + 2019 07 02.32076 18 24 35.92 -28 29 12.7          21.2 rV     W84
     MN0456  + 2019 07 02.32904 18 24 35.36 -28 29 11.2          22.9 rV     W84
     MN0456  + 2019 07 02.33823 18 24 34.78 -28 29 05.9          22.5 rV     W84
     MN0456  + 2019 07 02.34650 18 24 34.25 -28 29 02.0          22.8 rV     W84


     MN0224  + 2019 07 02.34650 18 25 28.81 -28 35 53.0          21.7 rV     W84
     MN0276  + 2019 07 02.35478 18 25 22.22 -28 33 00.9          23.7 rV     W84
     MN0456  + 2019 07 02.34650 18 24 34.25 -28 29 02.0          22.8 rV     W84
