     MN0555  + 2019 06 30.02008 18 30 22.19 -28 43 04.0          20.7 rV     W84
     MN0555  + 2019 06 30.02832 18 30 21.61 -28 43 02.1          22.5 rV     W84
     MN0555  + 2019 06 30.03657 18 30 21.07 -28 43 00.6          22.6 rV     W84
     MN0555  + 2019 06 30.04484 18 30 20.47 -28 42 59.0          22.2 rV     W84
     MN0555  + 2019 06 30.05311 18 30 19.91 -28 42 57.3          22.6 rV     W84
     MN0555  + 2019 06 30.06963 18 30 18.75 -28 42 54.0          22.6 rV     W84
     MN0555  + 2019 06 30.07791 18 30 18.17 -28 42 52.3          22.4 rV     W84
     MN0555  + 2019 06 30.08618 18 30 17.62 -28 42 50.7          22.9 rV     W84
     MN0555  + 2019 06 30.09447 18 30 17.01 -28 42 49.0          22.6 rV     W84
     MN0555  + 2019 06 30.10272 18 30 16.45 -28 42 47.1          22.4 rV     W84
     MN0555  + 2019 06 30.11100 18 30 15.87 -28 42 45.5          22.5 rV     W84
     MN0555  + 2019 06 30.14492 18 30 14.13 -28 42 41.7          23.4 rV     W84
     MN0555  + 2019 06 30.15319 18 30 13.48 -28 42 38.6          22.5 rV     W84
     MN0555  + 2019 06 30.16148 18 30 12.91 -28 42 37.0          22.6 rV     W84
     MN0555  + 2019 06 30.16978 18 30 12.33 -28 42 35.1          22.4 rV     W84
     MN0555  + 2019 06 30.17882 18 30 11.74 -28 42 33.4          22.6 rV     W84
     MN0555  + 2019 06 30.18708 18 30 11.09 -28 42 31.4          22.5 rV     W84
     MN0555  + 2019 06 30.19536 18 30 10.52 -28 42 29.8          22.3 rV     W84
     MN0555  + 2019 06 30.20502 18 30 09.93 -28 42 27.9          22.7 rV     W84
     MN0555  + 2019 06 30.21331 18 30 09.25 -28 42 26.0          22.4 rV     W84
     MN0555  + 2019 06 30.22979 18 30 08.12 -28 42 22.6          22.4 rV     W84
     MN0555  + 2019 06 30.24638 18 30 06.85 -28 42 18.7          22.9 rV     W84
     MN0555  + 2019 06 30.25464 18 30 06.39 -28 42 16.4          22.7 rV     W84
     MN0555  + 2019 06 30.26334 18 30 05.78 -28 42 14.9          22.6 rV     W84
     MN0555  + 2019 06 30.27160 18 30 05.16 -28 42 12.9          22.5 rV     W84
     MN0555  + 2019 06 30.30472 18 30 02.84 -28 42 05.0          22.4 rV     W84
     MN0555  + 2019 06 30.31369 18 30 02.25 -28 42 03.6          22.5 rV     W84
     MN0555  + 2019 06 30.32197 18 30 01.63 -28 42 01.5          22.5 rV     W84
     MN0555  + 2019 06 30.33023 18 30 01.05 -28 41 59.6          22.3 rV     W84
     MN0555  + 2019 06 30.33851 18 30 00.47 -28 41 57.7          22.7 rV     W84
     MN0555  + 2019 06 30.34679 18 29 59.91 -28 41 55.7          22.8 rV     W84
     MN0555  + 2019 07 01.00497 18 29 16.36 -28 39 28.9          23.5 rV     W84
     MN0555  + 2019 07 01.01324 18 29 15.81 -28 39 27.2          23.7 rV     W84
     MN0555  + 2019 07 01.04818 18 29 13.38 -28 39 20.2          22.9 rV     W84
     MN0555  + 2019 07 01.05649 18 29 12.79 -28 39 18.4          22.5 rV     W84
     MN0555  + 2019 07 01.06479 18 29 12.21 -28 39 16.7          22.5 rV     W84
     MN0555  + 2019 07 01.07307 18 29 11.64 -28 39 15.2          22.2 rV     W84
     MN0555  + 2019 07 01.08132 18 29 11.06 -28 39 13.4          22.4 rV     W84
     MN0555  + 2019 07 01.08962 18 29 10.48 -28 39 11.7          22.6 rV     W84
     MN0555  + 2019 07 01.09791 18 29 09.90 -28 39 09.9          22.4 rV     W84
     MN0555  + 2019 07 01.10615 18 29 09.34 -28 39 08.3          22.4 rV     W84
     MN0555  + 2019 07 01.11441 18 29 08.75 -28 39 06.3          22.6 rV     W84
     MN0555  + 2019 07 01.12269 18 29 08.18 -28 39 04.8          22.8 rV     W84
     MN0555  + 2019 07 01.13096 18 29 07.58 -28 39 02.9          22.3 rV     W84
     MN0555  + 2019 07 01.14108 18 29 06.88 -28 39 00.7          22.6 rV     W84
     MN0555  + 2019 07 01.14935 18 29 06.32 -28 38 58.9          22.5 rV     W84
     MN0555  + 2019 07 01.16591 18 29 05.13 -28 38 55.3          23.0 rV     W84
     MN0555  + 2019 07 01.17420 18 29 04.56 -28 38 53.6          22.5 rV     W84
     MN0555  + 2019 07 01.18249 18 29 03.97 -28 38 51.8          22.6 rV     W84
     MN0555  + 2019 07 01.19076 18 29 03.40 -28 38 49.8          22.5 rV     W84
     MN0555  + 2019 07 01.20041 18 29 02.71 -28 38 47.6          22.6 rV     W84
     MN0555  + 2019 07 01.21017 18 29 02.03 -28 38 45.5          22.3 rV     W84
     MN0555  + 2019 07 01.21846 18 29 01.44 -28 38 43.7          22.5 rV     W84
     MN0555  + 2019 07 01.22675 18 29 00.85 -28 38 41.7          22.6 rV     W84
     MN0555  + 2019 07 01.23505 18 29 00.27 -28 38 39.9          22.8 rV     W84
     MN0555  + 2019 07 01.24339 18 28 59.69 -28 38 38.0          22.5 rV     W84
     MN0555  + 2019 07 01.25169 18 28 59.10 -28 38 35.9          23.1 rV     W84
     MN0555  + 2019 07 01.25997 18 28 58.53 -28 38 34.1          22.6 rV     W84
     MN0555  + 2019 07 01.27653 18 28 57.36 -28 38 30.1          22.5 rV     W84
     MN0555  + 2019 07 01.28481 18 28 56.78 -28 38 28.2          22.4 rV     W84
     MN0555  + 2019 07 01.29309 18 28 56.20 -28 38 26.4          22.3 rV     W84
     MN0555  + 2019 07 01.31093 18 28 54.94 -28 38 22.0          22.5 rV     W84
     MN0555  + 2019 07 01.31924 18 28 54.37 -28 38 19.9          22.6 rV     W84
     MN0555  + 2019 07 01.32749 18 28 53.80 -28 38 18.1          22.1 rV     W84
     MN0555  + 2019 07 02.10074 18 28 02.88 -28 35 23.3          24.0 rV     W84
     MN0555  + 2019 07 02.11098 18 28 02.15 -28 35 21.3          23.1 rV     W84
     MN0555  + 2019 07 02.13588 18 28 00.43 -28 35 15.8          22.6 rV     W84
     MN0555  + 2019 07 02.14418 18 27 59.84 -28 35 13.9          22.4 rV     W84
     MN0555  + 2019 07 02.15248 18 27 59.26 -28 35 12.4          23.9 rV     W84
     MN0555  + 2019 07 02.21243 18 27 55.06 -28 34 58.2          22.8 rV     W84
     MN0555  + 2019 07 02.22069 18 27 54.48 -28 34 56.8          23.0 rV     W84
     MN0555  + 2019 07 02.22897 18 27 53.92 -28 34 54.5          18.3 rV     W84
     MN0555  + 2019 07 02.23722 18 27 53.33 -28 34 52.5          24.2 rV     W84
     MN0555  + 2019 07 02.28677 18 27 50.43 -28 34 43.5          22.6 rV     W84
     MN0555  + 2019 07 02.29502 18 27 49.87 -28 34 41.2          21.5 rV     W84
     MN0555  + 2019 07 02.30420 18 27 49.28 -28 34 38.5          22.9 rV     W84
     MN0555  + 2019 07 02.31249 18 27 48.65 -28 34 36.4          23.0 rV     W84
     MN0555  + 2019 07 02.32076 18 27 48.07 -28 34 34.2          23.6 rV     W84
     MN0555  + 2019 07 02.33823 18 27 46.88 -28 34 30.8          23.7 rV     W84
     MN0555  + 2019 07 02.34650 18 27 46.28 -28 34 27.9          23.3 rV     W84
     MN0555  + 2019 07 02.35478 18 27 45.68 -28 34 25.9          23.2 rV     W84


     MN0065  + 2019 07 02.35478 18 27 36.52 -28 22 23.8          22.6 rV     W84
     MN0066  + 2019 07 02.35478 18 27 40.01 -28 23 40.5          20.9 rV     W84
     MN0068  + 2019 07 02.35478 18 27 28.83 -28 24 25.4          24.0 rV     W84
     MN0325  + 2019 07 02.35478 18 28 01.96 -28 34 20.2          21.5 rV     W84
     MN0540  + 2019 07 02.35478 18 27 59.92 -28 40 32.9          22.1 rV     W84
     MN0555  + 2019 07 02.35478 18 27 45.68 -28 34 25.9          23.2 rV     W84
