     obj30   1C2003 05 05.00943 13 20 07.09 +01 26 52.4          20.5 Rc     561
     obj30   1C2003 05 05.01383 13 20 06.95 +01 26 50.4          20.0 Rc     561
     obj30   1C2003 05 05.01765 13 20 06.72 +01 26 48.6          20.0 Rc     561
     obj30  *1C2004 12 11.78981 00 59 05.53 +04 38 24.3          20.0 Rc     561
     obj30   1C2004 12 11.79514 00 59 05.57 +04 38 23.6          20.2 Rc     561
     obj30   1C2004 12 11.79954 00 59 05.65 +04 38 23.8          19.8 Rc     561
     obj30   1C2005 02 01.89161 09 33 16.42 -02 33 38.4          19.2 Rc     561
     obj30   1C2005 02 01.89676 09 33 16.09 -02 33 32.7          19.4 Rc     561
     obj30   1C2005 02 01.90127 09 33 15.65 -02 33 30.1          19.7 Rc     561


     obj30   1C2005 02 01.90127 09 33 15.65 -02 33 30.1          19.7 Rc     561
