     MN0276  + 2019 06 30.02008 18 27 44.66 -28 35 05.3          22.4 rV     W84
     MN0276  + 2019 06 30.02832 18 27 44.16 -28 35 05.0          22.1 rV     W84
     MN0276  + 2019 06 30.03657 18 27 43.64 -28 35 04.7          22.0 rV     W84
     MN0276  + 2019 06 30.04484 18 27 43.12 -28 35 04.3          22.1 rV     W84
     MN0276  + 2019 06 30.05311 18 27 42.61 -28 35 04.1          22.1 rV     W84
     MN0276  + 2019 06 30.06138 18 27 42.10 -28 35 03.7          22.2 rV     W84
     MN0276  + 2019 06 30.06963 18 27 41.58 -28 35 03.4          22.1 rV     W84
     MN0276  + 2019 06 30.07791 18 27 41.07 -28 35 03.0          22.1 rV     W84
     MN0276  + 2019 06 30.08618 18 27 40.55 -28 35 02.8          22.0 rV     W84
     MN0276  + 2019 06 30.09447 18 27 40.03 -28 35 02.5          22.0 rV     W84
     MN0276  + 2019 06 30.10272 18 27 39.52 -28 35 02.2          22.1 rV     W84
     MN0276  + 2019 06 30.11100 18 27 39.00 -28 35 01.8          21.9 rV     W84
     MN0276  + 2019 06 30.11968 18 27 38.44 -28 35 01.5          21.9 rV     W84
     MN0276  + 2019 06 30.12839 18 27 37.91 -28 35 01.1          22.1 rV     W84
     MN0276  + 2019 06 30.13664 18 27 37.39 -28 35 00.6          22.3 rV     W84
     MN0276  + 2019 06 30.14492 18 27 36.87 -28 35 00.3          22.2 rV     W84
     MN0276  + 2019 06 30.15319 18 27 36.36 -28 35 00.0          22.2 rV     W84
     MN0276  + 2019 06 30.16978 18 27 35.31 -28 34 59.2          22.1 rV     W84
     MN0276  + 2019 06 30.17882 18 27 34.74 -28 34 58.7          20.6 rV     W84
     MN0276  + 2019 06 30.18708 18 27 34.23 -28 34 58.5          22.2 rV     W84
     MN0276  + 2019 06 30.19536 18 27 33.71 -28 34 58.0          22.1 rV     W84
     MN0276  + 2019 06 30.20502 18 27 33.11 -28 34 57.5          22.1 rV     W84
     MN0276  + 2019 06 30.21331 18 27 32.57 -28 34 57.2          22.0 rV     W84
     MN0276  + 2019 06 30.25464 18 27 30.00 -28 34 54.9          22.2 rV     W84
     MN0276  + 2019 06 30.27160 18 27 28.94 -28 34 54.0          22.1 rV     W84
     MN0276  + 2019 06 30.27987 18 27 28.42 -28 34 53.6          22.1 rV     W84
     MN0276  + 2019 06 30.28815 18 27 27.90 -28 34 53.1          21.9 rV     W84
     MN0276  + 2019 06 30.30472 18 27 27.29 -28 34 52.4          22.1 rV     W84
     MN0276  + 2019 06 30.31369 18 27 26.85 -28 34 52.2          22.2 rV     W84
     MN0276  + 2019 06 30.32197 18 27 26.29 -28 34 51.6          21.9 rV     W84
     MN0276  + 2019 06 30.33023 18 27 25.79 -28 34 51.2          21.9 rV     W84
     MN0276  + 2019 06 30.34679 18 27 24.72 -28 34 50.2          22.0 rV     W84
     MN0276  + 2019 06 30.35508 18 27 24.23 -28 34 49.7          22.1 rV     W84
     MN0276  + 2019 06 30.36332 18 27 23.72 -28 34 49.1          22.0 rV     W84
     MN0276  + 2019 06 30.37162 18 27 23.21 -28 34 48.7          22.2 rV     W84
     MN0276  + 2019 06 30.37991 18 27 22.69 -28 34 48.1          22.1 rV     W84
     MN0276  + 2019 06 30.38818 18 27 22.18 -28 34 47.7          22.1 rV     W84
     MN0276  + 2019 06 30.39647 18 27 21.63 -28 34 47.2          22.2 rV     W84
     MN0276  + 2019 06 30.40476 18 27 21.14 -28 34 46.5          22.8 rV     W84
     MN0276  + 2019 07 01.00497 18 26 44.76 -28 34 15.8          22.1 rV     W84
     MN0276  + 2019 07 01.02155 18 26 43.72 -28 34 15.1          21.9 rV     W84
     MN0276  + 2019 07 01.02997 18 26 43.20 -28 34 14.8          21.9 rV     W84
     MN0276  + 2019 07 01.03990 18 26 42.58 -28 34 14.3          22.0 rV     W84
     MN0276  + 2019 07 01.04818 18 26 42.06 -28 34 13.8          22.0 rV     W84
     MN0276  + 2019 07 01.05649 18 26 41.56 -28 34 13.5          21.7 rV     W84
     MN0276  + 2019 07 01.06479 18 26 41.01 -28 34 13.1          22.4 rV     W84
     MN0276  + 2019 07 01.07307 18 26 40.51 -28 34 12.8          22.0 rV     W84
     MN0276  + 2019 07 01.08132 18 26 40.01 -28 34 12.5          21.9 rV     W84
     MN0276  + 2019 07 01.08962 18 26 39.48 -28 34 12.0          22.0 rV     W84
     MN0276  + 2019 07 01.09791 18 26 38.96 -28 34 11.7          22.0 rV     W84
     MN0276  + 2019 07 01.10615 18 26 38.45 -28 34 11.3          22.1 rV     W84
     MN0276  + 2019 07 01.11441 18 26 37.94 -28 34 10.8          22.5 rV     W84
     MN0276  + 2019 07 01.13096 18 26 36.91 -28 34 10.3          22.1 rV     W84
     MN0276  + 2019 07 01.14108 18 26 36.27 -28 34 09.7          22.0 rV     W84
     MN0276  + 2019 07 01.16591 18 26 34.71 -28 34 08.4          22.0 rV     W84
     MN0276  + 2019 07 01.17420 18 26 34.19 -28 34 08.0          22.1 rV     W84
     MN0276  + 2019 07 01.18249 18 26 33.67 -28 34 07.5          22.0 rV     W84
     MN0276  + 2019 07 01.19076 18 26 33.15 -28 34 07.1          22.0 rV     W84
     MN0276  + 2019 07 01.20041 18 26 32.55 -28 34 06.6          22.0 rV     W84
     MN0276  + 2019 07 01.21017 18 26 31.93 -28 34 06.1          22.1 rV     W84
     MN0276  + 2019 07 01.21846 18 26 31.43 -28 34 05.6          22.3 rV     W84
     MN0276  + 2019 07 01.22675 18 26 30.89 -28 34 05.1          22.1 rV     W84
     MN0276  + 2019 07 01.23505 18 26 30.37 -28 34 04.5          22.1 rV     W84
     MN0276  + 2019 07 01.24339 18 26 29.85 -28 34 04.1          22.1 rV     W84
     MN0276  + 2019 07 01.25997 18 26 28.82 -28 34 03.3          22.1 rV     W84
     MN0276  + 2019 07 01.27653 18 26 27.77 -28 34 02.3          22.0 rV     W84
     MN0276  + 2019 07 01.28481 18 26 27.27 -28 34 01.8          22.2 rV     W84
     MN0276  + 2019 07 01.29309 18 26 26.75 -28 34 01.2          22.1 rV     W84
     MN0276  + 2019 07 01.30139 18 26 26.23 -28 34 00.7          22.0 rV     W84
     MN0276  + 2019 07 01.31093 18 26 25.64 -28 34 00.2          21.9 rV     W84
     MN0276  + 2019 07 01.31924 18 26 25.11 -28 33 59.7          22.1 rV     W84
     MN0276  + 2019 07 01.32749 18 26 24.60 -28 33 59.1          22.0 rV     W84
     MN0276  + 2019 07 01.33576 18 26 24.09 -28 33 58.5          22.2 rV     W84
     MN0276  + 2019 07 01.34402 18 26 23.57 -28 33 58.0          22.0 rV     W84
     MN0276  + 2019 07 01.35228 18 26 23.05 -28 33 57.5          21.9 rV     W84
     MN0276  + 2019 07 01.36056 18 26 22.54 -28 33 57.0          22.2 rV     W84
     MN0276  + 2019 07 01.38873 18 26 20.78 -28 33 55.2          22.1 rV     W84
     MN0276  + 2019 07 02.12758 18 25 36.39 -28 33 15.0          22.2 rV     W84
     MN0276  + 2019 07 02.13588 18 25 35.86 -28 33 14.4          22.0 rV     W84
     MN0276  + 2019 07 02.14418 18 25 35.31 -28 33 14.1          21.9 rV     W84
     MN0276  + 2019 07 02.15248 18 25 34.80 -28 33 13.9          21.6 rV     W84
     MN0276  + 2019 07 02.21243 18 25 30.98 -28 33 10.5          22.9 rV     W84
     MN0276  + 2019 07 02.22069 18 25 30.44 -28 33 09.6          23.2 rV     W84
     MN0276  + 2019 07 02.22897 18 25 29.90 -28 33 08.9          21.3 rV     W84
     MN0276  + 2019 07 02.24547 18 25 28.87 -28 33 08.1          19.5 rV     W84
     MN0276  + 2019 07 02.25374 18 25 28.37 -28 33 07.8          21.8 rV     W84
     MN0276  + 2019 07 02.26199 18 25 27.88 -28 33 07.4          24.2 rV     W84
     MN0276  + 2019 07 02.27025 18 25 27.35 -28 33 07.0          24.3 rV     W84
     MN0276  + 2019 07 02.27851 18 25 26.86 -28 33 06.1          23.0 rV     W84
     MN0276  + 2019 07 02.29502 18 25 25.84 -28 33 04.8          24.6 rV     W84
     MN0276  + 2019 07 02.30420 18 25 25.27 -28 33 04.5          23.1 rV     W84
     MN0276  + 2019 07 02.31249 18 25 24.79 -28 33 04.1          22.8 rV     W84
     MN0276  + 2019 07 02.32904 18 25 23.80 -28 33 02.6          22.5 rV     W84
     MN0276  + 2019 07 02.33823 18 25 23.22 -28 33 02.1          23.5 rV     W84
     MN0276  + 2019 07 02.35478 18 25 22.22 -28 33 00.9          23.7 rV     W84


     MN0276  + 2019 07 02.35478 18 25 22.22 -28 33 00.9          23.7 rV     W84
     MN0284  + 2019 07 02.35478 18 26 22.70 -28 32 18.1          21.8 rV     W84
