     MN0240  + 2019 06 30.01183 18 27 35.32 -28 34 56.8          22.5 rV     W84
     MN0240  + 2019 06 30.03657 18 27 34.06 -28 34 55.1          22.5 rV     W84
     MN0240  + 2019 06 30.04484 18 27 33.63 -28 34 54.8          22.4 rV     W84
     MN0240  + 2019 06 30.05311 18 27 33.20 -28 34 54.3          22.4 rV     W84
     MN0240  + 2019 06 30.06138 18 27 32.79 -28 34 53.6          22.2 rV     W84
     MN0240  + 2019 06 30.06963 18 27 32.36 -28 34 53.2          22.2 rV     W84
     MN0240  + 2019 06 30.07791 18 27 31.94 -28 34 52.8          22.1 rV     W84
     MN0240  + 2019 06 30.08618 18 27 31.51 -28 34 52.4          22.3 rV     W84
     MN0240  + 2019 06 30.09447 18 27 31.08 -28 34 51.8          22.4 rV     W84
     MN0240  + 2019 06 30.10272 18 27 30.65 -28 34 51.3          22.5 rV     W84
     MN0240  + 2019 06 30.11100 18 27 30.23 -28 34 50.9          22.2 rV     W84
     MN0240  + 2019 06 30.11968 18 27 29.79 -28 34 50.5          22.3 rV     W84
     MN0240  + 2019 06 30.12839 18 27 29.32 -28 34 49.7          22.3 rV     W84
     MN0240  + 2019 06 30.13664 18 27 28.90 -28 34 49.3          22.4 rV     W84
     MN0240  + 2019 06 30.14492 18 27 28.49 -28 34 48.8          22.5 rV     W84
     MN0240  + 2019 06 30.15319 18 27 28.05 -28 34 48.2          22.3 rV     W84
     MN0240  + 2019 06 30.16148 18 27 27.62 -28 34 47.7          22.1 rV     W84
     MN0240  + 2019 06 30.16978 18 27 27.20 -28 34 47.2          22.2 rV     W84
     MN0240  + 2019 06 30.17882 18 27 26.72 -28 34 46.6          22.3 rV     W84
     MN0240  + 2019 06 30.18708 18 27 26.29 -28 34 46.1          22.1 rV     W84
     MN0240  + 2019 06 30.19536 18 27 25.87 -28 34 45.5          22.2 rV     W84
     MN0240  + 2019 06 30.20502 18 27 25.37 -28 34 44.9          22.1 rV     W84
     MN0240  + 2019 06 30.21331 18 27 24.95 -28 34 44.4          22.2 rV     W84
     MN0240  + 2019 06 30.22155 18 27 24.50 -28 34 44.1          22.4 rV     W84
     MN0240  + 2019 06 30.25464 18 27 22.81 -28 34 41.6          22.2 rV     W84
     MN0240  + 2019 06 30.26334 18 27 22.36 -28 34 41.0          22.2 rV     W84
     MN0240  + 2019 06 30.27160 18 27 21.93 -28 34 40.4          22.2 rV     W84
     MN0240  + 2019 06 30.27987 18 27 21.51 -28 34 39.9          22.2 rV     W84
     MN0240  + 2019 06 30.28815 18 27 21.10 -28 34 39.5          22.2 rV     W84
     MN0240  + 2019 06 30.30472 18 27 20.23 -28 34 38.1          22.2 rV     W84
     MN0240  + 2019 06 30.31369 18 27 19.77 -28 34 37.5          22.2 rV     W84
     MN0240  + 2019 06 30.33023 18 27 18.91 -28 34 36.4          22.4 rV     W84
     MN0240  + 2019 06 30.33851 18 27 18.49 -28 34 35.8          22.4 rV     W84
     MN0240  + 2019 06 30.34679 18 27 18.07 -28 34 35.1          22.3 rV     W84
     MN0240  + 2019 06 30.35508 18 27 17.64 -28 34 34.6          22.2 rV     W84
     MN0240  + 2019 06 30.37162 18 27 16.79 -28 34 33.4          22.2 rV     W84
     MN0240  + 2019 06 30.37991 18 27 16.38 -28 34 32.7          22.1 rV     W84
     MN0240  + 2019 06 30.38818 18 27 15.93 -28 34 32.3          22.3 rV     W84
     MN0240  + 2019 06 30.39647 18 27 15.52 -28 34 31.5          22.4 rV     W84
     MN0240  + 2019 07 01.00497 18 26 45.39 -28 33 51.1          22.5 rV     W84
     MN0240  + 2019 07 01.01324 18 26 44.98 -28 33 50.9          24.5 rV     W84
     MN0240  + 2019 07 01.02155 18 26 44.54 -28 33 50.1          22.3 rV     W84
     MN0240  + 2019 07 01.02997 18 26 44.10 -28 33 49.7          22.4 rV     W84
     MN0240  + 2019 07 01.04818 18 26 43.18 -28 33 48.5          21.9 rV     W84
     MN0240  + 2019 07 01.05649 18 26 42.74 -28 33 48.0          22.4 rV     W84
     MN0240  + 2019 07 01.06479 18 26 42.31 -28 33 47.5          22.2 rV     W84
     MN0240  + 2019 07 01.07307 18 26 41.88 -28 33 47.0          22.3 rV     W84
     MN0240  + 2019 07 01.08132 18 26 41.46 -28 33 46.5          22.1 rV     W84
     MN0240  + 2019 07 01.09791 18 26 40.61 -28 33 45.4          22.0 rV     W84
     MN0240  + 2019 07 01.11441 18 26 39.76 -28 33 44.4          22.3 rV     W84
     MN0240  + 2019 07 01.12269 18 26 39.34 -28 33 43.8          22.2 rV     W84
     MN0240  + 2019 07 01.13096 18 26 38.91 -28 33 43.3          22.4 rV     W84
     MN0240  + 2019 07 01.14108 18 26 38.37 -28 33 42.7          22.2 rV     W84
     MN0240  + 2019 07 01.15763 18 26 37.53 -28 33 41.8          22.4 rV     W84
     MN0240  + 2019 07 01.16591 18 26 37.10 -28 33 41.0          22.3 rV     W84
     MN0240  + 2019 07 01.17420 18 26 36.68 -28 33 40.3          22.2 rV     W84
     MN0240  + 2019 07 01.18249 18 26 36.24 -28 33 39.9          22.2 rV     W84
     MN0240  + 2019 07 01.19076 18 26 35.84 -28 33 39.5          22.2 rV     W84
     MN0240  + 2019 07 01.20041 18 26 35.31 -28 33 38.8          22.5 rV     W84
     MN0240  + 2019 07 01.21017 18 26 34.82 -28 33 38.0          22.3 rV     W84
     MN0240  + 2019 07 01.21846 18 26 34.40 -28 33 37.4          22.3 rV     W84
     MN0240  + 2019 07 01.22675 18 26 33.97 -28 33 36.9          22.3 rV     W84
     MN0240  + 2019 07 01.23505 18 26 33.54 -28 33 36.2          22.4 rV     W84
     MN0240  + 2019 07 01.24339 18 26 33.11 -28 33 35.6          22.3 rV     W84
     MN0240  + 2019 07 01.25169 18 26 32.69 -28 33 34.9          22.3 rV     W84
     MN0240  + 2019 07 01.25997 18 26 32.25 -28 33 34.4          22.3 rV     W84
     MN0240  + 2019 07 01.27653 18 26 31.42 -28 33 33.3          22.3 rV     W84
     MN0240  + 2019 07 01.28481 18 26 30.99 -28 33 32.8          22.6 rV     W84
     MN0240  + 2019 07 01.29309 18 26 30.56 -28 33 32.1          22.4 rV     W84
     MN0240  + 2019 07 01.30139 18 26 30.14 -28 33 31.5          22.3 rV     W84
     MN0240  + 2019 07 01.31093 18 26 29.65 -28 33 30.6          22.5 rV     W84
     MN0240  + 2019 07 01.31924 18 26 29.22 -28 33 30.2          22.6 rV     W84
     MN0240  + 2019 07 01.32749 18 26 28.80 -28 33 29.5          22.7 rV     W84
     MN0240  + 2019 07 01.33576 18 26 28.38 -28 33 28.9          22.4 rV     W84
     MN0240  + 2019 07 01.34402 18 26 27.96 -28 33 28.3          22.3 rV     W84
     MN0240  + 2019 07 01.35228 18 26 27.53 -28 33 27.6          22.3 rV     W84
     MN0240  + 2019 07 01.36056 18 26 27.12 -28 33 27.1          22.3 rV     W84
     MN0240  + 2019 07 01.36883 18 26 26.69 -28 33 26.3          22.3 rV     W84
     MN0240  + 2019 07 02.09244 18 25 50.64 -28 32 36.8          22.0 rV     W84
     MN0240  + 2019 07 02.10074 18 25 50.24 -28 32 35.9          23.4 rV     W84
     MN0240  + 2019 07 02.11929 18 25 49.29 -28 32 34.3          22.1 rV     W84
     MN0240  + 2019 07 02.12758 18 25 48.89 -28 32 33.9          22.4 rV     W84
     MN0240  + 2019 07 02.13588 18 25 48.48 -28 32 33.3          22.5 rV     W84
     MN0240  + 2019 07 02.15248 18 25 47.64 -28 32 32.3          22.1 rV     W84


     MN0064  + 2019 07 02.15248 18 26 49.25 -28 23 17.9          22.3 rV     W84
     MN0064  + 2019 07 02.21243 18 26 45.42 -28 23 29.8          22.6 rV     W84
     MN0064  + 2019 07 02.22069 18 26 44.92 -28 23 31.4          22.2 rV     W84
     MN0064  + 2019 07 02.22897 18 26 44.39 -28 23 32.9          21.1 rV     W84
     MN0064  + 2019 07 02.23722 18 26 43.90 -28 23 34.6          23.4 rV     W84
     MN0064  + 2019 07 02.25374 18 26 42.85 -28 23 37.6          22.3 rV     W84
     MN0064  + 2019 07 02.26199 18 26 42.32 -28 23 39.2          22.8 rV     W84
     MN0064  + 2019 07 02.27025 18 26 41.82 -28 23 40.8          22.4 rV     W84
     MN0064  + 2019 07 02.27851 18 26 41.28 -28 23 42.5          23.4 rV     W84
     MN0064  + 2019 07 02.30420 18 26 39.69 -28 23 47.1          22.2 rV     W84
     MN0064  + 2019 07 02.31249 18 26 39.19 -28 23 48.6          23.0 rV     W84
     MN0064  + 2019 07 02.32904 18 26 38.15 -28 23 51.6          22.7 rV     W84
     MN0064  + 2019 07 02.33823 18 26 37.58 -28 23 53.4          22.8 rV     W84
     MN0064  + 2019 07 02.34650 18 26 37.08 -28 23 55.1          23.4 rV     W84
     MN0224  + 2019 07 02.21243 18 25 37.08 -28 36 05.1          21.2 rV     W84
     MN0224  + 2019 07 02.22069 18 25 36.54 -28 36 04.3          20.6 rV     W84
     MN0224  + 2019 07 02.25374 18 25 34.90 -28 36 02.1          21.2 rV     W84
     MN0224  + 2019 07 02.26199 18 25 34.39 -28 36 02.1          20.8 rV     W84
     MN0224  + 2019 07 02.27851 18 25 33.28 -28 35 59.0          22.3 rV     W84
     MN0224  + 2019 07 02.29502 18 25 32.23 -28 35 59.1          20.2 rV     W84
     MN0224  + 2019 07 02.30420 18 25 31.69 -28 35 57.7          18.2 rV     W84
     MN0224  + 2019 07 02.31249 18 25 31.09 -28 35 56.7          21.8 rV     W84
     MN0224  + 2019 07 02.32076 18 25 30.51 -28 35 55.5          20.4 rV     W84
     MN0224  + 2019 07 02.32904 18 25 29.99 -28 35 54.9          24.0 rV     W84
     MN0224  + 2019 07 02.33823 18 25 29.43 -28 35 53.5          20.7 rV     W84
     MN0224  + 2019 07 02.34650 18 25 28.81 -28 35 53.0          21.7 rV     W84
     MN0240  + 2019 07 02.15248 18 25 47.64 -28 32 32.3          22.1 rV     W84
     MN0276  + 2019 07 02.15248 18 25 34.80 -28 33 13.9          21.6 rV     W84
     MN0276  + 2019 07 02.21243 18 25 30.98 -28 33 10.5          22.9 rV     W84
     MN0276  + 2019 07 02.22069 18 25 30.44 -28 33 09.6          23.2 rV     W84
     MN0276  + 2019 07 02.22897 18 25 29.90 -28 33 08.9          21.3 rV     W84
     MN0276  + 2019 07 02.24547 18 25 28.87 -28 33 08.1          19.5 rV     W84
     MN0276  + 2019 07 02.25374 18 25 28.37 -28 33 07.8          21.8 rV     W84
     MN0276  + 2019 07 02.26199 18 25 27.88 -28 33 07.4          24.2 rV     W84
     MN0276  + 2019 07 02.27025 18 25 27.35 -28 33 07.0          24.3 rV     W84
     MN0276  + 2019 07 02.27851 18 25 26.86 -28 33 06.1          23.0 rV     W84
     MN0276  + 2019 07 02.29502 18 25 25.84 -28 33 04.8          24.6 rV     W84
     MN0276  + 2019 07 02.30420 18 25 25.27 -28 33 04.5          23.1 rV     W84
     MN0276  + 2019 07 02.31249 18 25 24.79 -28 33 04.1          22.8 rV     W84
     MN0276  + 2019 07 02.32904 18 25 23.80 -28 33 02.6          22.5 rV     W84
     MN0276  + 2019 07 02.33823 18 25 23.22 -28 33 02.1          23.5 rV     W84
     MN0276  + 2019 07 02.35478 18 25 22.22 -28 33 00.9          23.7 rV     W84
     MN0281  + 2019 07 02.15248 18 26 56.19 -28 35 02.2          21.3 rV     W84
     MN0281  + 2019 07 02.21243 18 26 52.88 -28 35 08.8          22.0 rV     W84
     MN0281  + 2019 07 02.22069 18 26 52.44 -28 35 09.6          20.1 rV     W84
     MN0281  + 2019 07 02.25374 18 26 51.05 -28 35 12.7          21.8 rV     W84
     MN0281  + 2019 07 02.26199 18 26 50.62 -28 35 12.8          23.9 rV     W84
     MN0281  + 2019 07 02.27025 18 26 50.15 -28 35 14.1          21.4 rV     W84
     MN0281  + 2019 07 02.27851 18 26 49.70 -28 35 14.6          23.7 rV     W84
     MN0281  + 2019 07 02.28677 18 26 49.27 -28 35 15.2          21.4 rV     W84
     MN0281  + 2019 07 02.29502 18 26 48.81 -28 35 16.5          20.9 rV     W84
     MN0281  + 2019 07 02.30420 18 26 48.35 -28 35 17.3          21.6 rV     W84
     MN0281  + 2019 07 02.31249 18 26 47.86 -28 35 18.3          21.7 rV     W84
     MN0281  + 2019 07 02.32076 18 26 47.41 -28 35 18.5          21.4 rV     W84
     MN0281  + 2019 07 02.32904 18 26 46.96 -28 35 20.0          21.1 rV     W84
     MN0281  + 2019 07 02.33823 18 26 46.50 -28 35 20.8          22.5 rV     W84
     MN0284  + 2019 07 02.22069 18 26 30.99 -28 31 51.4          21.8 rV     W84
     MN0284  + 2019 07 02.22897 18 26 30.48 -28 31 53.6          21.4 rV     W84
     MN0284  + 2019 07 02.24547 18 26 29.41 -28 31 57.0          22.3 rV     W84
     MN0284  + 2019 07 02.26199 18 26 28.84 -28 31 59.0          22.5 rV     W84
     MN0284  + 2019 07 02.27025 18 26 28.10 -28 32 00.7          21.6 rV     W84
     MN0284  + 2019 07 02.28677 18 26 27.18 -28 32 04.4          22.6 rV     W84
     MN0284  + 2019 07 02.29502 18 26 26.62 -28 32 06.2          22.1 rV     W84
     MN0284  + 2019 07 02.30420 18 26 26.08 -28 32 07.7          23.1 rV     W84
     MN0284  + 2019 07 02.31249 18 26 25.54 -28 32 09.5          21.3 rV     W84
     MN0284  + 2019 07 02.32076 18 26 24.89 -28 32 11.4          22.2 rV     W84
     MN0284  + 2019 07 02.32904 18 26 24.38 -28 32 12.9          20.9 rV     W84
     MN0284  + 2019 07 02.33823 18 26 23.85 -28 32 14.5          21.3 rV     W84
     MN0284  + 2019 07 02.34650 18 26 23.29 -28 32 16.4          21.2 rV     W84
     MN0284  + 2019 07 02.35478 18 26 22.70 -28 32 18.1          21.8 rV     W84
     MN0456  + 2019 07 02.21243 18 24 41.27 -28 29 46.2          24.0 rV     W84
     MN0456  + 2019 07 02.22069 18 24 40.76 -28 29 43.2          20.1 rV     W84
     MN0456  + 2019 07 02.22897 18 24 40.17 -28 29 40.1          17.6 rV     W84
     MN0456  + 2019 07 02.24547 18 24 39.08 -28 29 32.8          22.0 rV     W84
     MN0456  + 2019 07 02.25374 18 24 38.60 -28 29 30.4          20.3 rV     W84
     MN0456  + 2019 07 02.26199 18 24 38.04 -28 29 26.2          22.8 rV     W84
     MN0456  + 2019 07 02.27851 18 24 37.14 -28 29 24.8          25.9 rV     W84
     MN0456  + 2019 07 02.29502 18 24 36.95 -28 29 20.4          22.4 rV     W84
     MN0501  + 2019 07 02.23722 18 26 00.92 -28 44 48.2          24.1 rV     W84
     MN0501  + 2019 07 02.25374 18 25 59.81 -28 44 47.2          23.5 rV     W84
     MN0501  + 2019 07 02.26199 18 25 59.26 -28 44 47.1          24.8 rV     W84
     MN0501  + 2019 07 02.27025 18 25 58.77 -28 44 46.0          22.5 rV     W84
     MN0501  + 2019 07 02.27851 18 25 58.22 -28 44 44.6          22.2 rV     W84
     MN0501  + 2019 07 02.28677 18 25 57.63 -28 44 44.0          24.4 rV     W84
     MN0501  + 2019 07 02.29502 18 25 57.12 -28 44 43.2          21.6 rV     W84
     MN0501  + 2019 07 02.31249 18 25 56.61 -28 44 42.4          25.9 rV     W84
     MN0501  + 2019 07 02.32076 18 25 56.04 -28 44 41.7          25.4 rV     W84
     MN0501  + 2019 07 02.33823 18 25 55.26 -28 44 38.4          24.9 rV     W84
     MN0535  + 2019 07 02.22069 18 26 41.63 -28 35 10.7          22.9 rV     W84
     MN0535  + 2019 07 02.24547 18 26 40.35 -28 35 07.8          19.3 rV     W84
     MN0535  + 2019 07 02.25374 18 26 39.84 -28 35 07.3          22.6 rV     W84
     MN0535  + 2019 07 02.26199 18 26 39.35 -28 35 06.4          23.7 rV     W84
     MN0535  + 2019 07 02.27025 18 26 38.84 -28 35 05.3          22.3 rV     W84
     MN0535  + 2019 07 02.27851 18 26 38.39 -28 35 04.0          25.0 rV     W84
     MN0535  + 2019 07 02.28677 18 26 37.89 -28 35 03.0          22.1 rV     W84
     MN0535  + 2019 07 02.32076 18 26 36.36 -28 35 00.5          23.6 rV     W84
     MN0535  + 2019 07 02.32904 18 26 35.87 -28 34 59.2          20.4 rV     W84
     MN0535  + 2019 07 02.33823 18 26 35.39 -28 34 58.4          23.0 rV     W84
     MN0535  + 2019 07 02.34650 18 26 34.88 -28 34 57.2          24.0 rV     W84
     MN0536  + 2019 07 02.22069 18 26 38.65 -28 44 09.5          23.8 rV     W84
     MN0536  + 2019 07 02.22897 18 26 38.06 -28 44 08.7          22.7 rV     W84
     MN0536  + 2019 07 02.24547 18 26 36.85 -28 44 07.3          22.9 rV     W84
     MN0536  + 2019 07 02.27025 18 26 35.63 -28 44 05.7          25.2 rV     W84
     MN0536  + 2019 07 02.28677 18 26 34.45 -28 44 04.2          25.5 rV     W84
     MN0536  + 2019 07 02.29502 18 26 33.83 -28 44 03.7          27.2 rV     W84
     MN0536  + 2019 07 02.31249 18 26 32.56 -28 44 02.1          24.4 rV     W84
     MN0536  + 2019 07 02.32076 18 26 31.94 -28 44 01.1          22.8 rV     W84
     MN0536  + 2019 07 02.32904 18 26 31.34 -28 44 00.2          23.9 rV     W84
     MN0536  + 2019 07 02.34650 18 26 30.09 -28 43 58.5          22.9 rV     W84
     MN0536  + 2019 07 02.35478 18 26 29.47 -28 43 57.5          22.6 rV     W84
     MN0224  + 2019 07 02.21243 18 25 37.08 -28 36 05.1          21.2 rV     W84
     MN0224  + 2019 07 02.22069 18 25 36.54 -28 36 04.3          20.6 rV     W84
     MN0224  + 2019 07 02.25374 18 25 34.90 -28 36 02.1          21.2 rV     W84
     MN0224  + 2019 07 02.26199 18 25 34.39 -28 36 02.1          20.8 rV     W84
     MN0224  + 2019 07 02.27851 18 25 33.28 -28 35 59.0          22.3 rV     W84
     MN0224  + 2019 07 02.29502 18 25 32.23 -28 35 59.1          20.2 rV     W84
     MN0224  + 2019 07 02.30420 18 25 31.69 -28 35 57.7          18.2 rV     W84
     MN0224  + 2019 07 02.31249 18 25 31.09 -28 35 56.7          21.8 rV     W84
     MN0224  + 2019 07 02.32076 18 25 30.51 -28 35 55.5          20.4 rV     W84
     MN0224  + 2019 07 02.32904 18 25 29.99 -28 35 54.9          24.0 rV     W84
     MN0224  + 2019 07 02.33823 18 25 29.43 -28 35 53.5          20.7 rV     W84
     MN0224  + 2019 07 02.34650 18 25 28.81 -28 35 53.0          21.7 rV     W84
     MN0227  + 2019 07 02.22069 18 24 25.78 -28 33 25.4          21.0 rV     W84
     MN0227  + 2019 07 02.23722 18 24 25.31 -28 33 28.3          21.4 rV     W84
     MN0227  + 2019 07 02.26199 18 24 23.96 -28 33 31.3          21.7 rV     W84
     MN0227  + 2019 07 02.27025 18 24 23.47 -28 33 32.8          19.7 rV     W84
     MN0227  + 2019 07 02.27851 18 24 23.03 -28 33 34.1          22.2 rV     W84
     MN0227  + 2019 07 02.28677 18 24 22.56 -28 33 35.5          22.7 rV     W84
     MN0227  + 2019 07 02.29502 18 24 22.12 -28 33 37.2          22.1 rV     W84
     MN0227  + 2019 07 02.30420 18 24 21.64 -28 33 38.8          22.1 rV     W84
     MN0227  + 2019 07 02.31249 18 24 21.14 -28 33 40.5          21.7 rV     W84
     MN0227  + 2019 07 02.32076 18 24 20.69 -28 33 42.0          23.8 rV     W84
     MN0238  + 2019 07 02.22069 18 24 26.06 -28 35 08.1          20.1 rV     W84
     MN0238  + 2019 07 02.23722 18 24 25.06 -28 35 08.9          20.9 rV     W84
     MN0238  + 2019 07 02.24547 18 24 24.54 -28 35 09.6          21.2 rV     W84
     MN0238  + 2019 07 02.25374 18 24 24.05 -28 35 10.0          16.5 rV     W84
     MN0238  + 2019 07 02.27851 18 24 23.05 -28 35 10.6          23.3 rV     W84
     MN0238  + 2019 07 02.28677 18 24 22.50 -28 35 11.2          21.4 rV     W84
     MN0238  + 2019 07 02.30420 18 24 21.47 -28 35 12.8          20.9 rV     W84
     MN0238  + 2019 07 02.31249 18 24 20.92 -28 35 12.9          22.4 rV     W84
     MN0238  + 2019 07 02.32076 18 24 20.42 -28 35 13.4          20.6 rV     W84
     MN0238  + 2019 07 02.32904 18 24 19.92 -28 35 13.9          20.8 rV     W84
     MN0276  + 2019 07 02.21243 18 25 30.98 -28 33 10.5          22.9 rV     W84
     MN0276  + 2019 07 02.22069 18 25 30.44 -28 33 09.6          23.2 rV     W84
     MN0276  + 2019 07 02.22897 18 25 29.90 -28 33 08.9          21.3 rV     W84
     MN0276  + 2019 07 02.24547 18 25 28.87 -28 33 08.1          19.5 rV     W84
     MN0276  + 2019 07 02.25374 18 25 28.37 -28 33 07.8          21.8 rV     W84
     MN0276  + 2019 07 02.26199 18 25 27.88 -28 33 07.4          24.2 rV     W84
     MN0276  + 2019 07 02.27025 18 25 27.35 -28 33 07.0          24.3 rV     W84
     MN0276  + 2019 07 02.27851 18 25 26.86 -28 33 06.1          23.0 rV     W84
     MN0276  + 2019 07 02.29502 18 25 25.84 -28 33 04.8          24.6 rV     W84
     MN0276  + 2019 07 02.30420 18 25 25.27 -28 33 04.5          23.1 rV     W84
     MN0276  + 2019 07 02.31249 18 25 24.79 -28 33 04.1          22.8 rV     W84
     MN0276  + 2019 07 02.32904 18 25 23.80 -28 33 02.6          22.5 rV     W84
     MN0276  + 2019 07 02.33823 18 25 23.22 -28 33 02.1          23.5 rV     W84
     MN0276  + 2019 07 02.35478 18 25 22.22 -28 33 00.9          23.7 rV     W84
     MN0456  + 2019 07 02.21243 18 24 41.27 -28 29 46.2          24.0 rV     W84
     MN0456  + 2019 07 02.22069 18 24 40.76 -28 29 43.2          20.1 rV     W84
     MN0456  + 2019 07 02.22897 18 24 40.17 -28 29 40.1          17.6 rV     W84
     MN0456  + 2019 07 02.24547 18 24 39.08 -28 29 32.8          22.0 rV     W84
     MN0456  + 2019 07 02.25374 18 24 38.60 -28 29 30.4          20.3 rV     W84
     MN0456  + 2019 07 02.26199 18 24 38.04 -28 29 26.2          22.8 rV     W84
     MN0456  + 2019 07 02.27851 18 24 37.14 -28 29 24.8          25.9 rV     W84
     MN0456  + 2019 07 02.29502 18 24 36.95 -28 29 20.4          22.4 rV     W84
     MN0456  + 2019 07 02.32076 18 24 35.92 -28 29 12.7          21.2 rV     W84
     MN0456  + 2019 07 02.32904 18 24 35.36 -28 29 11.2          22.9 rV     W84
     MN0456  + 2019 07 02.33823 18 24 34.78 -28 29 05.9          22.5 rV     W84
     MN0456  + 2019 07 02.34650 18 24 34.25 -28 29 02.0          22.8 rV     W84
     MN0224  + 2019 07 02.21243 18 25 37.08 -28 36 05.1          21.2 rV     W84
     MN0224  + 2019 07 02.22069 18 25 36.54 -28 36 04.3          20.6 rV     W84
     MN0224  + 2019 07 02.25374 18 25 34.90 -28 36 02.1          21.2 rV     W84
     MN0224  + 2019 07 02.26199 18 25 34.39 -28 36 02.1          20.8 rV     W84
     MN0224  + 2019 07 02.27851 18 25 33.28 -28 35 59.0          22.3 rV     W84
     MN0224  + 2019 07 02.29502 18 25 32.23 -28 35 59.1          20.2 rV     W84
     MN0224  + 2019 07 02.30420 18 25 31.69 -28 35 57.7          18.2 rV     W84
     MN0224  + 2019 07 02.31249 18 25 31.09 -28 35 56.7          21.8 rV     W84
     MN0224  + 2019 07 02.32076 18 25 30.51 -28 35 55.5          20.4 rV     W84
     MN0224  + 2019 07 02.32904 18 25 29.99 -28 35 54.9          24.0 rV     W84
     MN0224  + 2019 07 02.33823 18 25 29.43 -28 35 53.5          20.7 rV     W84
     MN0224  + 2019 07 02.34650 18 25 28.81 -28 35 53.0          21.7 rV     W84
     MN0227  + 2019 07 02.22069 18 24 25.78 -28 33 25.4          21.0 rV     W84
     MN0227  + 2019 07 02.23722 18 24 25.31 -28 33 28.3          21.4 rV     W84
     MN0227  + 2019 07 02.26199 18 24 23.96 -28 33 31.3          21.7 rV     W84
     MN0227  + 2019 07 02.27025 18 24 23.47 -28 33 32.8          19.7 rV     W84
     MN0227  + 2019 07 02.27851 18 24 23.03 -28 33 34.1          22.2 rV     W84
     MN0227  + 2019 07 02.28677 18 24 22.56 -28 33 35.5          22.7 rV     W84
     MN0227  + 2019 07 02.29502 18 24 22.12 -28 33 37.2          22.1 rV     W84
     MN0227  + 2019 07 02.30420 18 24 21.64 -28 33 38.8          22.1 rV     W84
     MN0227  + 2019 07 02.31249 18 24 21.14 -28 33 40.5          21.7 rV     W84
     MN0227  + 2019 07 02.32076 18 24 20.69 -28 33 42.0          23.8 rV     W84
     MN0238  + 2019 07 02.22069 18 24 26.06 -28 35 08.1          20.1 rV     W84
     MN0238  + 2019 07 02.23722 18 24 25.06 -28 35 08.9          20.9 rV     W84
     MN0238  + 2019 07 02.24547 18 24 24.54 -28 35 09.6          21.2 rV     W84
     MN0238  + 2019 07 02.25374 18 24 24.05 -28 35 10.0          16.5 rV     W84
     MN0238  + 2019 07 02.27851 18 24 23.05 -28 35 10.6          23.3 rV     W84
     MN0238  + 2019 07 02.28677 18 24 22.50 -28 35 11.2          21.4 rV     W84
     MN0238  + 2019 07 02.30420 18 24 21.47 -28 35 12.8          20.9 rV     W84
     MN0238  + 2019 07 02.31249 18 24 20.92 -28 35 12.9          22.4 rV     W84
     MN0238  + 2019 07 02.32076 18 24 20.42 -28 35 13.4          20.6 rV     W84
     MN0238  + 2019 07 02.32904 18 24 19.92 -28 35 13.9          20.8 rV     W84
     MN0276  + 2019 07 02.21243 18 25 30.98 -28 33 10.5          22.9 rV     W84
     MN0276  + 2019 07 02.22069 18 25 30.44 -28 33 09.6          23.2 rV     W84
     MN0276  + 2019 07 02.22897 18 25 29.90 -28 33 08.9          21.3 rV     W84
     MN0276  + 2019 07 02.24547 18 25 28.87 -28 33 08.1          19.5 rV     W84
     MN0276  + 2019 07 02.25374 18 25 28.37 -28 33 07.8          21.8 rV     W84
     MN0276  + 2019 07 02.26199 18 25 27.88 -28 33 07.4          24.2 rV     W84
     MN0276  + 2019 07 02.27025 18 25 27.35 -28 33 07.0          24.3 rV     W84
     MN0276  + 2019 07 02.27851 18 25 26.86 -28 33 06.1          23.0 rV     W84
     MN0276  + 2019 07 02.29502 18 25 25.84 -28 33 04.8          24.6 rV     W84
     MN0276  + 2019 07 02.30420 18 25 25.27 -28 33 04.5          23.1 rV     W84
     MN0276  + 2019 07 02.31249 18 25 24.79 -28 33 04.1          22.8 rV     W84
     MN0276  + 2019 07 02.32904 18 25 23.80 -28 33 02.6          22.5 rV     W84
     MN0276  + 2019 07 02.33823 18 25 23.22 -28 33 02.1          23.5 rV     W84
     MN0276  + 2019 07 02.35478 18 25 22.22 -28 33 00.9          23.7 rV     W84
     MN0456  + 2019 07 02.21243 18 24 41.27 -28 29 46.2          24.0 rV     W84
     MN0456  + 2019 07 02.22069 18 24 40.76 -28 29 43.2          20.1 rV     W84
     MN0456  + 2019 07 02.22897 18 24 40.17 -28 29 40.1          17.6 rV     W84
     MN0456  + 2019 07 02.24547 18 24 39.08 -28 29 32.8          22.0 rV     W84
     MN0456  + 2019 07 02.25374 18 24 38.60 -28 29 30.4          20.3 rV     W84
     MN0456  + 2019 07 02.26199 18 24 38.04 -28 29 26.2          22.8 rV     W84
     MN0456  + 2019 07 02.27851 18 24 37.14 -28 29 24.8          25.9 rV     W84
     MN0456  + 2019 07 02.29502 18 24 36.95 -28 29 20.4          22.4 rV     W84
     MN0456  + 2019 07 02.32076 18 24 35.92 -28 29 12.7          21.2 rV     W84
     MN0456  + 2019 07 02.32904 18 24 35.36 -28 29 11.2          22.9 rV     W84
     MN0456  + 2019 07 02.33823 18 24 34.78 -28 29 05.9          22.5 rV     W84
     MN0456  + 2019 07 02.34650 18 24 34.25 -28 29 02.0          22.8 rV     W84
