     MN0509  + 2019 08 02.00150 18 28 18.69 -28 41 45.8          22.0 rV     W84
     MN0509  + 2019 08 02.00980 18 28 18.40 -28 41 43.4          22.0 rV     W84
     MN0509  + 2019 08 02.01809 18 28 18.13 -28 41 41.1          21.9 rV     W84
     MN0509  + 2019 08 02.02634 18 28 17.85 -28 41 38.8          21.9 rV     W84
     MN0509  + 2019 08 02.03708 18 28 17.49 -28 41 35.7          22.3 rV     W84
     MN0509  + 2019 08 02.05362 18 28 17.06 -28 41 34.2          21.9 rV     W84
     MN0509  + 2019 08 02.07016 18 28 16.61 -28 41 28.3          22.0 rV     W84
     MN0509  + 2019 08 02.07843 18 28 16.36 -28 41 26.3          22.0 rV     W84
     MN0509  + 2019 08 02.08671 18 28 16.08 -28 41 23.8          22.0 rV     W84
     MN0509  + 2019 08 02.10328 18 28 15.54 -28 41 19.3          22.0 rV     W84
     MN0509  + 2019 08 02.11279 18 28 15.24 -28 41 16.7          22.0 rV     W84
     MN0509  + 2019 08 02.12132 18 28 14.92 -28 41 13.9          22.0 rV     W84
     MN0509  + 2019 08 02.12957 18 28 14.63 -28 41 11.4          22.0 rV     W84
     MN0509  + 2019 08 02.13999 18 28 14.36 -28 41 09.0          21.8 rV     W84
     MN0509  + 2019 08 02.14826 18 28 14.00 -28 41 06.0          21.9 rV     W84
     MN0509  + 2019 08 02.15656 18 28 13.72 -28 41 03.5          21.9 rV     W84
     MN0509  + 2019 08 02.17311 18 28 13.20 -28 40 58.6          21.9 rV     W84
     MN0509  + 2019 08 02.18148 18 28 12.89 -28 40 56.1          22.0 rV     W84
     MN0509  + 2019 08 02.19803 18 28 12.33 -28 40 51.4          22.0 rV     W84
     MN0509  + 2019 08 02.20627 18 28 12.05 -28 40 48.8          21.9 rV     W84
     MN0509  + 2019 08 02.21455 18 28 11.78 -28 40 46.2          21.9 rV     W84
     MN0509  + 2019 08 02.22284 18 28 11.51 -28 40 43.7          21.9 rV     W84
     MN0509  + 2019 08 02.23111 18 28 11.24 -28 40 41.2          21.9 rV     W84
     MN0509  + 2019 08 02.23935 18 28 10.97 -28 40 38.7          21.9 rV     W84
     MN0509  + 2019 08 02.24759 18 28 10.69 -28 40 36.2          21.8 rV     W84
     MN0509  + 2019 08 02.25587 18 28 10.42 -28 40 33.9          21.9 rV     W84
     MN0509  + 2019 08 03.07747 18 27 45.60 -28 36 32.5          21.9 rV     W84
     MN0509  + 2019 08 03.08575 18 27 45.34 -28 36 30.0          21.9 rV     W84
     MN0509  + 2019 08 03.10229 18 27 44.80 -28 36 25.2          21.9 rV     W84
     MN0509  + 2019 08 03.11062 18 27 44.54 -28 36 22.7          21.8 rV     W84
     MN0509  + 2019 08 03.11912 18 27 44.27 -28 36 20.2          21.6 rV     W84
     MN0509  + 2019 08 03.12738 18 27 44.01 -28 36 17.8          21.6 rV     W84
     MN0509  + 2019 08 03.13568 18 27 43.73 -28 36 15.4          22.0 rV     W84
     MN0509  + 2019 08 03.14397 18 27 43.48 -28 36 13.0          22.1 rV     W84
     MN0509  + 2019 08 03.15446 18 27 43.14 -28 36 09.8          22.1 rV     W84
     MN0509  + 2019 08 03.19582 18 27 41.84 -28 35 57.4          22.0 rV     W84
     MN0509  + 2019 08 03.20409 18 27 41.58 -28 35 55.0          22.1 rV     W84
     MN0509  + 2019 08 03.21235 18 27 41.33 -28 35 52.4          22.1 rV     W84
     MN0509  + 2019 08 03.23118 18 27 40.74 -28 35 46.7          22.0 rV     W84
     MN0509  + 2019 08 03.23948 18 27 40.48 -28 35 44.1          22.0 rV     W84
     MN0509  + 2019 08 03.25206 18 27 40.09 -28 35 40.3          21.9 rV     W84
     MN0509  + 2019 08 03.26035 18 27 39.84 -28 35 37.7          22.0 rV     W84
     MN0509  + 2019 08 03.26862 18 27 39.58 -28 35 35.2          22.1 rV     W84
     MN0509  + 2019 08 03.27689 18 27 39.33 -28 35 32.5          22.0 rV     W84
     MN0509  + 2019 08 03.28517 18 27 39.08 -28 35 30.1          22.0 rV     W84
     MN0509  + 2019 08 03.29345 18 27 38.83 -28 35 27.5          22.0 rV     W84
     MN0509  + 2019 08 04.02185 18 27 18.63 -28 31 55.1          23.0 rV     W84
     MN0509  + 2019 08 04.03845 18 27 18.13 -28 31 50.7          22.7 rV     W84
     MN0509  + 2019 08 04.04671 18 27 17.89 -28 31 48.1          22.5 rV     W84
     MN0509  + 2019 08 04.05499 18 27 17.66 -28 31 46.0          20.7 rV     W84
     MN0509  + 2019 08 04.06325 18 27 17.40 -28 31 43.6          18.1 rV     W84
     MN0509  + 2019 08 04.08199 18 27 16.83 -28 31 38.3          18.5 rV     W84
     MN0509  + 2019 08 04.09028 18 27 16.60 -28 31 35.8          22.1 rV     W84
     MN0509  + 2019 08 04.09855 18 27 16.35 -28 31 33.2          22.8 rV     W84
     MN0509  + 2019 08 04.10817 18 27 16.07 -28 31 30.6          23.5 rV     W84
     MN0509  + 2019 08 04.11865 18 27 15.74 -28 31 27.3          22.4 rV     W84
     MN0509  + 2019 08 04.12692 18 27 15.50 -28 31 24.6          22.6 rV     W84
     MN0509  + 2019 08 04.13520 18 27 15.24 -28 31 22.0          22.7 rV     W84
     MN0509  + 2019 08 04.14350 18 27 14.99 -28 31 19.5          22.4 rV     W84
     MN0509  + 2019 08 04.15177 18 27 14.75 -28 31 17.2          22.3 rV     W84
     MN0509  + 2019 08 04.16005 18 27 14.50 -28 31 14.4          22.3 rV     W84
     MN0509  + 2019 08 04.16833 18 27 14.27 -28 31 12.0          22.2 rV     W84
     MN0509  + 2019 08 04.17672 18 27 14.00 -28 31 09.5          22.3 rV     W84
     MN0509  + 2019 08 04.18719 18 27 13.68 -28 31 06.1          22.2 rV     W84


     MN0047  + 2019 08 05.08025 18 25 21.43 -28 22 33.8          22.4 rV     W84
     MN0047  + 2019 08 05.08855 18 25 21.20 -28 22 31.9          22.4 rV     W84
     MN0047  + 2019 08 05.09931 18 25 20.89 -28 22 29.3          20.4 rV     W84
     MN0047  + 2019 08 05.21163 18 25 17.73 -28 22 00.9          22.4 rV     W84
     MN0047  + 2019 08 05.21992 18 25 17.49 -28 21 58.9          22.6 rV     W84
     MN0047  + 2019 08 05.23646 18 25 17.03 -28 21 54.5          22.4 rV     W84
     MN0047  + 2019 08 05.25524 18 25 16.52 -28 21 49.6          22.3 rV     W84
     MN0047  + 2019 08 05.26356 18 25 16.29 -28 21 47.5          22.5 rV     W84
     MN0078  + 2019 08 04.18719 18 27 10.29 -28 22 33.6          23.1 rV     W84
     MN0079  + 2019 08 04.18719 18 27 23.99 -28 22 02.6          23.2 rV     W84
     MN0081  + 2019 08 05.01164 18 27 28.46 -28 22 24.0          22.9 rV     W84
     MN0081  + 2019 08 05.01994 18 27 28.20 -28 22 25.4          22.3 rV     W84
     MN0081  + 2019 08 05.03654 18 27 27.65 -28 22 27.9          22.3 rV     W84
     MN0081  + 2019 08 05.04484 18 27 27.37 -28 22 29.4          22.2 rV     W84
     MN0081  + 2019 08 05.05536 18 27 27.04 -28 22 31.1          22.3 rV     W84
     MN0081  + 2019 08 05.06363 18 27 26.77 -28 22 32.1          22.4 rV     W84
     MN0081  + 2019 08 05.07194 18 27 26.49 -28 22 33.7          22.3 rV     W84
     MN0081  + 2019 08 05.08855 18 27 25.95 -28 22 36.4          22.4 rV     W84
     MN0081  + 2019 08 05.09931 18 27 25.59 -28 22 37.9          22.4 rV     W84
     MN0081  + 2019 08 05.21163 18 27 21.95 -28 22 54.6          22.3 rV     W84
     MN0081  + 2019 08 05.21992 18 27 21.68 -28 22 55.8          22.3 rV     W84
     MN0081  + 2019 08 05.22819 18 27 21.43 -28 22 57.0          22.5 rV     W84
     MN0081  + 2019 08 05.23646 18 27 21.17 -28 22 58.3          22.4 rV     W84
     MN0081  + 2019 08 05.24696 18 27 20.82 -28 22 59.6          22.3 rV     W84
     MN0081  + 2019 08 05.25524 18 27 20.56 -28 23 01.1          22.2 rV     W84
     MN0081  + 2019 08 05.26356 18 27 20.30 -28 23 02.0          22.4 rV     W84
     MN0081  + 2019 08 05.27185 18 27 20.06 -28 23 03.0          22.2 rV     W84
     MN0081  + 2019 08 05.28015 18 27 19.78 -28 23 04.4          22.4 rV     W84
     MN0081  + 2019 08 05.28844 18 27 19.53 -28 23 05.5          22.2 rV     W84
     MN0082  + 2019 08 05.01164 18 26 47.14 -28 22 10.9          24.2 rV     W84
     MN0082  + 2019 08 05.01994 18 26 46.90 -28 22 10.8          22.5 rV     W84
     MN0082  + 2019 08 05.02826 18 26 46.64 -28 22 10.2          26.5 rV     W84
     MN0082  + 2019 08 05.03654 18 26 46.39 -28 22 10.0          24.4 rV     W84
     MN0082  + 2019 08 05.04484 18 26 46.14 -28 22 09.8          23.2 rV     W84
     MN0082  + 2019 08 05.05536 18 26 45.82 -28 22 09.3          24.8 rV     W84
     MN0082  + 2019 08 05.06363 18 26 45.58 -28 22 09.2          24.3 rV     W84
     MN0082  + 2019 08 05.08025 18 26 45.05 -28 22 08.7          24.2 rV     W84
     MN0082  + 2019 08 05.08855 18 26 44.80 -28 22 08.2          24.0 rV     W84
     MN0082  + 2019 08 05.09931 18 26 44.44 -28 22 07.8          23.8 rV     W84
     MN0082  + 2019 08 05.21163 18 26 41.04 -28 22 03.5          23.2 rV     W84
     MN0082  + 2019 08 05.22819 18 26 40.55 -28 22 02.6          23.4 rV     W84
     MN0082  + 2019 08 05.23646 18 26 40.30 -28 22 02.4          22.9 rV     W84
     MN0082  + 2019 08 05.24696 18 26 40.00 -28 22 01.8          23.1 rV     W84
     MN0082  + 2019 08 05.25524 18 26 39.74 -28 22 01.6          23.5 rV     W84
     MN0082  + 2019 08 05.26356 18 26 39.51 -28 22 01.2          23.0 rV     W84
     MN0083  + 2019 08 05.01164 18 27 35.95 -28 23 43.3          22.7 rV     W84
     MN0083  + 2019 08 05.01994 18 27 35.66 -28 23 43.2          22.7 rV     W84
     MN0083  + 2019 08 05.02826 18 27 35.37 -28 23 43.1          23.0 rV     W84
     MN0083  + 2019 08 05.04484 18 27 34.81 -28 23 42.8          23.2 rV     W84
     MN0083  + 2019 08 05.05536 18 27 34.43 -28 23 42.6          23.2 rV     W84
     MN0083  + 2019 08 05.06363 18 27 34.14 -28 23 42.8          22.7 rV     W84
     MN0083  + 2019 08 05.08855 18 27 33.60 -28 23 42.4          23.2 rV     W84
     MN0083  + 2019 08 05.09931 18 27 33.30 -28 23 42.1          23.3 rV     W84
     MN0083  + 2019 08 05.20336 18 27 32.93 -28 23 42.0          23.2 rV     W84
     MN0083  + 2019 08 05.21163 18 27 29.38 -28 23 40.0          22.8 rV     W84
     MN0083  + 2019 08 05.21992 18 27 29.10 -28 23 39.8          22.8 rV     W84
     MN0083  + 2019 08 05.22819 18 27 28.82 -28 23 39.8          23.0 rV     W84
     MN0083  + 2019 08 05.24696 18 27 28.27 -28 23 38.9          23.0 rV     W84
     MN0083  + 2019 08 05.25524 18 27 27.91 -28 23 39.0          23.0 rV     W84
     MN0083  + 2019 08 05.26356 18 27 27.64 -28 23 38.8          23.2 rV     W84
     MN0083  + 2019 08 05.27185 18 27 27.36 -28 23 38.5          23.0 rV     W84
     MN0083  + 2019 08 05.28844 18 27 26.82 -28 23 38.4          22.7 rV     W84
     MN0085  + 2019 08 05.01164 18 26 52.14 -28 27 02.9          22.1 rV     W84
     MN0085  + 2019 08 05.01994 18 26 51.90 -28 27 00.4          21.8 rV     W84
     MN0085  + 2019 08 05.02826 18 26 51.67 -28 26 58.1          21.8 rV     W84
     MN0085  + 2019 08 05.03654 18 26 51.44 -28 26 55.6          22.0 rV     W84
     MN0085  + 2019 08 05.04484 18 26 51.20 -28 26 53.3          21.8 rV     W84
     MN0085  + 2019 08 05.05536 18 26 50.90 -28 26 50.3          22.0 rV     W84
     MN0085  + 2019 08 05.08025 18 26 50.20 -28 26 42.8          22.0 rV     W84
     MN0085  + 2019 08 05.08855 18 26 49.96 -28 26 40.3          21.1 rV     W84
     MN0085  + 2019 08 05.20336 18 26 46.77 -28 26 05.9          21.9 rV     W84
     MN0085  + 2019 08 05.21163 18 26 46.54 -28 26 03.4          21.8 rV     W84
     MN0085  + 2019 08 05.21992 18 26 46.32 -28 26 00.8          21.7 rV     W84
     MN0085  + 2019 08 05.22819 18 26 46.09 -28 25 58.3          21.8 rV     W84
     MN0085  + 2019 08 05.24696 18 26 45.57 -28 25 52.4          21.8 rV     W84
     MN0085  + 2019 08 05.25524 18 26 45.36 -28 25 49.9          21.8 rV     W84
     MN0085  + 2019 08 05.26356 18 26 45.14 -28 25 47.4          21.7 rV     W84
     MN0085  + 2019 08 05.27185 18 26 44.91 -28 25 44.8          21.8 rV     W84
     MN0085  + 2019 08 05.28015 18 26 44.70 -28 25 42.1          21.8 rV     W84
     MN0085  + 2019 08 05.28844 18 26 44.48 -28 25 39.6          21.7 rV     W84
     MN0118  + 2019 08 04.18719 18 27 54.28 -28 20 12.8          22.1 rV     W84
     MN0509  + 2019 08 04.18719 18 27 13.68 -28 31 06.1          22.2 rV     W84
     MN0510  + 2019 08 04.18719 18 26 59.62 -28 39 36.0          22.4 rV     W84
     MN0520  + 2019 08 04.18719 18 27 56.33 -28 44 05.2          21.5 rV     W84
     MN0520  + 2019 08 05.00112 18 27 38.48 -28 40 36.9          22.2 rV     W84
     MN0520  + 2019 08 05.01164 18 27 38.21 -28 40 34.2          21.9 rV     W84
     MN0520  + 2019 08 05.01994 18 27 38.00 -28 40 32.1          22.0 rV     W84
     MN0520  + 2019 08 05.02826 18 27 37.80 -28 40 30.0          22.0 rV     W84
     MN0520  + 2019 08 05.03654 18 27 37.59 -28 40 28.0          22.0 rV     W84
     MN0520  + 2019 08 05.04484 18 27 37.38 -28 40 25.8          21.8 rV     W84
     MN0520  + 2019 08 05.05536 18 27 37.12 -28 40 23.2          22.0 rV     W84
     MN0520  + 2019 08 05.06363 18 27 36.93 -28 40 21.1          22.0 rV     W84
     MN0520  + 2019 08 05.08025 18 27 36.52 -28 40 16.9          22.4 rV     W84
     MN0520  + 2019 08 05.08855 18 27 36.30 -28 40 14.9          22.6 rV     W84
     MN0520  + 2019 08 05.09931 18 27 36.04 -28 40 12.0          22.6 rV     W84
     MN0520  + 2019 08 05.20336 18 27 33.54 -28 39 44.7          22.1 rV     W84
     MN0520  + 2019 08 05.21163 18 27 33.34 -28 39 42.4          22.2 rV     W84
     MN0520  + 2019 08 05.21992 18 27 33.14 -28 39 40.1          22.0 rV     W84
     MN0520  + 2019 08 05.22819 18 27 32.95 -28 39 37.8          22.2 rV     W84
     MN0520  + 2019 08 05.23646 18 27 32.77 -28 39 35.5          22.0 rV     W84
     MN0520  + 2019 08 05.24696 18 27 32.54 -28 39 32.8          29.2 rV     W84
     MN0520  + 2019 08 05.26356 18 27 32.15 -28 39 28.1          22.6 rV     W84
     MN0520  + 2019 08 05.28015 18 27 31.76 -28 39 23.6          22.4 rV     W84
     MN0082  + 2019 08 05.01164 18 26 47.14 -28 22 10.9          24.2 rV     W84
     MN0082  + 2019 08 05.01994 18 26 46.90 -28 22 10.8          22.5 rV     W84
     MN0082  + 2019 08 05.02826 18 26 46.64 -28 22 10.2          26.5 rV     W84
     MN0082  + 2019 08 05.03654 18 26 46.39 -28 22 10.0          24.4 rV     W84
     MN0082  + 2019 08 05.04484 18 26 46.14 -28 22 09.8          23.2 rV     W84
     MN0082  + 2019 08 05.05536 18 26 45.82 -28 22 09.3          24.8 rV     W84
     MN0082  + 2019 08 05.06363 18 26 45.58 -28 22 09.2          24.3 rV     W84
     MN0082  + 2019 08 05.08025 18 26 45.05 -28 22 08.7          24.2 rV     W84
     MN0082  + 2019 08 05.08855 18 26 44.80 -28 22 08.2          24.0 rV     W84
     MN0082  + 2019 08 05.09931 18 26 44.44 -28 22 07.8          23.8 rV     W84
     MN0082  + 2019 08 05.21163 18 26 41.04 -28 22 03.5          23.2 rV     W84
     MN0082  + 2019 08 05.22819 18 26 40.55 -28 22 02.6          23.4 rV     W84
     MN0082  + 2019 08 05.23646 18 26 40.30 -28 22 02.4          22.9 rV     W84
     MN0082  + 2019 08 05.24696 18 26 40.00 -28 22 01.8          23.1 rV     W84
     MN0082  + 2019 08 05.25524 18 26 39.74 -28 22 01.6          23.5 rV     W84
     MN0082  + 2019 08 05.26356 18 26 39.51 -28 22 01.2          23.0 rV     W84
     MN0085  + 2019 08 05.01164 18 26 52.14 -28 27 02.9          22.1 rV     W84
     MN0085  + 2019 08 05.01994 18 26 51.90 -28 27 00.4          21.8 rV     W84
     MN0085  + 2019 08 05.02826 18 26 51.67 -28 26 58.1          21.8 rV     W84
     MN0085  + 2019 08 05.03654 18 26 51.44 -28 26 55.6          22.0 rV     W84
     MN0085  + 2019 08 05.04484 18 26 51.20 -28 26 53.3          21.8 rV     W84
     MN0085  + 2019 08 05.05536 18 26 50.90 -28 26 50.3          22.0 rV     W84
     MN0085  + 2019 08 05.08025 18 26 50.20 -28 26 42.8          22.0 rV     W84
     MN0085  + 2019 08 05.08855 18 26 49.96 -28 26 40.3          21.1 rV     W84
     MN0085  + 2019 08 05.20336 18 26 46.77 -28 26 05.9          21.9 rV     W84
     MN0085  + 2019 08 05.21163 18 26 46.54 -28 26 03.4          21.8 rV     W84
     MN0085  + 2019 08 05.21992 18 26 46.32 -28 26 00.8          21.7 rV     W84
     MN0085  + 2019 08 05.22819 18 26 46.09 -28 25 58.3          21.8 rV     W84
     MN0085  + 2019 08 05.24696 18 26 45.57 -28 25 52.4          21.8 rV     W84
     MN0085  + 2019 08 05.25524 18 26 45.36 -28 25 49.9          21.8 rV     W84
     MN0085  + 2019 08 05.26356 18 26 45.14 -28 25 47.4          21.7 rV     W84
     MN0085  + 2019 08 05.27185 18 26 44.91 -28 25 44.8          21.8 rV     W84
     MN0085  + 2019 08 05.28015 18 26 44.70 -28 25 42.1          21.8 rV     W84
     MN0085  + 2019 08 05.28844 18 26 44.48 -28 25 39.6          21.7 rV     W84
     MN0082  + 2019 08 05.01164 18 26 47.14 -28 22 10.9          24.2 rV     W84
     MN0082  + 2019 08 05.01994 18 26 46.90 -28 22 10.8          22.5 rV     W84
     MN0082  + 2019 08 05.02826 18 26 46.64 -28 22 10.2          26.5 rV     W84
     MN0082  + 2019 08 05.03654 18 26 46.39 -28 22 10.0          24.4 rV     W84
     MN0082  + 2019 08 05.04484 18 26 46.14 -28 22 09.8          23.2 rV     W84
     MN0082  + 2019 08 05.05536 18 26 45.82 -28 22 09.3          24.8 rV     W84
     MN0082  + 2019 08 05.06363 18 26 45.58 -28 22 09.2          24.3 rV     W84
     MN0082  + 2019 08 05.08025 18 26 45.05 -28 22 08.7          24.2 rV     W84
     MN0082  + 2019 08 05.08855 18 26 44.80 -28 22 08.2          24.0 rV     W84
     MN0082  + 2019 08 05.09931 18 26 44.44 -28 22 07.8          23.8 rV     W84
     MN0082  + 2019 08 05.21163 18 26 41.04 -28 22 03.5          23.2 rV     W84
     MN0082  + 2019 08 05.22819 18 26 40.55 -28 22 02.6          23.4 rV     W84
     MN0082  + 2019 08 05.23646 18 26 40.30 -28 22 02.4          22.9 rV     W84
     MN0082  + 2019 08 05.24696 18 26 40.00 -28 22 01.8          23.1 rV     W84
     MN0082  + 2019 08 05.25524 18 26 39.74 -28 22 01.6          23.5 rV     W84
     MN0082  + 2019 08 05.26356 18 26 39.51 -28 22 01.2          23.0 rV     W84
     MN0085  + 2019 08 05.01164 18 26 52.14 -28 27 02.9          22.1 rV     W84
     MN0085  + 2019 08 05.01994 18 26 51.90 -28 27 00.4          21.8 rV     W84
     MN0085  + 2019 08 05.02826 18 26 51.67 -28 26 58.1          21.8 rV     W84
     MN0085  + 2019 08 05.03654 18 26 51.44 -28 26 55.6          22.0 rV     W84
     MN0085  + 2019 08 05.04484 18 26 51.20 -28 26 53.3          21.8 rV     W84
     MN0085  + 2019 08 05.05536 18 26 50.90 -28 26 50.3          22.0 rV     W84
     MN0085  + 2019 08 05.08025 18 26 50.20 -28 26 42.8          22.0 rV     W84
     MN0085  + 2019 08 05.08855 18 26 49.96 -28 26 40.3          21.1 rV     W84
     MN0085  + 2019 08 05.20336 18 26 46.77 -28 26 05.9          21.9 rV     W84
     MN0085  + 2019 08 05.21163 18 26 46.54 -28 26 03.4          21.8 rV     W84
     MN0085  + 2019 08 05.21992 18 26 46.32 -28 26 00.8          21.7 rV     W84
     MN0085  + 2019 08 05.22819 18 26 46.09 -28 25 58.3          21.8 rV     W84
     MN0085  + 2019 08 05.24696 18 26 45.57 -28 25 52.4          21.8 rV     W84
     MN0085  + 2019 08 05.25524 18 26 45.36 -28 25 49.9          21.8 rV     W84
     MN0085  + 2019 08 05.26356 18 26 45.14 -28 25 47.4          21.7 rV     W84
     MN0085  + 2019 08 05.27185 18 26 44.91 -28 25 44.8          21.8 rV     W84
     MN0085  + 2019 08 05.28015 18 26 44.70 -28 25 42.1          21.8 rV     W84
     MN0085  + 2019 08 05.28844 18 26 44.48 -28 25 39.6          21.7 rV     W84
