     MN0368  + 2019 08 03.09402 18 31 06.82 -28 28 50.5          22.5 rV     W84
     MN0368  + 2019 08 03.10229 18 31 06.52 -28 28 50.4          22.7 rV     W84
     MN0368  + 2019 08 03.11062 18 31 06.24 -28 28 50.5          22.8 rV     W84
     MN0368  + 2019 08 03.12738 18 31 05.68 -28 28 50.5          22.6 rV     W84
     MN0368  + 2019 08 03.13568 18 31 05.40 -28 28 50.5          22.7 rV     W84
     MN0368  + 2019 08 03.15446 18 31 04.75 -28 28 50.8          22.6 rV     W84
     MN0368  + 2019 08 03.16273 18 31 04.46 -28 28 50.8          22.7 rV     W84
     MN0368  + 2019 08 03.17101 18 31 04.19 -28 28 50.6          22.5 rV     W84
     MN0368  + 2019 08 03.17931 18 31 03.92 -28 28 50.9          22.8 rV     W84
     MN0368  + 2019 08 03.18758 18 31 03.63 -28 28 50.5          22.6 rV     W84
     MN0368  + 2019 08 03.19582 18 31 03.35 -28 28 50.6          22.8 rV     W84
     MN0368  + 2019 08 03.20409 18 31 03.08 -28 28 50.7          22.5 rV     W84
     MN0368  + 2019 08 03.21235 18 31 02.80 -28 28 50.7          22.4 rV     W84
     MN0368  + 2019 08 03.22291 18 31 02.45 -28 28 50.5          22.3 rV     W84
     MN0368  + 2019 08 03.23118 18 31 02.16 -28 28 50.6          22.4 rV     W84
     MN0368  + 2019 08 03.26862 18 31 01.19 -28 28 50.8          22.6 rV     W84
     MN0368  + 2019 08 03.27689 18 31 00.92 -28 28 50.3          22.4 rV     W84
     MN0368  + 2019 08 03.28517 18 31 00.66 -28 28 50.5          22.7 rV     W84
     MN0368  + 2019 08 03.29345 18 31 00.39 -28 28 50.5          22.6 rV     W84
     MN0368  + 2019 08 04.02185 18 30 37.83 -28 28 54.5          23.2 rV     W84
     MN0368  + 2019 08 04.03015 18 30 37.55 -28 28 54.2          24.0 rV     W84
     MN0368  + 2019 08 04.03845 18 30 37.26 -28 28 54.4          22.7 rV     W84
     MN0368  + 2019 08 04.04671 18 30 37.00 -28 28 55.0          22.6 rV     W84
     MN0368  + 2019 08 04.05499 18 30 36.71 -28 28 54.6          23.2 rV     W84
     MN0368  + 2019 08 04.06325 18 30 36.46 -28 28 54.9          22.7 rV     W84
     MN0368  + 2019 08 04.07372 18 30 36.13 -28 28 54.7          22.8 rV     W84
     MN0368  + 2019 08 04.08199 18 30 35.83 -28 28 55.3          22.9 rV     W84
     MN0368  + 2019 08 04.09028 18 30 35.57 -28 28 55.3          22.1 rV     W84
     MN0368  + 2019 08 04.09855 18 30 35.31 -28 28 55.3          22.8 rV     W84
     MN0368  + 2019 08 04.10817 18 30 34.99 -28 28 55.2          22.5 rV     W84
     MN0368  + 2019 08 04.11865 18 30 34.64 -28 28 54.9          22.7 rV     W84
     MN0368  + 2019 08 04.12692 18 30 34.38 -28 28 55.1          22.5 rV     W84
     MN0368  + 2019 08 04.13520 18 30 34.11 -28 28 55.2          22.9 rV     W84
     MN0368  + 2019 08 04.14350 18 30 33.84 -28 28 55.2          22.6 rV     W84
     MN0368  + 2019 08 04.15177 18 30 33.58 -28 28 54.8          22.9 rV     W84
     MN0368  + 2019 08 04.16005 18 30 33.31 -28 28 54.7          22.7 rV     W84
     MN0368  + 2019 08 04.17672 18 30 32.77 -28 28 54.9          22.8 rV     W84
     MN0368  + 2019 08 04.18719 18 30 32.44 -28 28 54.9          22.4 rV     W84
     MN0368  + 2019 08 05.01994 18 30 08.00 -28 28 55.9          21.4 rV     W84
     MN0368  + 2019 08 05.02826 18 30 07.73 -28 28 55.9          23.3 rV     W84
     MN0368  + 2019 08 05.03654 18 30 07.47 -28 28 55.8          22.8 rV     W84
     MN0368  + 2019 08 05.05536 18 30 06.88 -28 28 55.9          23.0 rV     W84
     MN0368  + 2019 08 05.06363 18 30 06.62 -28 28 55.9          23.3 rV     W84
     MN0368  + 2019 08 05.07194 18 30 06.37 -28 28 55.9          22.7 rV     W84
     MN0368  + 2019 08 05.08025 18 30 06.12 -28 28 56.0          22.9 rV     W84
     MN0368  + 2019 08 05.09931 18 30 05.52 -28 28 55.9          22.8 rV     W84
     MN0368  + 2019 08 05.20336 18 30 02.33 -28 28 55.4          22.6 rV     W84
     MN0368  + 2019 08 05.21992 18 30 01.83 -28 28 55.2          22.6 rV     W84
     MN0368  + 2019 08 05.22819 18 30 01.56 -28 28 55.2          22.7 rV     W84
     MN0368  + 2019 08 05.23646 18 30 01.32 -28 28 55.0          22.6 rV     W84
     MN0368  + 2019 08 05.24696 18 30 01.01 -28 28 54.8          22.7 rV     W84
     MN0368  + 2019 08 05.25524 18 30 00.75 -28 28 54.8          22.5 rV     W84
     MN0368  + 2019 08 05.26356 18 30 00.50 -28 28 54.7          22.6 rV     W84
     MN0368  + 2019 08 05.27185 18 30 00.27 -28 28 54.5          23.2 rV     W84
     MN0368  + 2019 08 05.28015 18 30 00.02 -28 28 54.5          22.4 rV     W84
     MN0368  + 2019 08 05.28844 18 29 59.77 -28 28 54.5          22.6 rV     W84


     MN0081  + 2019 08 05.28844 18 27 19.53 -28 23 05.5          22.2 rV     W84
     MN0083  + 2019 08 05.28844 18 27 26.82 -28 23 38.4          22.7 rV     W84
     MN0085  + 2019 08 05.28844 18 26 44.48 -28 25 39.6          21.7 rV     W84
     MN0368  + 2019 08 05.28844 18 29 59.77 -28 28 54.5          22.6 rV     W84
     MN0376  + 2019 08 05.28844 18 29 42.26 -28 33 39.8          21.5 rV     W84
     MN0618  + 2019 08 05.28844 18 30 15.30 -28 33 08.0          22.2 rV     W84
