     obj02   1C2001 10 18.94954 01 47 23.78 +19 30 40.8          19.9 Rc     561
     obj02   1C2001 10 18.95417 01 47 23.71 +19 30 43.4          19.8 Rc     561
     obj02   1C2001 10 18.95828 01 47 23.61 +19 30 45.3          19.7 Rc     561
     obj02   1C2003 05 03.99645 13 22 08.96 +01 42 55.9          20.0 Rc     561
     obj02   1C2003 05 04.00127 13 22 08.76 +01 42 53.1          20.2 Rc     561
     obj02   1C2003 05 04.00521 13 22 08.55 +01 42 51.6          19.9 Rc     561
     obj02   1C2006 06 01.05683 17 57 27.93 +22 51 34.7          18.0 Rc     561
     obj02   1C2006 06 01.05767 17 57 27.71 +22 51 46.1          18.0 Rc     561
     obj02   1C2006 06 01.05854 17 57 27.11 +22 51 59.4          18.3 Rc     561


     obj02   1C2006 06 01.05854 17 57 27.11 +22 51 59.4          18.3 Rc     561
     obj15   1C2006 06 01.05854 17 56 34.15 +22 53 56.6          18.0 Rc     561
