     T0001E   C2001 01 31.03731 07 37 58.35 -25 56 52.6          17.3 V      306
     T0001E   C2001 01 31.04053 07 37 58.34 -25 56 49.8          16.7 V      306
     T0001E   C2001 01 31.04564 07 37 58.34 -25 56 46.0          16.3 V      306
     T0001E   C2004 04 20.27618 15 36 27.92 -02 18 06.3          18.8 R      927
     T0001E   C2004 04 20.32788 15 36 26.83 -02 17 53.6          19.6 R      927
     T0001E   C2004 04 20.37856 15 36 25.67 -02 17 41.8          19.5 R      927
     T0001E * C2011 01 01.19123 08 37 23.34 +30 07 56.1          18.4 Ro     H18
     T0001E   C2011 01 01.35895 08 37 48.16 +30 04 56.8          19.7 Ro     H18
     T0001E   C2011 01 01.53488 08 38 13.88 +30 01 49.8          19.0 Ro     H18


     T0001E   C2011 01 01.53488 08 38 13.88 +30 01 49.8          19.0 Ro     H18
