     T00034   C2001 01 30.02546 07 38 29.67 -25 59 58.9          17.6 V      306
     T00034   C2001 01 30.02765 07 38 29.43 -25 59 57.0          18.2 V      306
     T00034   C2001 01 30.11816 07 38 19.29 -25 57 53.7          17.8 V      306
     T00034   C2004 02 17.96786 13 31 48.43 +09 57 19.4          19.7 Rr     A41
     T00034   C2004 02 17.97664 13 31 45.86 +09 57 07.4          19.6 Rr     A41
     T00034   C2004 02 17.98546 13 31 43.34 +09 56 53.7          19.2 Rr     A41
     T00034 * C2011 11 02.09199 01 48 08.63 +10 42 55.2          17.7 Vc     I28
     T00034   C2011 11 02.09808 01 48 08.74 +10 42 54.0          17.9 Vc     I28
     T00034   C2011 11 02.10419 01 48 08.72 +10 42 50.7          17.7 Vc     I28


     T00031   C2011 11 02.10419 01 48 08.98 +10 38 58.0          16.1 Vc     I28
     T00032   C2011 11 02.10419 01 48 09.54 +10 39 38.4          16.9 Vc     I28
     T00034   C2011 11 02.10419 01 48 08.72 +10 42 50.7          17.7 Vc     I28
