     T00001   C1999 05 20.19447 15 56 16.79 -21 59 15.7                      808
     T00001   C1999 05 20.20126 15 56 16.41 -21 59 11.4                      808
     T00001   C1999 05 20.20735 15 56 16.05 -21 59 09.5                      808
     T00001   C1999 05 20.21571 15 56 15.69 -21 59 05.1                      808
     T00001   C1999 05 20.22550 15 56 14.94 -21 59 02.3                      808
     T00001   C1999 05 20.24078 15 56 14.13 -21 58 57.6                      808
     T00001   C2004 04 15.08836 12 12 27.38 -07 24 33.1          18.4 Rm     927
     T00001   C2004 04 15.13264 12 12 30.05 -07 25 08.3          18.1 Rm     927
     T00001   C2004 04 15.17662 12 12 32.74 -07 25 44.7          19.0 Rm     927
     T00001 * C2012 12 02.80009 02 34 20.23 +17 37 23.3          16.3 Vu     G38
     T00001   C2012 12 02.83830 02 33 59.72 +17 41 45.2          16.2 Vu     G38
     T00001   C2012 12 02.87708 02 33 38.06 +17 45 49.9          16.0 Vu     G38


     T00001   C2012 12 02.87708 02 33 38.06 +17 45 49.9          16.0 Vu     G38
