     SDSSO13  C1998 11 16.35543905 11 01.19 -00 32 14.1                      645
     SDSSO13  C1998 11 16.35626905 11 01.08 -00 32 12.8                      645
     SDSSO13  C1998 11 16.35709705 11 00.97 -00 32 11.1                      645
     SDSSO13  C1998 11 16.35792605 11 00.86 -00 32 10.0                      645
     SDSSO13  C1998 11 16.35875605 11 00.75 -00 32 08.6                      645
     SDSSO13  C1998 11 17.35036105 08 48.71 -00 04 37.3          21.0 r      645
     SDSSO13  C1998 11 17.35119005 08 48.59 -00 04 36.0          20.6 i      645
     SDSSO13  C1998 11 17.35201905 08 48.48 -00 04 34.6          22.8 u      645
     SDSSO13  C1998 11 17.35284805 08 48.36 -00 04 33.2          21.6 z      645
     SDSSO13  C1998 11 17.35367805 08 48.24 -00 04 31.8          21.8 g      645
     SDSSO13  C1998 11 19.34233605 04 16.09 +00 52 11.4          20.4 r      645
     SDSSO13  C1998 11 19.34316505 04 15.97 +00 52 12.9          20.1 i      645
     SDSSO13  C1998 11 19.34482405 04 15.72 +00 52 15.7          20.2 z      645
     SDSSO13  C1998 11 19.34565305 04 15.62 +00 52 17.1          21.0 g      645


     SDSSO13  C1998 11 19.34565305 04 15.62 +00 52 17.1          21.0 g      645
