     T0000E   C2002 03 05.22316 09 03 47.80 +20 04 25.0          17.5 Rc     933
     T0000E   C2002 03 05.23931 09 03 45.14 +20 04 17.2          17.9 Rc     933
     T0000E   C2002 03 05.25512 09 03 42.49 +20 04 06.9          17.7 Rc     933
     T0000E   C2005 08 30.28082 00 18 59.81 +14 58 16.9          20.5 Rm     918
     T0000E   C2005 08 30.29642 00 18 59.73 +14 58 11.0          19.0 Rm     918
     T0000E   C2005 08 30.34205 00 18 59.71 +14 57 50.4          20.6 Rm     918
     T0000E   C2007 05 18.20530 13 14 28.34 +09 13 31.1          20.6 Rm     H51
     T0000E   C2007 05 18.22847 13 14 27.80 +09 13 20.0          20.0 Rm     H51
     T0000E   C2007 05 18.25108 13 14 27.18 +09 13 09.3          20.8 Rm     H51
     T0000E * C2013 12 21.30347 05 43 13.04 +14 56 39.0          18.2 Rc     W96
     T0000E   C2013 12 21.30445 05 43 12.85 +14 56 35.2          18.1 Rc     W96
     T0000E   C2013 12 21.30543 05 43 12.67 +14 56 31.8          17.9 Rc     W96


     T0000E   C2013 12 21.30543 05 43 12.67 +14 56 31.8          17.9 Rc     W96
