     T0002C   C2001 01 30.02546 07 37 44.76 -26 05 29.8          16.2 V      306
     T0002C   C2001 01 30.02765 07 37 44.52 -26 05 30.7          17.1 V      306
     T0002C   C2004 02 17.82725 04 48 28.77 +21 39 02.6          20.4 Rr     A41
     T0002C   C2004 02 17.84648 04 48 37.30 +21 38 34.1          20.1 Rr     A41
     T0002C   C2004 02 17.86506 04 48 45.48 +21 38 08.3          18.9 Rr     A41
     T0002C * C2010 12 04.98749 00 52 49.90 +05 18 10.9          17.8 Rm     I28
     T0002C   C2010 12 04.99182 00 52 46.81 +05 18 16.6          17.5 Rm     I28
     T0002C   C2010 12 04.99398 00 52 54.06 +05 17 30.8          18.0 Rm     I28


     T0002C   C2010 12 04.99398 00 52 54.06 +05 17 30.8          18.0 Rm     I28
