     T0002E   C2001 01 30.02546 07 38 03.76 -25 58 38.2          16.4 V      306
     T0002E   C2001 01 30.02765 07 38 03.54 -25 58 37.8          18.1 V      306
     T0002E   C2001 01 30.11816 07 37 56.11 -25 58 50.7          17.6 V      306
     T0002E * C2010 12 05.00285 01 05 03.86 +06 33 11.3          18.6 Rm     I28
     T0002E   C2010 12 05.00716 01 05 03.87 +06 33 01.7          18.6 Rm     I28
     T0002E * C2011 11 02.03516 01 06 18.24 +19 10 56.9          19.2 Vc     I28
     T0002E   C2011 11 02.04110 01 06 18.16 +19 10 54.2          19.1 Vc     I28
     T0002E   C2011 11 02.04711 01 06 18.31 +19 10 51.5          18.4 Vc     I28


     T0002E   C2011 11 02.04711 01 06 18.31 +19 10 51.5          18.4 Vc     I28
