     S00067   C2004 06 20.25087 14 54 41.15 -11 14 50.6          20.2 Rc     701
     S00067   C2004 06 20.27897 14 54 40.98 -11 14 49.6          20.6 Rc     701
     S00067  KC2018 09 30.97095 01 31 04.53 +17 22 17.5          20.4 RV     118
     S00067  KC2018 09 30.99667 01 31 03.30 +17 22 13.3          19.8 RV     118
     S00067  KC2018 10 01.02239 01 31 02.11 +17 22 09.1          19.6 RV     118
     S00067  KC2018 10 01.04811 01 31 00.95 +17 22 05.7          19.8 RV     118
     S00067  KC2018 10 01.07871 01 30 59.58 +17 22 00.8          19.9 RV     118


     S00067  KC2018 10 01.07871 01 30 59.58 +17 22 00.8          19.9 RV     118
     ZTAD2DE  C2018 10 05.41425 01 27 38.91 +17 27 07.5          21.4 GV     G96
     ZTAD2DE  C2018 10 05.41938 01 27 38.64 +17 27 06.6          21.2 GV     G96
     ZTAD2DE  C2018 10 05.42450 01 27 38.39 +17 27 06.3          20.8 GV     G96
     ZTAD2DE  C2018 10 05.42963 01 27 38.16 +17 27 06.0          21.4 GV     G96
