     /2871    C2021 06 28.00954 15 30 07.35 -13 09 56.0          17.3 Rq     807
     /2871    C2021 06 28.02488 15 30 09.19 -13 10 07.5          17.3 Rq     807
     /2871    C2021 06 28.03975 15 30 11.08 -13 10 21.7          17.1 Rq     807
     /2871    C2021 06 29.13933 15 32 45.84 -13 29 34.9          17.2 Rq     I18
     /2871    C2021 06 29.15367 15 32 47.49 -13 29 53.1          17.6 Rq     I18
     /2871    C2021 06 29.17016 15 32 49.55 -13 30 07.9          17.1 Rq     I18
     /2871   KC2021 07 05.08091 15 49 12.97 -15 17 40.5          16.7 Rq     W38
     /2871   KC2021 07 05.09426 15 49 15.29 -15 17 54.2          17.1 Rq     W38
     /2871   KC2021 07 05.10763 15 49 17.41 -15 18 12.0          17.0 Rq     W38
     /2871   KC2021 07 14.10103 16 21 50.21 -18 21 52.5          17.4 Rq     807
     /2871   KC2021 07 14.10226 16 22 00.15 -18 23 00.9          17.7 Rq     807
     /2871   KC2021 07 14.10315 16 21 50.63 -18 21 54.7          17.6 Rq     807
     /2871    C2021 07 16.00304 16 29 53.56 -19 01 39.1          17.5 Rq     807
     /2871    C2021 07 16.01810 16 29 57.12 -19 01 58.2          17.4 Rq     807
     /2871    C2021 07 16.03221 16 30 00.67 -19 01 16.0          17.5 Rq     807
     /2871    C2021 07 18.10131 16 38 44.95 -19 43 06.0          16.6 Vq     807
     /2871    C2021 07 18.11515 16 38 48.83 -19 43 25.6          16.7 Vq     807
     /2871    C2021 07 18.12856 16 38 51.81 -19 43 40.3          16.8 Vq     807
     /2871    C2021 08 17.39096 19 09 31.88 -24 52 07.4          19.3 GV     Q70
     /2871    C2021 08 17.39188 19 09 32.06 -24 52 08.1          19.6 GV     Q70
     /2871    C2021 08 17.39314 19 09 32.40 -24 52 07.6          20.1 GV     Q70
     /2871    C2021 08 17.40286 19 09 24.33 -24 49 58.8          20.1 GV     Q70


     /2871    C2021 08 17.40286 19 09 24.33 -24 49 58.8          20.1 GV     Q70
