     XW9AFBE* C2016 11 20.35381 02 09 17.41 +38 42 45.3          20.7 Vq     G96
     XW9AFBE  C2016 11 20.36437 02 09 17.34 +38 42 35.7          19.7 Vq     G96
     XW9AFBE  C2016 11 20.36960 02 09 17.28 +38 42 33.4          19.7 Vq     G96
     XW9AFBE* C2016 11 22.87073 02 09 09.09 +38 13 10.8          20.8 VS     033
     XW9AFBE  C2016 11 22.87310 02 09 09.13 +38 13 08.7          20.4 VS     033
     XW9AFBE  C2016 11 22.87546 02 09 09.23 +38 13 07.8          20.3 VS     033
     XW9AFBE* C2016 11 28.83425 02 09 27.19 +37 02 36.4          20.8 VS     033
     XW9AFBE  C2016 11 28.83662 02 09 27.22 +37 02 34.5          20.9 VS     033
     XW9AFBE  C2016 11 28.83898 02 09 27.25 +37 02 33.2          21.5 VS     033
     XW9AFBE* C2016 11 29.70355 02 09 23.94 +36 53 44.0          21.2 VS     033
     XW9AFBE  C2016 11 29.70591 02 09 23.87 +36 53 41.7          21.5 VS     033
     XW9AFBE  C2016 11 29.70829 02 09 23.85 +36 53 39.0          21.4 VS     033
     XW9AFBE  C2016 11 29.71065 02 09 23.81 +36 53 36.9          21.0 VS     033


     XW9AFBE  C2016 11 29.71065 02 09 23.81 +36 53 36.9          21.0 VS     033
     XXB2F86* C2016 12 05.27121 02 05 34.54 +35 53 25.5          21.8 Vq     G96
     XXB2F86  C2016 12 05.28165 02 05 34.30 +35 53 12.9          22.5 Vq     G96
     XXB2F86  C2016 12 05.29143 02 05 34.05 +35 53 00.9          21.5 Vq     G96
     XXB2F86  C2016 12 05.30151 02 05 33.87 +35 52 48.9          20.9 Vq     G96
