     X3       C1998 08 23.07220 22 12 52.94 -15 58 47.0          18.7 V      071
     X3       C1998 08 23.07455 22 12 52.36 -15 58 49.3          19.1 V      071
     X3       C1998 08 23.07573 22 12 51.94 -15 58 50.8          18.7 V      071
     X3       C1998 08 23.07691 22 12 51.58 -15 58 51.9          19.1 V      071
     X3       C1998 08 23.07809 22 12 51.17 -15 58 53.6          18.4 V      071
     X3       C1998 08 23.07927 22 12 50.70 -15 58 55.6          18.8 V      071
     X3       C1998 08 23.08045 22 12 50.65 -15 58 57.0          18.9 V      071
     X3       C1998 08 23.08162 22 12 50.25 -15 58 58.5          18.4 V      071
     X3       C1998 09 26.11323 23 20 33.79 +41 49 10.2          18.8 V      071
     X3       C1998 09 26.11441 23 20 33.39 +41 49 10.0          17.8 V      071
     X3       C1998 09 26.11559 23 20 32.83 +41 49 09.8          17.7 V      071
     X3       C1998 09 26.11678 23 20 32.54 +41 49 09.1          18.1 V      071
     X3       C1998 09 26.11796 23 20 31.84 +41 49 08.6          18.1 V      071
     X3       C1998 09 26.11916 23 20 31.23 +41 49 07.8          18.0 V      071
     X3       C1998 09 26.12035 23 20 30.83 +41 49 07.4          18.1 V      071
     X3       C1998 10 19.98022 03 14 18.76 +33 51 52.4          19.1 V      071
     X3       C1998 10 19.98213 03 14 19.13 +33 51 52.4          19.5 V      071
     X3       C1998 10 19.98404 03 14 19.54 +33 51 52.3          19.8 V      071
     X3       C1998 10 19.98595 03 14 19.98 +33 51 52.3          19.6 V      071
     X3       C1998 10 19.98786 03 14 20.38 +33 51 52.5          19.6 V      071
     X3       C1998 10 19.98977 03 14 20.60 +33 51 52.5          19.4 V      071
     X3       C1998 10 19.99169 03 14 21.03 +33 51 52.4          19.4 V      071
     X3       C1998 10 19.99360 03 14 21.23 +33 51 52.2          19.4 V      071
     X3       C1998 10 19.99551 03 14 21.55 +33 51 52.3          19.2 V      071


     X1       C1998 10 19.99551 03 14 38.87 +33 49 00.0          19.2 V      071
     X3       C1998 10 19.99551 03 14 21.55 +33 51 52.3          19.2 V      071
     X1A      C1998 10 23.08552 03 23 26.96 +33 49 16.1          19.1 V      071
     X1A      C1998 10 23.08743 03 23 27.55 +33 49 16.7          19.2 V      071
     X1A      C1998 10 23.08934 03 23 28.19 +33 49 16.8          19.3 V      071
     X1B      C1998 10 24.00751 03 26 35.99 +33 50 37.1          17.0 V      071
     X1B      C1998 10 24.00942 03 26 36.43 +33 50 36.3          18.3 V      071
     X1B      C1998 10 24.01133 03 26 36.62 +33 50 37.3          18.4 V      071
     X1A      C1998 10 23.08552 03 23 26.96 +33 49 16.1          19.1 V      071
     X1A      C1998 10 23.08743 03 23 27.55 +33 49 16.7          19.2 V      071
     X1A      C1998 10 23.08934 03 23 28.19 +33 49 16.8          19.3 V      071
     X1B      C1998 10 24.00751 03 26 35.99 +33 50 37.1          17.0 V      071
     X1B      C1998 10 24.00942 03 26 36.43 +33 50 36.3          18.3 V      071
     X1B      C1998 10 24.01133 03 26 36.62 +33 50 37.3          18.4 V      071
