     X4        1998 06 27.95069 19 45 43.79 -09 12 16.6                      071
     X4        1998 06 28.00833 19 45 42.49 -09 12 06.4                      071
     X4        1998 07 23.88750 21 25 05.67 -17 11 28.7                      071
     X4        1998 07 23.94792 21 25 09.55 -17 07 22.6                      071
     X4        1998 08 22.99343 21 05 41.76 -14 57 31.4          18.8 V      071
     X4        1998 08 22.99461 21 05 41.63 -14 57 31.8          18.6 V      071
     X4        1998 08 22.99579 21 05 41.25 -14 57 32.4          18.9 V      071
     X4        1998 08 22.99696 21 05 40.90 -14 57 32.8          18.7 V      071
     X4        1998 08 22.99814 21 05 40.85 -14 57 33.7          18.2 V      071
     X4        1998 08 22.99932 21 05 40.46 -14 57 33.6          18.6 V      071
     X4        1998 08 23.00050 21 05 40.08 -14 57 34.4          19.0 V      071
     X4        1998 08 23.00168 21 05 39.85 -14 57 35.0          18.6 V      071
     X4        1998 08 23.00286 21 05 39.50 -14 57 35.6          18.7 V      071
     X4        1998 08 23.00404 21 05 39.28 -14 57 36.5          18.4 V      071
     X4       C1998 08 23.07220 22 12 40.82 -15 50 36.9          18.2 V      071
     X4       C1998 08 23.07337 22 12 40.52 -15 50 38.2          18.4 V      071
     X4       C1998 08 23.07455 22 12 40.23 -15 50 39.4          18.5 V      071
     X4       C1998 08 23.07573 22 12 39.81 -15 50 40.8          18.5 V      071
     X4       C1998 08 23.07691 22 12 39.47 -15 50 41.8          18.8 V      071
     X4       C1998 08 23.07809 22 12 39.05 -15 50 43.4          18.4 V      071
     X4       C1998 09 26.11323 23 19 49.59 +41 57 28.4          18.4 V      071
     X4       C1998 09 26.11441 23 19 49.20 +41 57 28.2          18.2 V      071
     X4       C1998 09 26.11559 23 19 48.64 +41 57 27.6          18.1 V      071
     X4       C1998 09 26.11678 23 19 48.35 +41 57 27.1          18.5 V      071
     X4       C1998 09 26.11796 23 19 47.65 +41 57 26.4          18.6 V      071
     X4       C1998 09 26.11916 23 19 47.03 +41 57 25.8          18.7 V      071
     X4       C1998 09 26.12035 23 19 46.63 +41 57 25.2          18.5 V      071
     X4       C1998 10 19.95148 00 49 49.29 +08 52 58.2          18.3 V      071
     X4       C1998 10 19.95266 00 49 49.50 +08 52 57.9          18.7 V      071
     X4       C1998 10 19.95384 00 49 49.84 +08 52 57.7          18.8 V      071
     X4       C1998 10 19.95620 00 49 50.30 +08 52 57.6          18.5 V      071
     X4       C1998 10 19.95738 00 49 50.60 +08 52 57.6          18.9 V      071
     X4       C1998 10 19.95856 00 49 50.69 +08 52 57.7          18.4 V      071


     X4       C1998 10 19.95856 00 49 50.69 +08 52 57.7          18.4 V      071
     X4A      C1998 10 23.87631 00 49 56.14 +08 47 56.4          20.3 R      071
     X4A      C1998 10 23.87822 00 49 56.23 +08 47 56.5          19.9 R      071
     X4A      C1998 10 23.88014 00 49 56.24 +08 47 56.3          19.6 R      071
     X4A      C1998 10 23.88205 00 49 56.51 +08 47 55.8          20.0 R      071
     X4A      C1998 10 23.87631 00 49 56.14 +08 47 56.4          20.3 R      071
     X4A      C1998 10 23.87822 00 49 56.23 +08 47 56.5          19.9 R      071
     X4A      C1998 10 23.88014 00 49 56.24 +08 47 56.3          19.6 R      071
     X4A      C1998 10 23.88205 00 49 56.51 +08 47 55.8          20.0 R      071
     X4A      C1998 10 23.87631 00 49 56.14 +08 47 56.4          20.3 R      071
     X4A      C1998 10 23.87822 00 49 56.23 +08 47 56.5          19.9 R      071
     X4A      C1998 10 23.88014 00 49 56.24 +08 47 56.3          19.6 R      071
     X4A      C1998 10 23.88205 00 49 56.51 +08 47 55.8          20.0 R      071
