     X         1993 03 21.45278 11 42 56.5  -11 55 52                        568
     X         1993 03 21.48472 11 42 53.3  -11 55 26                        568
     X       #C1994 03 12.17432 07 41 54.85 +16 45 50.2          20   V      950
     X       #C1994 03 12.18870 07 41 54.54 +16 45 50.1                      950
     X       #C1994 03 12.20343 07 41 54.15 +16 45 50.4                      950
     X       #C1994 03 12.21917 07 41 53.77 +16 45 50.4                      950
     X       #C1994 03 12.23390 07 41 53.39 +16 45 50.7                      950
     X       #C1994 03 12.24439 07 41 53.11 +16 45 50.7                      950
     X        C1994 11 30.81845 04 23 10.5  +19 50 59.7          19.2 R      493
     X        C1994 11 30.87422 04 23 07.0  +19 51 01.0                      493
     X        C1994 11 30.93066 04 23 03.5  +19 51 02.0                      493
     X        C1994 11 30.98294 04 23 00.1  +19 51 02.8                      493
     X        C1995 01 02.36310 02 13 17.24 +27 54 54.7          23   R      568
     X        C1995 01 02.37109 02 13 17.38 +27 54 55.3                      568
     X        C1995 01 02.37918 02 13 17.48 +27 54 56.2                      568
     X        C1995 01 02.38735 02 13 17.57 +27 54 57.5                      568


     X        C1995 01 02.38735 02 13 17.57 +27 54 57.5                      568
