     X1     * C1994 12 01.04732 04 22 56.2  +19 51 03.5                      493
     X1       C1994 12 01.11220 04 22 52.1  +19 51 03.8                      493
     X1        1998 08 22.99343 21 05 57.09 -14 48 38.0          16.5 V      071
     X1        1998 08 22.99461 21 05 56.94 -14 48 38.6                      071
     X1        1998 08 22.99579 21 05 56.56 -14 48 39.1                      071
     X1        1998 08 22.99696 21 05 56.23 -14 48 39.6                      071
     X1        1998 08 22.99814 21 05 56.17 -14 48 40.2                      071
     X1        1998 08 22.99932 21 05 55.78 -14 48 40.1                      071
     X1        1998 08 23.00050 21 05 55.39 -14 48 41.3                      071
     X1        1998 08 23.00168 21 05 55.18 -14 48 41.8                      071
     X1        1998 08 23.00286 21 05 54.83 -14 48 42.4                      071
     X1        1998 08 23.00404 21 05 54.59 -14 48 43.2                      071
     X1       C1998 09 26.11323 23 19 55.95 +41 58 46.3          17.7 V      071
     X1       C1998 09 26.11441 23 19 55.58 +41 58 46.0          17.5 V      071
     X1       C1998 09 26.11559 23 19 55.00 +41 58 45.5          17.4 V      071
     X1       C1998 09 26.11678 23 19 54.71 +41 58 44.9          17.7 V      071
     X1       C1998 09 26.11796 23 19 54.01 +41 58 44.4          17.8 V      071
     X1       C1998 09 26.11916 23 19 53.40 +41 58 43.7          17.6 V      071
     X1       C1998 09 26.12035 23 19 52.99 +41 58 43.1          17.6 V      071
     X1       C1998 10 19.98022 03 14 36.09 +33 49 00.0          19.3 V      071
     X1       C1998 10 19.98213 03 14 36.46 +33 49 00.0          19.0 V      071
     X1       C1998 10 19.98404 03 14 36.87 +33 48 59.9          19.3 V      071
     X1       C1998 10 19.98595 03 14 37.31 +33 49 00.0          19.1 V      071
     X1       C1998 10 19.98786 03 14 37.71 +33 49 00.1          19.3 V      071
     X1       C1998 10 19.98977 03 14 37.93 +33 49 00.1          19.2 V      071
     X1       C1998 10 19.99169 03 14 38.35 +33 49 00.0          19.2 V      071
     X1       C1998 10 19.99360 03 14 38.56 +33 48 59.8          19.1 V      071
     X1       C1998 10 19.99551 03 14 38.87 +33 49 00.0          19.2 V      071
     X1      2C2000 03 08.03315 10 57 19.96 +06 14 51.1          18.9 V      071
     X1      2C2000 03 08.03940 10 57 19.91 +06 14 51.7          19.6 V      071
     X1      2C2000 03 08.04557 10 57 19.69 +06 14 53.6          19.0 V      071
     X1       C2000 08 24.81397 00 06 20.73 +10 52 48.0          18.8 R      097
     X1       C2000 08 24.83065 00 06 20.41 +10 52 45.5          19.0 R      097
     X1       C2000 08 24.89196 00 06 19.15 +10 52 36.6          18.9 R      097
     X1       C2000 08 24.96381 00 06 17.64 +10 52 26.1          18.8 R      097


     X1       C2000 08 24.96381 00 06 17.64 +10 52 26.1          18.8 R      097
